x y z nx ny nz
6.455594897270202637e-01 3.156135082244873047e-01 1.593683212995529175e-01 -1.280800066888332367e-02 -1.537485863082110882e-03 3.509600879624485970e-03 1.951547583864665994e-02 2.295230658389023903e-01 -9.731075523541589112e-01
6.448313593864440918e-01 3.156014680862426758e-01 1.596270352602005005e-01 -1.631774008274078369e-02 1.055605709552764893e-03 6.838792469352483749e-03 1.951547583864665994e-02 2.295230658389023903e-01 -9.731075523541589112e-01
6.439692378044128418e-01 3.158502578735351562e-01 1.600391864776611328e-01 -1.816736720502376556e-02 8.895675651729106903e-03 9.646994993090629578e-03 3.965968648526720791e-02 2.524907463426076526e-01 -9.667861874671375144e-01
6.430604457855224609e-01 3.165512681007385254e-01 1.605672389268875122e-01 -1.818476431071758270e-02 1.914513483643531799e-02 1.147509645670652390e-02 3.486684175498900445e-02 2.387984493333228653e-01 -9.704429936580678540e-01
6.421940922737121582e-01 3.177641928195953369e-01 1.611554920673370361e-01 -1.646939106285572052e-02 2.937130630016326904e-02 1.205492019653320312e-02 3.486684175498900445e-02 2.387984493333228653e-01 -9.704429936580678540e-01
6.414484977722167969e-01 3.194425404071807861e-01 1.617415249347686768e-01 -1.335327234119176865e-02 3.776256367564201355e-02 1.138631999492645264e-02 3.983910608314816110e-02 2.368470303540799460e-01 -9.707297923917598270e-01
6.408812999725341797e-01 3.214691877365112305e-01 1.622687727212905884e-01 -9.333712048828601837e-03 4.330302402377128601e-02 9.703520685434341431e-03 8.206552506890417431e-02 2.042632072459543979e-01 -9.754700363203172575e-01
6.405237317085266113e-01 3.236970901489257812e-01 1.626959443092346191e-01 -4.969725850969552994e-03 4.581280052661895752e-02 7.383557502180337906e-03 1.372629731598801472e-01 7.540773432306477342e-02 -9.876601388137378201e-01
6.403811573982238770e-01 3.259858191013336182e-01 1.630008816719055176e-01 -7.327524945139884949e-04 4.573626443743705750e-02 4.814070649445056915e-03 1.372629731598801472e-01 7.540773432306477342e-02 -9.876601388137378201e-01
6.404398083686828613e-01 3.282257914543151855e-01 1.631786376237869263e-01 3.077932633459568024e-03 4.386245086789131165e-02 2.295969519764184952e-03 1.479038772117457767e-01 1.833890237291729147e-02 -9.888316984014465794e-01
6.406748890876770020e-01 3.303497731685638428e-01 1.632362902164459229e-01 6.324380636215209961e-03 4.109723493456840515e-02 1.041460200212895870e-05 1.473224266355302736e-01 -2.207225225992291012e-02 -9.888422110166986689e-01
6.410573720932006836e-01 3.323335349559783936e-01 1.631874591112136841e-01 8.974219672381877899e-03 3.825363889336585999e-02 -1.963581424206495285e-03 1.473224266355302736e-01 -2.207225225992291012e-02 -9.888422110166986689e-01
6.415570974349975586e-01 3.341891467571258545e-01 1.630476415157318115e-01 1.101419143378734589e-02 3.597102686762809753e-02 -3.629339858889579773e-03 1.140122182018215719e-01 -6.783884524680515449e-02 -9.911604840661679683e-01
6.421421766281127930e-01 3.359550535678863525e-01 1.628307551145553589e-01 1.238779816776514053e-02 3.466556221246719360e-02 -5.045890808105468750e-03 6.844568091211448990e-02 -1.062024148572644350e-01 -9.919860058695195715e-01
6.427760124206542969e-01 3.376844823360443115e-01 1.625483781099319458e-01 1.296589430421590805e-02 3.451100364327430725e-02 -6.249388679862022400e-03 6.027931520554644096e-02 -1.207110344464783075e-01 -9.908558171193281305e-01
6.434144973754882812e-01 3.394336402416229248e-01 1.622114181518554688e-01 1.257406454533338547e-02 3.545509278774261475e-02 -7.228734437376260757e-03 6.027931520554644096e-02 -1.207110344464783075e-01 -9.908558171193281305e-01
6.440048217773437500e-01 3.412511944770812988e-01 1.618317514657974243e-01 1.103988662362098694e-02 3.724692761898040771e-02 -7.957896217703819275e-03 1.125028313466542272e-02 -1.579418930200538751e-01 -9.873843170501704902e-01
6.444867849349975586e-01 3.431692123413085938e-01 1.614220589399337769e-01 8.238935843110084534e-03 3.947391733527183533e-02 -8.429660461843013763e-03 1.125028313466086560e-02 -1.579418930200414684e-01 -9.873843170501725997e-01
6.447961330413818359e-01 3.451966047286987305e-01 1.609953790903091431e-01 4.134638700634241104e-03 4.162227734923362732e-02 -8.637677878141403198e-03 -1.752240163523439975e-02 -1.726804867175849578e-01 -9.848220219643302187e-01
6.448696851730346680e-01 3.473161756992340088e-01 1.605664789676666260e-01 -1.193744712509214878e-03 4.316098242998123169e-02 -8.518368937075138092e-03 -1.752240163523439975e-02 -1.726804867175849578e-01 -9.848220219643302187e-01
6.446512937545776367e-01 3.494856953620910645e-01 1.601542979478836060e-01 -7.542820647358894348e-03 4.362013190984725952e-02 -7.969156838953495026e-03 -5.288221201469950339e-02 -1.721586933655161744e-01 -9.836487462245404600e-01
6.440979838371276855e-01 3.516425490379333496e-01 1.597813963890075684e-01 -1.458994857966899872e-02 4.265439882874488831e-02 -6.946743000298738480e-03 -5.288221201469950339e-02 -1.721586933655161744e-01 -9.836487462245404600e-01
6.431850790977478027e-01 3.537114560604095459e-01 1.594701707363128662e-01 -2.192618511617183685e-02 4.010148346424102783e-02 -5.502301733940839767e-03 -8.106432413749423138e-02 -1.751707579385322622e-01 -9.811950779092663000e-01
6.419091820716857910e-01 3.556145429611206055e-01 1.592393070459365845e-01 -2.911078929901123047e-02 3.602208569645881653e-02 -3.732469398528337479e-03 -8.106432414050845914e-02 -1.751707579393182446e-01 -9.811950779088770558e-01
6.402879357337951660e-01 3.572823405265808105e-01 1.591013669967651367e-01 -3.573803231120109558e-02 3.068972192704677582e-02 -1.785206841304898262e-03 -8.600638142572238076e-02 -1.708911652894866684e-01 -9.815289664488024979e-01
6.383569240570068359e-01 3.586630225181579590e-01 1.590601503849029541e-01 -4.150313884019851685e-02 2.453749813139438629e-02 1.362794864689931273e-04 -8.600638142572238076e-02 -1.708911652894866684e-01 -9.815289664488024979e-01
6.361632943153381348e-01 3.597284853458404541e-01 1.591085493564605713e-01 -4.624127969145774841e-02 1.808055490255355835e-02 1.799777033738791943e-03 -9.232312499981081000e-02 -1.520049987778765987e-01 -9.840583930513508992e-01
6.337589621543884277e-01 3.604764044284820557e-01 1.592295467853546143e-01 -4.993247240781784058e-02 1.183597743511199951e-02 3.040334675461053848e-03 -9.232312499981081000e-02 -1.520049987778765987e-01 -9.840583930513508992e-01
6.311938762664794922e-01 3.609283566474914551e-01 1.594007909297943115e-01 -5.266978591680526733e-02 6.242352537810802460e-03 3.809651127085089684e-03 -9.155888023623399985e-02 -1.420841490373991323e-01 -9.856110115254420601e-01
6.285119652748107910e-01 3.611243367195129395e-01 1.595995575189590454e-01 -5.460549518465995789e-02 1.596647198311984539e-03 4.141280893236398697e-03 -7.359371587473811926e-02 -1.253419130992801667e-01 -9.893802958429891437e-01
6.257495284080505371e-01 3.611152768135070801e-01 1.598062366247177124e-01 -5.589255690574645996e-02 -1.959218876436352730e-03 4.125603940337896347e-03 -7.359371587473811926e-02 -1.253419130992801667e-01 -9.893802958429891437e-01
6.229358911514282227e-01 3.609559237957000732e-01 1.600063592195510864e-01 -5.665376782417297363e-02 -4.414547700434923172e-03 3.879210213199257851e-03 -4.867989299535105396e-02 -1.117033257272729424e-01 -9.925485555061918097e-01
6.200948953628540039e-01 3.606992661952972412e-01 1.601913273334503174e-01 -5.698486417531967163e-02 -5.851924885064363480e-03 3.519572550430893898e-03 -3.726636429007187945e-02 -1.038062646314549392e-01 -9.938991284400364723e-01
6.172457933425903320e-01 3.603924810886383057e-01 1.603577286005020142e-01 -5.697935074567794800e-02 -6.419558543711900711e-03 3.136438317596912384e-03 -3.726636429007187945e-02 -1.038062646314549392e-01 -9.938991284400364723e-01
6.144028306007385254e-01 3.600737154483795166e-01 1.605057418346405029e-01 -5.673909559845924377e-02 -6.331368815153837204e-03 2.784353215247392654e-03 -2.537137499144651379e-02 -8.546254068058506403e-02 -9.960182967543632637e-01
6.115760207176208496e-01 3.597683310508728027e-01 1.606389582157135010e-01 -5.633285641670227051e-02 -5.884294863790273666e-03 2.544126007705926895e-03 -2.566209818196106204e-02 -8.683858955288679959e-02 -9.958918194660324463e-01
6.087752580642700195e-01 3.594842255115509033e-01 1.607647538185119629e-01 -5.569852516055107117e-02 -5.480344407260417938e-03 2.487503457814455032e-03 -2.566209818196106204e-02 -8.683858955288679959e-02 -9.958918194660324463e-01
6.060190200805664062e-01 3.592068254947662354e-01 1.608907878398895264e-01 -5.455104634165763855e-02 -5.616185721009969711e-03 2.553648548200726509e-03 -3.347340038048363803e-02 -5.810553614179607418e-02 -9.977491058049825501e-01
6.033458709716796875e-01 3.588967323303222656e-01 1.610215455293655396e-01 -5.237536877393722534e-02 -6.787768099457025528e-03 2.676516771316528320e-03 -3.755137869973724368e-02 -4.764429713128510990e-02 -9.981582614528694553e-01
6.008225083351135254e-01 3.584933280944824219e-01 1.611596047878265381e-01 -4.855989664793014526e-02 -9.348769672214984894e-03 2.845955546945333481e-03 -3.380549436920857187e-02 -6.462188377275744633e-02 -9.973370547042327283e-01
5.985428094863891602e-01 3.579251766204833984e-01 1.613060832023620605e-01 -4.262879118323326111e-02 -1.337755564600229263e-02 3.013263922184705734e-03 -2.895207202261342039e-02 -5.664632136580686345e-02 -9.979744344417441626e-01
5.966158509254455566e-01 3.571259677410125732e-01 1.614584028720855713e-01 -3.444881737232208252e-02 -1.859109103679656982e-02 3.079439280554652214e-03 -2.895207202261342039e-02 -5.664632136580686345e-02 -9.979744344417441626e-01
5.951470136642456055e-01 3.560523390769958496e-01 1.616081446409225464e-01 -2.430496923625469208e-02 -2.435420639812946320e-02 2.910520881414413452e-03 -2.569297463373980753e-02 -4.708347763590869234e-02 -9.985604724733393445e-01
5.942187309265136719e-01 3.546986281871795654e-01 1.617422699928283691e-01 -1.282584667205810547e-02 -2.979434281587600708e-02 2.454653149470686913e-03 -2.569297463373980753e-02 -4.708347763590869234e-02 -9.985604724733393445e-01
5.938773155212402344e-01 3.531035780906677246e-01 1.618478596210479736e-01 -8.310808916576206684e-04 -3.400782123208045959e-02 1.769050722941756248e-03 -2.786480774544290717e-02 -2.581518558716399195e-02 -9.992783039175873183e-01
5.941269397735595703e-01 3.513461947441101074e-01 1.619149148464202881e-01 1.081552263349294662e-02 -3.628791123628616333e-02 9.132091072387993336e-04 -2.786480774544290717e-02 -2.581518558716399195e-02 -9.992783039175873183e-01
5.949300527572631836e-01 3.495319187641143799e-01 1.619356572628021240e-01 2.130935713648796082e-02 -3.628349676728248596e-02 -8.331632125191390514e-05 -1.937544898123660236e-02 3.424893239958300226e-03 -9.998064123024369421e-01
5.962120890617370605e-01 3.477740585803985596e-01 1.619045734405517578e-01 2.997234091162681580e-02 -3.403060510754585266e-02 -1.159784733317792416e-03 -1.937544898123660236e-02 3.424893239958300226e-03 -9.998064123024369421e-01
5.978689193725585938e-01 3.461765348911285400e-01 1.618213504552841187e-01 3.630147129297256470e-02 -2.986984513700008392e-02 -2.168930368497967720e-03 -3.187209582695618021e-02 3.321777872433221562e-02 -9.989398123421744380e-01
5.997768044471740723e-01 3.448220193386077881e-01 1.616934388875961304e-01 4.001397266983985901e-02 -2.431066893041133881e-02 -2.947336761280894279e-03 -3.187209582695618021e-02 3.321777872433221562e-02 -9.989398123421744380e-01
6.018046736717224121e-01 3.437666296958923340e-01 1.615355312824249268e-01 4.110046103596687317e-02 -1.790448464453220367e-02 -3.369090147316455841e-03 -6.855263351816365258e-02 6.693451083294413295e-02 -9.953995718781872837e-01
6.038283705711364746e-01 3.430398702621459961e-01 1.613673865795135498e-01 3.984853625297546387e-02 -1.116542704403400421e-02 -3.356871427968144417e-03 -7.361142287784132321e-02 6.885733578015033884e-02 -9.949070437629633501e-01
6.057450175285339355e-01 3.426473736763000488e-01 1.612110435962677002e-01 3.681659698486328125e-02 -4.534785635769367218e-03 -2.896566642448306084e-03 -7.361142287784132321e-02 6.885733578015033884e-02 -9.949070437629633501e-01
6.074844002723693848e-01 3.425745666027069092e-01 1.610871851444244385e-01 3.275898471474647522e-02 1.622757408767938614e-03 -2.057687379419803619e-03 -5.757667685160269139e-02 7.720205392187783067e-02 -9.953515806743713501e-01
6.090158820152282715e-01 3.427905142307281494e-01 1.610112339258193970e-01 2.850022912025451660e-02 7.015035953372716904e-03 -9.801639243960380554e-04 -5.757667685160269139e-02 7.720205392187783067e-02 -9.953515806743713501e-01
6.103481650352478027e-01 3.432511985301971436e-01 1.609906256198883057e-01 2.479125559329986572e-02 1.141219399869441986e-02 1.559226075187325478e-04 -1.968805652490857906e-04 8.959987499584971815e-02 -9.959778228639284414e-01
6.115226149559020996e-01 3.439024984836578369e-01 1.610236316919326782e-01 2.218642458319664001e-02 1.464028749614953995e-02 1.164291170425713062e-03 2.830604064606388401e-03 7.472449892446157704e-02 -9.972001990268140048e-01
6.126016974449157715e-01 3.446829915046691895e-01 1.611002683639526367e-01 2.097606100142002106e-02 1.657904498279094696e-02 1.901447423733770847e-03 6.357896571306573263e-03 8.226905811713042249e-02 -9.965898751370639852e-01
6.136554479598999023e-01 3.455266952514648438e-01 1.612047702074050903e-01 2.117491513490676880e-02 1.716887205839157104e-02 2.278857398778200150e-03 2.917245060641876671e-03 7.591901274576419445e-02 -9.971097197314668925e-01
6.147485971450805664e-01 3.463663756847381592e-01 1.613188236951828003e-01 2.255095914006233215e-02 1.641802862286567688e-02 2.283318433910608292e-03 2.917245060641876671e-03 7.591901274576419445e-02 -9.971097197314668925e-01
6.159296631813049316e-01 3.471369445323944092e-01 1.614255458116531372e-01 2.469210326671600342e-02 1.440528966486454010e-02 1.985794398933649063e-03 6.723620166227493172e-04 2.657965483217981581e-02 -9.996464724472949870e-01
6.172242164611816406e-01 3.477788865566253662e-01 1.615124791860580444e-01 2.708962932229042053e-02 1.127291563898324966e-02 1.491674920544028282e-03 6.723620166227493172e-04 2.657965483217981581e-02 -9.996464724472949870e-01
6.186318397521972656e-01 3.482407927513122559e-01 1.615723520517349243e-01 2.921561710536479950e-02 7.203529588878154755e-03 9.034376125782728195e-04 -1.045463596088835358e-02 1.070195626395471257e-02 -9.998880780952685843e-01
6.201269030570983887e-01 3.484808206558227539e-01 1.616025865077972412e-01 3.058628179132938385e-02 2.397431526333093643e-03 3.058660659007728100e-04 -1.045463596088835358e-02 1.070195626395471257e-02 -9.998880780952685843e-01
6.216620206832885742e-01 3.484672307968139648e-01 1.616039723157882690e-01 3.081880137324333191e-02 -2.940690377727150917e-03 -2.504051662981510162e-04 -2.768993900994143678e-02 -1.209910974657443967e-02 -9.995433351380849096e-01
6.231743693351745605e-01 3.481783270835876465e-01 1.615788787603378296e-01 2.967415936291217804e-02 -8.615287020802497864e-03 -7.530489237979054451e-04 -2.768993900994143678e-02 -1.209910974657443967e-02 -9.995433351380849096e-01
6.245930790901184082e-01 3.476017713546752930e-01 1.615296751260757446e-01 2.707435935735702515e-02 -1.444680243730545044e-02 -1.214995048940181732e-03 -1.044606772721990394e-02 2.090774445335393320e-02 -9.997268356350705876e-01
6.258476376533508301e-01 3.467343151569366455e-01 1.614579409360885620e-01 2.310757525265216827e-02 -2.025122568011283875e-02 -1.654170220717787743e-03 -1.044606772721990394e-02 2.090774445335393320e-02 -9.997268356350705876e-01
6.268752813339233398e-01 3.455819785594940186e-01 1.613647192716598511e-01 1.799765042960643768e-02 -2.584166079759597778e-02 -2.074851654469966888e-03 -1.352263405460823152e-02 -2.911157474590832586e-02 -9.994846945211510736e-01
6.276265978813171387e-01 3.441599011421203613e-01 1.612511277198791504e-01 1.205532252788543701e-02 -3.104114904999732971e-02 -2.468761056661605835e-03 2.108338513970023712e-02 2.469744249179267603e-02 -9.994726245392695496e-01
6.280691027641296387e-01 3.424922227859497070e-01 1.611184328794479370e-01 5.644582677632570267e-03 -3.566601499915122986e-02 -2.838878193870186806e-03 2.108338513970023712e-02 2.469744249179267603e-02 -9.994726245392695496e-01
6.281888484954833984e-01 3.406125307083129883e-01 1.609678268432617188e-01 -8.558920235373079777e-04 -3.952210396528244019e-02 -3.185608424246311188e-03 5.775623880534394572e-02 3.732570666693297429e-02 -9.976327021999999989e-01
6.279901266098022461e-01 3.385642468929290771e-01 1.608013808727264404e-01 -7.091958541423082352e-03 -4.240920767188072205e-02 -3.472153330221772194e-03 1.013141958014961014e-01 3.220423580955211057e-02 -9.943331036041285209e-01
6.274937987327575684e-01 3.364011943340301514e-01 1.606235653162002563e-01 -1.276135537773370743e-02 -4.411319643259048462e-02 -3.640240756794810295e-03 1.175946645939510565e-01 3.420589927138575903e-02 -9.924723932241500401e-01
6.267342567443847656e-01 3.341883420944213867e-01 1.604413241147994995e-01 -1.761971227824687958e-02 -4.440099745988845825e-02 -3.649505786597728729e-03 1.175946645939510565e-01 3.420589927138575903e-02 -9.924723932241500401e-01
6.257569193840026855e-01 3.320024013519287109e-01 1.602625846862792969e-01 -2.147316932678222656e-02 -4.303655773401260376e-02 -3.500173566862940788e-03 1.102650603154168157e-01 3.843213712907363883e-02 -9.931588932831088012e-01
6.246156096458435059e-01 3.299308419227600098e-01 1.600949913263320923e-01 -2.418018132448196411e-02 -3.982596844434738159e-02 -3.203667001798748970e-03 1.102650603154168157e-01 3.843213712907363883e-02 -9.931588932831088012e-01
6.233695149421691895e-01 3.280680179595947266e-01 1.599458009004592896e-01 -2.566241286695003510e-02 -3.468677774071693420e-02 -2.763778204098343849e-03 6.890205271411768695e-02 3.395230651212240158e-02 -9.970455094990839928e-01
6.220799088478088379e-01 3.265079557895660400e-01 1.598218381404876709e-01 -2.592070214450359344e-02 -2.771604619920253754e-02 -2.194778993725776672e-03 7.350317831557784398e-02 4.300915336306429526e-02 -9.963671489478668208e-01
6.208051443099975586e-01 3.253343701362609863e-01 1.597288399934768677e-01 -2.506899461150169373e-02 -1.922727376222610474e-02 -1.525239786133170128e-03 2.422031511175799009e-03 3.780614049932431303e-02 -9.992821571017387328e-01
6.195946335792541504e-01 3.246104121208190918e-01 1.596704423427581787e-01 -2.335069514811038971e-02 -9.731035679578781128e-03 -8.105987217277288437e-04 2.422031511175799009e-03 3.780614049932431303e-02 -9.992821571017387328e-01
6.184833049774169922e-01 3.243703246116638184e-01 1.596472412347793579e-01 -2.110256440937519073e-02 1.274902897421270609e-04 -1.174112694570794702e-04 1.488528840934887423e-02 2.456410368695981228e-02 -9.995874313920853904e-01
6.174877285957336426e-01 3.246144652366638184e-01 1.596569269895553589e-01 -1.871978305280208588e-02 9.638667106628417969e-03 5.049082101322710514e-04 -4.662900686249080162e-02 2.948513180789091165e-02 -9.984770216280839383e-01
6.166042685508728027e-01 3.253079056739807129e-01 1.596951186656951904e-01 -1.661930046975612640e-02 1.809918135404586792e-02 1.022523269057273865e-03 -4.662900686249080162e-02 2.948513180789091165e-02 -9.984770216280839383e-01
6.158089637756347656e-01 3.263825476169586182e-01 1.597564071416854858e-01 -1.519196853041648865e-02 2.488635480403900146e-02 1.428825547918677330e-03 -4.662900686249080162e-02 2.948513180789091165e-02 -9.984770216280839383e-01
6.150598526000976562e-01 3.277431130409240723e-01 1.598357260227203369e-01 -1.477298513054847717e-02 2.953630872070789337e-02 1.744192093610763550e-03 -5.284466344273912319e-02 3.337936174704285441e-02 -9.980447183132546973e-01
6.142998337745666504e-01 3.292767405509948730e-01 1.599296480417251587e-01 -1.562685519456863403e-02 3.180925548076629639e-02 2.012854442000389099e-03 -7.889657970915250895e-02 1.650787487220782210e-02 -9.967461160071809934e-01
6.134611964225769043e-01 3.308651745319366455e-01 1.600367575883865356e-01 -1.791811920702457428e-02 3.172861412167549133e-02 2.271622652187943459e-03 -5.923837720933259471e-02 2.602088349851770441e-02 -9.979046689366480871e-01
6.124711632728576660e-01 3.323975503444671631e-01 1.601569503545761108e-01 -2.168409340083599091e-02 2.956614829599857330e-02 2.535968087613582611e-03 -5.923837720933259471e-02 2.602088349851770441e-02 -9.979046689366480871e-01
6.112590432167053223e-01 3.337812125682830811e-01 1.602906286716461182e-01 -2.680055797100067139e-02 2.578090503811836243e-02 2.811201848089694977e-03 -7.462896229144633242e-02 7.643745874257577323e-03 -9.971820752171147717e-01
6.097655296325683594e-01 3.349494934082031250e-01 1.604377180337905884e-01 -3.294017165899276733e-02 2.094982750713825226e-02 3.072312101721763611e-03 -7.462896229144633242e-02 7.643745874257577323e-03 -9.971820752171147717e-01
6.079525947570800781e-01 3.358657956123352051e-01 1.605962663888931274e-01 -3.957713767886161804e-02 1.570213772356510162e-02 3.269696375355124474e-03 -7.844583294153067987e-02 1.726005687769787897e-02 -9.967689510256064755e-01
6.058125495910644531e-01 3.365249931812286377e-01 1.607614010572433472e-01 -4.602561518549919128e-02 1.066632661968469620e-02 3.335512243211269379e-03 -7.844583294153067987e-02 1.726005687769787897e-02 -9.967689510256064755e-01
6.033739447593688965e-01 3.369520902633666992e-01 1.609251350164413452e-01 -5.151762440800666809e-02 6.417468190193176270e-03 3.213832154870033264e-03 -7.437565815171034989e-02 3.021609975365262962e-02 -9.967724157440238653e-01
6.007032394409179688e-01 3.371979296207427979e-01 1.610784232616424561e-01 -5.531090125441551208e-02 3.416019491851329803e-03 2.917846431955695152e-03 -7.437565815171034989e-02 3.021609975365262962e-02 -9.967724157440238653e-01
5.979003906250000000e-01 3.373322486877441406e-01 1.612142026424407959e-01 -5.680342018604278564e-02 1.956715481355786324e-03 2.513461746275424957e-03 -7.917891101279819766e-02 1.042782550451690562e-02 -9.968058790477084541e-01
5.950892567634582520e-01 3.374349176883697510e-01 1.613289713859558105e-01 -5.564113706350326538e-02 2.150631044059991837e-03 2.077558776363730431e-03 -4.796519889910264706e-02 -2.757928097908025639e-03 -9.988451999810461501e-01
5.924032926559448242e-01 3.375875353813171387e-01 1.614228785037994385e-01 -5.179626867175102234e-02 3.954469226300716400e-03 1.678842003457248211e-03 -3.002747919042521654e-02 -1.958182099425268691e-02 -9.993572448218993598e-01
5.899682044982910156e-01 3.378670215606689453e-01 1.614986807107925415e-01 -4.560671001672744751e-02 7.225539069622755051e-03 1.353448373265564442e-03 -6.455609614142732502e-03 -3.152231067309208684e-02 -9.994822004579865249e-01
5.878840684890747070e-01 3.383417725563049316e-01 1.615603268146514893e-01 -3.775837272405624390e-02 1.176461856812238693e-02 1.112338271923363209e-03 -2.103432299732274288e-02 -2.202265360610976806e-04 -9.997787298969293968e-01
5.862101912498474121e-01 3.390688002109527588e-01 1.616123616695404053e-01 -2.919553592801094055e-02 1.731671765446662903e-02 9.687608690001070499e-04 -2.103432299732274288e-02 -2.202265360610976806e-04 -9.997787298969293968e-01
5.849559307098388672e-01 3.400901556015014648e-01 1.616602092981338501e-01 -2.097529172897338867e-02 2.353701926767826080e-02 9.451886289753019810e-04 -1.636888855193966569e-02 4.734325533184642609e-02 -9.987445497524167770e-01
5.840788483619689941e-01 3.414270579814910889e-01 1.617094874382019043e-01 -1.410766132175922394e-02 2.993951179087162018e-02 1.025736914016306400e-03 -2.335402952863945697e-02 3.307668471207732275e-02 -9.991799248539939837e-01
5.834908485412597656e-01 3.430720865726470947e-01 1.617629528045654297e-01 -9.411416016519069672e-03 3.586136177182197571e-02 1.113003701902925968e-03 -2.335402952863945697e-02 3.307668471207732275e-02 -9.991799248539939837e-01
5.830705165863037109e-01 3.449804186820983887e-01 1.618178337812423706e-01 -7.401665672659873962e-03 4.047168791294097900e-02 1.081945723854005337e-03 -1.237650354545837168e-02 3.306494335679980440e-02 -9.993765715078579692e-01
5.826801061630249023e-01 3.470631241798400879e-01 1.618667095899581909e-01 -8.215089328587055206e-03 4.283696040511131287e-02 8.733649738132953644e-04 -1.367670731039143453e-02 1.910898192259265216e-02 -9.997238591156197840e-01
5.821848511695861816e-01 3.491863608360290527e-01 1.619012802839279175e-01 -1.159525196999311447e-02 4.209277033805847168e-02 5.092864157631993294e-04 -2.480443840586976471e-03 1.172844134559625391e-02 -9.999281429482603789e-01
5.814713835716247559e-01 3.511808812618255615e-01 1.619151085615158081e-01 -1.694293506443500519e-02 3.768842667341232300e-02 4.367548535810783505e-05 -2.480443840586976471e-03 1.172844134559625391e-02 -9.999281429482603789e-01
5.804624557495117188e-01 3.528632521629333496e-01 1.619047969579696655e-01 -2.341376058757305145e-02 2.960665710270404816e-02 -4.560133675113320351e-04 7.937640824616912227e-03 -1.481689461813506456e-02 -9.998587167645308638e-01
5.791260600090026855e-01 3.540644049644470215e-01 1.618708223104476929e-01 -3.004094772040843964e-02 1.843998953700065613e-02 -9.030233486555516720e-04 7.937640824616912227e-03 -1.481689461813506456e-02 -9.998587167645308638e-01
5.774784684181213379e-01 3.546577095985412598e-01 1.618180423974990845e-01 -3.586358949542045593e-02 5.292216315865516663e-03 -1.208186615258455276e-03 2.193657001794737868e-02 -1.045178442544841303e-02 -9.997047299558863287e-01
5.755806565284729004e-01 3.545784950256347656e-01 1.617558002471923828e-01 -4.004950821399688721e-02 -8.461214601993560791e-03 -1.281451433897018433e-03 2.193657001794737868e-02 -1.045178442544841303e-02 -9.997047299558863287e-01
5.735291242599487305e-01 3.538301885128021240e-01 1.616971939802169800e-01 -4.201242700219154358e-02 -2.147152647376060486e-02 -1.062942668795585632e-03 3.076811026782484346e-02 -1.256329646701471320e-02 -9.994475909073115005e-01
5.714412927627563477e-01 3.524766862392425537e-01 1.616569906473159790e-01 -4.150136560201644897e-02 -3.266798332333564758e-02 -5.449599120765924454e-04 4.186581717706413380e-02 -1.970658672475535458e-02 -9.989288782439701420e-01
5.694386959075927734e-01 3.506247103214263916e-01 1.616490036249160767e-01 -3.860268369317054749e-02 -4.141081869602203369e-02 2.255113213323056698e-04 4.314246440656639009e-02 -2.414230882566761188e-02 -9.987771907124701753e-01
5.676326155662536621e-01 3.484025001525878906e-01 1.616835892200469971e-01 -3.364035859704017639e-02 -4.747812449932098389e-02 1.157729304395616055e-03 4.314246440656639009e-02 -2.414230882566761188e-02 -9.987771907124701753e-01
5.661163330078125000e-01 3.459432423114776611e-01 1.617655456066131592e-01 -2.701164036989212036e-02 -5.089268088340759277e-02 2.120562829077243805e-03 3.303248714123972751e-02 -4.724511562452454738e-02 -9.983369941261762692e-01
5.649648308753967285e-01 3.433776795864105225e-01 1.618919074535369873e-01 -1.904844306409358978e-02 -5.172945931553840637e-02 2.933770185336470604e-03 2.302968811723917278e-02 -5.335687941233490522e-02 -9.983099102396010283e-01
5.642387866973876953e-01 3.408339023590087891e-01 1.620510816574096680e-01 -9.993845596909523010e-03 -5.002166330814361572e-02 3.433375153690576553e-03 2.302968811723917278e-02 -5.335687941233490522e-02 -9.983099102396010283e-01
5.639865398406982422e-01 3.384375870227813721e-01 1.622246354818344116e-01 -9.642077202443033457e-05 -4.583096876740455627e-02 3.508602036163210869e-03 -2.790401030945134989e-03 -6.616208259484676613e-02 -9.978049872028096345e-01
5.642405748367309570e-01 3.363066315650939941e-01 1.623902767896652222e-01 1.025675423443317413e-02 -3.940707817673683167e-02 3.117033746093511581e-03 -2.450435362510270526e-02 -7.266266677877954161e-02 -9.970555017189425273e-01
5.650086402893066406e-01 3.345391452312469482e-01 1.625265926122665405e-01 2.046567760407924652e-02 -3.129249066114425659e-02 2.335809636861085892e-03 -2.450435362510270526e-02 -7.266266677877954161e-02 -9.970555017189425273e-01
5.662639737129211426e-01 3.331990838050842285e-01 1.626177877187728882e-01 2.974716015160083771e-02 -2.231026627123355865e-02 1.312232343479990959e-03 -3.223666843951626670e-02 -7.087205053922976394e-02 -9.969643672961864267e-01
5.679393410682678223e-01 3.323053717613220215e-01 1.626547873020172119e-01 3.726728633046150208e-02 -1.343852654099464417e-02 1.678297267062589526e-04 -3.444442437857314632e-02 -7.538469387662873056e-02 -9.965594460725140102e-01
5.699295997619628906e-01 3.318288028240203857e-01 1.626351773738861084e-01 4.234258085489273071e-02 -5.623719654977321625e-03 -9.522208129055798054e-04 -3.444442437857314632e-02 -7.538469387662873056e-02 -9.965594460725140102e-01
5.721042156219482422e-01 3.316986262798309326e-01 1.625649929046630859e-01 4.464210942387580872e-02 4.161949036642909050e-04 -1.855086651630699635e-03 -5.204175268265409660e-02 -6.212995365614454313e-02 -9.967103515236523936e-01
5.743279457092285156e-01 3.318165838718414307e-01 1.624582707881927490e-01 4.430761188268661499e-02 4.302170127630233765e-03 -2.413539215922355652e-03 -5.204175268265409660e-02 -6.212995365614454313e-02 -9.967103515236523936e-01
5.764841437339782715e-01 3.320742845535278320e-01 1.623334735631942749e-01 4.193988814949989319e-02 6.005777977406978607e-03 -2.578287152573466301e-03 -4.954537606708597774e-02 -5.875111962469351662e-02 -9.970424071478685146e-01
5.784940719604492188e-01 3.323692977428436279e-01 1.622096151113510132e-01 3.845735639333724976e-02 5.794957280158996582e-03 -2.376216929405927658e-03 -5.374293276802215302e-02 -5.122499174178531817e-02 -9.972400400086960381e-01
5.803275108337402344e-01 3.326172232627868652e-01 1.621023565530776978e-01 3.487921506166458130e-02 4.122538492083549500e-03 -1.913992105983197689e-03 -4.716343883984078916e-02 -5.343015997468160416e-02 -9.974571810558487961e-01
5.820022225379943848e-01 3.327580690383911133e-01 1.620220392942428589e-01 3.210909664630889893e-02 1.511323498561978340e-03 -1.298612100072205067e-03 -2.331046056034879327e-02 -8.383432171251774256e-02 -9.962070211203425396e-01
5.835740566253662109e-01 3.327573537826538086e-01 1.619735211133956909e-01 3.076509758830070496e-02 -1.540089142508804798e-03 -6.421717698685824871e-04 -2.331046056034879327e-02 -8.383432171251774256e-02 -9.962070211203425396e-01
5.851203799247741699e-01 3.326031565666198730e-01 1.619553267955780029e-01 3.108796104788780212e-02 -4.628377035260200500e-03 -8.563216397305950522e-05 -5.454396347195691712e-03 -9.006124075061439083e-02 -9.959212933123519074e-01
5.867209434509277344e-01 3.323001265525817871e-01 1.619592159986495972e-01 3.293534740805625916e-02 -7.492803037166595459e-03 2.414024638710543513e-04 -5.454396347195691712e-03 -9.006124075061439083e-02 -9.959212933123519074e-01
5.884404778480529785e-01 3.318622708320617676e-01 1.619717925786972046e-01 3.584632650017738342e-02 -1.002102158963680267e-02 2.615055709611624479e-04 -2.912403370385553691e-02 -9.129306416825934412e-02 -9.953980947809709656e-01
5.903157591819763184e-01 3.313058614730834961e-01 1.619778871536254883e-01 3.916601091623306274e-02 -1.223478373140096664e-02 -1.750703995639923960e-05 -2.912403370385553691e-02 -9.129306416825934412e-02 -9.953980947809709656e-01
5.923495292663574219e-01 3.306435644626617432e-01 1.619646251201629639e-01 4.218437150120735168e-02 -1.425759028643369675e-02 -5.132399965077638626e-04 -5.700535151737266826e-02 -1.186391374842548502e-01 -9.912997250848871733e-01
5.945104360580444336e-01 3.298806548118591309e-01 1.619239598512649536e-01 4.425268620252609253e-02 -1.625900343060493469e-02 -1.113261445425450802e-03 -7.756364788146799527e-02 -9.954918436694026873e-02 -9.920049598753004627e-01
5.967381596565246582e-01 3.290147483348846436e-01 1.618540585041046143e-01 4.485603049397468567e-02 -1.837761700153350830e-02 -1.682741683907806873e-03 -8.660215646058522232e-02 -7.564815537778947496e-02 -9.933667112815458555e-01
5.989502668380737305e-01 3.280390799045562744e-01 1.617588251829147339e-01 4.362944141030311584e-02 -2.064958401024341583e-02 -2.126428298652172089e-03 -1.076190948883662402e-01 -7.213043370519385544e-02 -9.915721511553807765e-01
6.010497808456420898e-01 3.269487619400024414e-01 1.616447567939758301e-01 4.035040363669395447e-02 -2.296306006610393524e-02 -2.436060225591063499e-03 -1.179209805533733141e-01 -6.089391386251454680e-02 -9.911541623772941456e-01
6.029322743415832520e-01 3.257483243942260742e-01 1.615189164876937866e-01 3.494912758469581604e-02 -2.505409345030784607e-02 -2.597606042400002480e-03 -1.361264443035779259e-01 -4.190492166567471449e-02 -9.898048134351835614e-01
6.044943332672119141e-01 3.244576752185821533e-01 1.613910496234893799e-01 2.753357775509357452e-02 -2.657153457403182983e-02 -2.516940236091613770e-03 -1.336699237379646577e-01 -3.010885815058800957e-02 -9.905684267867386206e-01
6.056425571441650391e-01 3.231135010719299316e-01 1.612756401300430298e-01 1.839432492852210999e-02 -2.719521708786487579e-02 -2.099144970998167992e-03 -1.440849242326916468e-01 8.039278530740070344e-03 -9.895326698030564305e-01
6.063023805618286133e-01 3.217651844024658203e-01 1.611904501914978027e-01 7.998585700988769531e-03 -2.673753537237644196e-02 -1.308261533267796040e-03 -1.494411471021472593e-01 4.378128174152193762e-03 -9.887609294184742659e-01
6.064264178276062012e-01 3.204671740531921387e-01 1.611530184745788574e-01 -3.037738613784313202e-03 -2.518332563340663910e-02 -1.889784762170165777e-04 -1.494411471021472593e-01 4.378128174152193762e-03 -9.887609294184742659e-01
6.060005426406860352e-01 3.192709088325500488e-01 1.611760258674621582e-01 -1.399797014892101288e-02 -2.266671508550643921e-02 1.109314151108264923e-03 -1.412636361977719635e-01 3.940835242037896147e-02 -9.891873264683967992e-01
6.050479412078857422e-01 3.182192146778106689e-01 1.612642556428909302e-01 -2.410727553069591522e-02 -1.940115354955196381e-02 2.419835189357399940e-03 -1.412636361977719635e-01 3.940835242037896147e-02 -9.891873264683967992e-01
6.036303639411926270e-01 3.173439800739288330e-01 1.614148765802383423e-01 -3.259659558534622192e-02 -1.560770347714424133e-02 3.605040023103356361e-03 -1.207681470114042865e-01 6.171739136003442927e-02 -9.907603233220152461e-01
6.018455624580383301e-01 3.166667520999908447e-01 1.616188436746597290e-01 -3.879592195153236389e-02 -1.148155424743890762e-02 4.553410224616527557e-03 -9.053988628438801312e-02 1.044342481486103397e-01 -9.904019470918079548e-01
5.998196005821228027e-01 3.162001073360443115e-01 1.618624329566955566e-01 -4.224279150366783142e-02 -7.184517569839954376e-03 5.190083291381597519e-03 -9.053988628438801312e-02 1.044342481486103397e-01 -9.904019470918079548e-01
5.976937413215637207e-01 3.159490227699279785e-01 1.621289551258087158e-01 -4.279208183288574219e-02 -2.859088825061917305e-03 5.470642820000648499e-03 -7.382871882292196819e-02 1.518752111686283990e-01 -9.856384938239020066e-01
5.956066250801086426e-01 3.159116804599761963e-01 1.624004393815994263e-01 -4.069314897060394287e-02 1.364822732284665108e-03 5.388927180320024490e-03 -6.969441980360742417e-02 1.786572589693752322e-01 -9.814398971224820301e-01
5.936742424964904785e-01 3.160800337791442871e-01 1.626594662666320801e-01 -3.660279512405395508e-02 5.369392223656177521e-03 4.972285591065883636e-03 -6.969441980360742417e-02 1.786572589693752322e-01 -9.814398971224820301e-01
5.919714570045471191e-01 3.164403736591339111e-01 1.628901809453964233e-01 -3.150776401162147522e-02 9.043958969414234161e-03 4.256574437022209167e-03 -1.834192855054911364e-02 2.134810215086181406e-01 -9.767750135577196735e-01
5.905197858810424805e-01 3.169730603694915771e-01 1.630797833204269409e-01 -2.655899524688720703e-02 1.226333435624837875e-02 3.327298909425735474e-03 -5.602676003173662732e-03 2.172967903919723887e-01 -9.760895014828048222e-01
5.892838239669799805e-01 3.176511526107788086e-01 1.632211804389953613e-01 -2.287953346967697144e-02 1.486063469201326370e-02 2.328461734578013420e-03 -4.439894683644866197e-03 1.986504273547136934e-01 -9.800603527563941375e-01
5.881777405738830566e-01 3.184388279914855957e-01 1.633144468069076538e-01 -2.136403135955333710e-02 1.664663292467594147e-02 1.402391237206757069e-03 -4.439894683644866197e-03 1.986504273547136934e-01 -9.800603527563941375e-01
5.870808959007263184e-01 3.192901015281677246e-01 1.633667498826980591e-01 -2.250883169472217560e-02 1.740416698157787323e-02 6.898438441567122936e-04 -4.439894683644866197e-03 1.986504273547136934e-01 -9.800603527563941375e-01
5.858600139617919922e-01 3.201470673084259033e-01 1.633915901184082031e-01 -2.632638812065124512e-02 1.687400229275226593e-02 3.039807488676160574e-04 1.413144714051037254e-02 5.383620888706209390e-02 -9.984497808164333188e-01
5.843944549560546875e-01 3.209383189678192139e-01 1.634045988321304321e-01 -3.229578584432601929e-02 1.477588433772325516e-02 2.162400342058390379e-04 1.413144714051037254e-02 5.383620888706209390e-02 -9.984497808164333188e-01
5.826024413108825684e-01 3.215801119804382324e-01 1.634161621332168579e-01 -3.938585519790649414e-02 1.089570298790931702e-02 2.460503019392490387e-04 1.402912306970497021e-02 6.466024834252705189e-02 -9.978087171337890471e-01
5.804636478424072266e-01 3.219829201698303223e-01 1.634267568588256836e-01 -4.616632312536239624e-02 5.216096062213182449e-03 1.776436693035066128e-04 -1.864316624180002019e-02 8.710552143842657802e-02 -9.960246284532427996e-01
5.780349373817443848e-01 3.220631480216979980e-01 1.634263247251510620e-01 -5.098251253366470337e-02 -2.006513066589832306e-03 -1.946885895449668169e-04 -4.116727112464921290e-02 -2.872632765274745446e-03 -9.991481390500336346e-01
5.754548907279968262e-01 3.217571377754211426e-01 1.633951961994171143e-01 -5.222012847661972046e-02 -1.023351494222879410e-02 -1.050532562658190727e-03 -3.417192432931012019e-02 2.705535257672251823e-03 -9.994123071408522740e-01
5.729337930679321289e-01 3.210335075855255127e-01 1.633070707321166992e-01 -4.862399399280548096e-02 -1.871121674776077271e-02 -2.474599285051226616e-03 -4.231286933433117681e-02 9.005891603035788562e-02 -9.950371916316157472e-01
5.707270503044128418e-01 3.199011087417602539e-01 1.631352901458740234e-01 -3.964614123106002808e-02 -2.658481523394584656e-02 -4.396856296807527542e-03 -1.840437394985081770e-02 8.474129485020116814e-02 -9.962330008409806537e-01
5.690936446189880371e-01 3.184105455875396729e-01 1.628605127334594727e-01 -2.568980678915977478e-02 -3.303788974881172180e-02 -6.594391539692878723e-03 -1.735293447147963353e-02 9.459569877678934702e-02 -9.953645208847659021e-01
5.682488679885864258e-01 3.166488409042358398e-01 1.624770313501358032e-01 -8.100514300167560577e-03 -3.743013739585876465e-02 -8.745035156607627869e-03 -2.937584348385308131e-02 1.212956361109462228e-01 -9.921816509480776425e-01
5.683243274688720703e-01 3.147289454936981201e-01 1.619964390993118286e-01 1.111994031816720963e-02 -3.936520963907241821e-02 -1.047856360673904419e-02 -2.937584348385308131e-02 1.212956361109462228e-01 -9.921816509480776425e-01
5.693471431732177734e-01 3.127769231796264648e-01 1.614482700824737549e-01 2.979223988950252533e-02 -3.871616348624229431e-02 -1.144823245704174042e-02 -1.943763823051678288e-02 1.550451668350624479e-01 -9.877161406290307921e-01
5.712436437606811523e-01 3.109175562858581543e-01 1.608761548995971680e-01 4.606779292225837708e-02 -3.565829247236251831e-02 -1.143626216799020767e-02 -3.801080042981969803e-02 1.982965177395833722e-01 -9.794047529499944060e-01
5.738664865493774414e-01 3.092595934867858887e-01 1.603296995162963867e-01 5.884662643074989319e-02 -3.066020086407661438e-02 -1.042170263826847076e-02 -2.618491593082463570e-02 2.200593102584025573e-01 -9.751349907291255725e-01
5.770370960235595703e-01 3.078833222389221191e-01 1.598560363054275513e-01 6.797850877046585083e-02 -2.439052984118461609e-02 -8.524981327354907990e-03 -3.121642091634407173e-02 2.296218960648412633e-01 -9.727791732509289968e-01
5.805897116661071777e-01 3.068345487117767334e-01 1.594953089952468872e-01 7.412698119878768921e-02 -1.756040006875991821e-02 -5.904236342757940292e-03 -2.003568141412018916e-02 2.865242342184153856e-01 -9.578634739219480387e-01
5.844004750251770020e-01 3.061271011829376221e-01 1.592763662338256836e-01 7.830310612916946411e-02 -1.073806732892990112e-02 -2.853674581274390221e-03 -4.646468038964041147e-03 3.026167691782224445e-01 -9.531009922064382911e-01
5.883905291557312012e-01 3.057524859905242920e-01 1.592074930667877197e-01 8.129868656396865845e-02 -4.245978780090808868e-03 9.867612243397161365e-05 -4.005397804073509115e-03 3.061985857291046886e-01 -9.519592338351088312e-01
5.925065279006958008e-01 3.056896030902862549e-01 1.592699736356735229e-01 8.334110677242279053e-02 1.730719464831054211e-03 2.400361467152833939e-03 -1.412393312599271623e-02 2.836905202274282445e-01 -9.588118706212098719e-01
5.966934561729431152e-01 3.059066236019134521e-01 1.594226211309432983e-01 8.413555473089218140e-02 6.950409617274999619e-03 3.705629147589206696e-03 -5.043125962064916312e-02 1.986010992417588383e-01 -9.787820449063415751e-01
6.008774042129516602e-01 3.063569366931915283e-01 1.596151292324066162e-01 8.322290331125259399e-02 1.106152404099702835e-02 3.994639031589031219e-03 -8.173350626891184856e-02 1.443567977579529593e-01 -9.861443854183113977e-01
6.049672961235046387e-01 3.069770932197570801e-01 1.598027944564819336e-01 8.037272095680236816e-02 1.374511513859033585e-02 3.512072609737515450e-03 -1.057689277644071474e-01 8.925312916764711890e-02 -9.903771063849118317e-01
6.088699102401733398e-01 3.076944649219512939e-01 1.599556654691696167e-01 7.573240250349044800e-02 1.494974363595247269e-02 2.602829830721020699e-03 -1.036575966454490044e-01 2.554480199116536052e-02 -9.942849519865626373e-01
6.125052571296691895e-01 3.084437847137451172e-01 1.600610166788101196e-01 6.968104094266891479e-02 1.502307131886482239e-02 1.611397136002779007e-03 -9.648746803497250391e-02 -6.450134505630776560e-03 -9.953132995570085351e-01
6.158123612403869629e-01 3.091858625411987305e-01 1.601201146841049194e-01 6.260311603546142578e-02 1.465984992682933807e-02 7.526889676228165627e-04 -5.796562208612871664e-02 -3.166025929102682379e-02 -9.978164233143254069e-01
6.187476515769958496e-01 3.099199831485748291e-01 1.601423323154449463e-01 5.480762943625450134e-02 1.470543909817934036e-02 1.359359448542818427e-04 -1.307699850226523575e-02 -3.213851540074362523e-02 -9.993978726893547604e-01
6.212826371192932129e-01 3.106855452060699463e-01 1.601415723562240601e-01 4.659066721796989441e-02 1.591673679649829865e-02 -1.660660491324961185e-04 -1.307699850226523575e-02 -3.213851540074362523e-02 -9.993978726893547604e-01
6.234050393104553223e-01 3.115528523921966553e-01 1.601341813802719116e-01 3.830480203032493591e-02 1.877520419657230377e-02 -1.293442619498819113e-04 3.439884481684016976e-02 -1.988145430635004582e-02 -9.992104118992813921e-01
6.251214742660522461e-01 3.126072287559509277e-01 1.601366400718688965e-01 3.035202622413635254e-02 2.340005151927471161e-02 2.276142331538721919e-04 7.596886921635918888e-02 5.614655361816181696e-03 -9.970943819685054166e-01
6.264582872390747070e-01 3.139314055442810059e-01 1.601630449295043945e-01 2.311955951154232025e-02 2.956642396748065948e-02 8.287262171506881714e-04 7.596886921635918888e-02 5.614655361816181696e-03 -9.970943819685054166e-01
6.274589896202087402e-01 3.155907094478607178e-01 1.602219343185424805e-01 1.690925657749176025e-02 3.680550307035446167e-02 1.527122687548398972e-03 8.254298436603223210e-02 9.104709432494657861e-02 -9.924198115439518686e-01
6.281788349151611328e-01 3.176237344741821289e-01 1.603139489889144897e-01 1.188354380428791046e-02 4.451548308134078979e-02 2.153338631615042686e-03 8.254298436603223210e-02 9.104709432494657861e-02 -9.924198115439518686e-01
6.286771893501281738e-01 3.200379908084869385e-01 1.604325026273727417e-01 8.051164448261260986e-03 5.205456539988517761e-02 2.588845323771238327e-03 1.280638280447713995e-01 4.613924850873023925e-02 -9.906920942914448913e-01
6.290107965469360352e-01 3.228104710578918457e-01 1.605670452117919922e-01 5.292805843055248260e-03 5.884474515914916992e-02 2.793022664263844490e-03 1.581769729523430923e-01 3.813787806629172217e-02 -9.866739823681550670e-01
6.292285323143005371e-01 3.258932828903198242e-01 1.607066839933395386e-01 3.417185042053461075e-03 6.446766108274459839e-02 2.792335115373134613e-03 1.586611872220244357e-01 3.246994540943005242e-02 -9.867990323831931088e-01
6.293694376945495605e-01 3.292230665683746338e-01 1.608429402112960815e-01 2.219614805653691292e-03 6.872340291738510132e-02 2.657940378412604332e-03 1.540167228479147332e-01 3.005582045277471401e-02 -9.876110047676155412e-01
6.294626593589782715e-01 3.327318727970123291e-01 1.609712541103363037e-01 1.509832567535340786e-03 7.162886112928390503e-02 2.474649809300899506e-03 1.436791947551051274e-01 2.734592853387008207e-02 -9.892464249038988022e-01
6.295282840728759766e-01 3.363565504550933838e-01 1.610908508300781250e-01 1.115615479648113251e-03 7.335816323757171631e-02 2.309283241629600525e-03 1.175946645939510565e-01 3.420589927138575903e-02 -9.924723932241500401e-01
6.295785903930664062e-01 3.400449752807617188e-01 1.612031906843185425e-01 8.961632265709340572e-04 7.417828589677810669e-02 2.184523502364754677e-03 6.498224063151600283e-02 -1.550642387552312283e-02 -9.977659340842922608e-01
6.296203136444091797e-01 3.437598943710327148e-01 1.613105237483978271e-01 7.728891796432435513e-04 7.441806048154830933e-02 2.108540618792176247e-03 2.108338513970023712e-02 2.469744249179267603e-02 -9.994726245392695496e-01
6.296578645706176758e-01 3.474810719490051270e-01 1.614153385162353516e-01 7.297301199287176132e-04 7.442909479141235352e-02 2.084247302263975143e-03 -2.576221950667585692e-02 -7.210136204931212600e-02 -9.970645423615884795e-01
