x y z nx ny nz
6.203948855400085449e-01 2.469292283058166504e-01 1.093304008245468140e-01 -2.736519649624824524e-02 2.773727476596832275e-02 3.522908780723810196e-03 1.368073527084902319e-01 2.269938874730824396e-01 -9.642393495874104214e-01
6.186718344688415527e-01 2.486882656812667847e-01 1.095614358782768250e-01 -4.155599325895309448e-02 4.262403026223182678e-02 5.718372296541929245e-03 1.452784632754703653e-01 2.339193610828199099e-01 -9.613406787486542537e-01
6.164123415946960449e-01 2.509835660457611084e-01 1.098848134279251099e-01 -4.882349446415901184e-02 4.918843507766723633e-02 7.216652855277061462e-03 1.185693320512671567e-01 2.404034753318895767e-01 -9.634041117533524989e-01
6.139371395111083984e-01 2.534261643886566162e-01 1.102618649601936340e-01 -5.018539354205131531e-02 4.851602390408515930e-02 7.865360938012599945e-03 5.609336700754999350e-02 2.377302332732903756e-01 -9.697101991644634378e-01
6.115027666091918945e-01 2.557066679000854492e-01 1.106507256627082825e-01 -4.719043895602226257e-02 4.270370677113533020e-02 7.689195219427347183e-03 -6.727478305914056517e-03 2.270164747729667976e-01 -9.738676815745033188e-01
6.092877984046936035e-01 2.576282918453216553e-01 1.110158413648605347e-01 -4.140875115990638733e-02 3.416119143366813660e-02 6.915488280355930328e-03 -6.313401894978164230e-02 2.187458468745943629e-01 -9.737373106358639951e-01
6.074014902114868164e-01 2.591071426868438721e-01 1.113358065485954285e-01 -3.404410928487777710e-02 2.499239519238471985e-02 5.883130244910717010e-03 -6.313401894978164230e-02 2.187458468745943629e-01 -9.737373106358639951e-01
6.059027314186096191e-01 2.601509392261505127e-01 1.116036921739578247e-01 -2.590676024556159973e-02 1.675907894968986511e-02 4.832195583730936050e-03 -7.864275836417018717e-02 1.555358860246215391e-01 -9.846948282150214116e-01
6.048153042793273926e-01 2.608312070369720459e-01 1.118220090866088867e-01 -1.759107597172260284e-02 1.045178622007369995e-02 3.900578711181879044e-03 -1.023437433650617040e-01 1.747102687557144929e-01 -9.792865158794602509e-01
6.041351556777954102e-01 2.612566649913787842e-01 1.119981035590171814e-01 -9.615497663617134094e-03 6.566353607922792435e-03 3.143189940601587296e-03 -1.023437433650617040e-01 1.747102687557144929e-01 -9.792865158794602509e-01
6.038329601287841797e-01 2.615509629249572754e-01 1.121411100029945374e-01 -2.473447937518358231e-03 5.205330438911914825e-03 2.576925558969378471e-03 -1.023437433650617040e-01 1.747102687557144929e-01 -9.792865158794602509e-01
6.038555502891540527e-01 2.618354856967926025e-01 1.122610941529273987e-01 3.377889981493353844e-03 6.175340618938207626e-03 2.222418319433927536e-03 -1.023437433650617040e-01 1.747102687557144929e-01 -9.792865158794602509e-01
6.041292548179626465e-01 2.622167468070983887e-01 1.123687550425529480e-01 7.569693960249423981e-03 9.074580855667591095e-03 2.084081061184406281e-03 -1.023437433650617040e-01 1.747102687557144929e-01 -9.792865158794602509e-01
6.045655608177185059e-01 2.627777755260467529e-01 1.124741658568382263e-01 9.881793521344661713e-03 1.336701400578022003e-02 2.132284455001354218e-03 -1.023437433650617040e-01 1.747102687557144929e-01 -9.792865158794602509e-01
6.050697565078735352e-01 2.635733783245086670e-01 1.125850379467010498e-01 1.028592977672815323e-02 1.845695078372955322e-02 2.302536740899085999e-03 -1.008143231625591302e-01 1.075304577335968181e-01 -9.890771824801530832e-01
6.055507659912109375e-01 2.646287083625793457e-01 1.127052530646324158e-01 8.953564800322055817e-03 2.375655435025691986e-02 2.506186254322528839e-03 -1.008143231625591302e-01 1.075304577335968181e-01 -9.890771824801530832e-01
6.059302091598510742e-01 2.659413814544677734e-01 1.128340959548950195e-01 6.225123535841703415e-03 2.875060774385929108e-02 2.647444838657975197e-03 -7.250294789666912598e-02 8.727237322356178051e-02 -9.935425785622979955e-01
6.061496734619140625e-01 2.674865126609802246e-01 1.129663586616516113e-01 2.553619444370269775e-03 3.305438533425331116e-02 2.643133746460080147e-03 -7.250294789666912598e-02 8.727237322356178051e-02 -9.935425785622979955e-01
6.061742901802062988e-01 2.692241072654724121e-01 1.130932122468948364e-01 -1.568680745549499989e-03 3.644993156194686890e-02 2.431130968034267426e-03 -9.328751799786103027e-02 7.557155052871447620e-02 -9.927670319538640653e-01
6.059930324554443359e-01 2.711077630519866943e-01 1.132033094763755798e-01 -5.681439302861690521e-03 3.889574483036994934e-02 1.972782425582408905e-03 -9.328751799786103027e-02 7.557155052871447620e-02 -9.927670319538640653e-01
6.056156754493713379e-01 2.730925083160400391e-01 1.132845729589462280e-01 -9.411963634192943573e-03 4.049421474337577820e-02 1.277879695408046246e-03 -9.362439350894997958e-02 4.081814909343529224e-02 -9.947705019966500695e-01
6.050674915313720703e-01 2.751403748989105225e-01 1.133268401026725769e-01 -1.251500472426414490e-02 4.141985997557640076e-02 4.129104199819266796e-04 -7.663028614159934915e-02 1.333448979319532685e-02 -9.969704060932860212e-01
6.043822169303894043e-01 2.772220075130462646e-01 1.133237406611442566e-01 -1.489683426916599274e-02 4.184562712907791138e-02 -5.369614809751510620e-04 -8.576338689405793581e-02 5.961382441494713497e-03 -9.962976981735158777e-01
6.035943031311035156e-01 2.793155014514923096e-01 1.132733598351478577e-01 -1.661994867026805878e-02 4.189401119947433472e-02 -1.478144782595336437e-03 -4.592271952568111743e-02 -5.245320999675684437e-02 -9.975669223618042203e-01
6.027317643165588379e-01 2.814032435417175293e-01 1.131787896156311035e-01 -1.788207143545150757e-02 4.161541536450386047e-02 -2.304593101143836975e-03 -4.592271952568111743e-02 -5.245320999675684437e-02 -9.975669223618042203e-01
6.018105149269104004e-01 2.834683954715728760e-01 1.130484864115715027e-01 -1.896765828132629395e-02 4.099118337035179138e-02 -2.907418180257081985e-03 -5.840534099694218162e-02 -9.124909305756095934e-02 -9.941138864120163676e-01
6.008318066596984863e-01 2.854919433593750000e-01 1.128962337970733643e-01 -2.017999812960624695e-02 3.995036333799362183e-02 -3.182824235409498215e-03 -5.840534099694218162e-02 -9.124909305756095934e-02 -9.941138864120163676e-01
5.997828841209411621e-01 2.874504029750823975e-01 1.127401888370513916e-01 -2.177605032920837402e-02 3.838813677430152893e-02 -3.059008857235312462e-03 -6.700206677595288429e-02 -1.189366889654294018e-01 -9.906385753965425423e-01
5.986407399177551270e-01 2.893146872520446777e-01 1.126008480787277222e-01 -2.390982583165168762e-02 3.618294000625610352e-02 -2.514581428840756416e-03 -6.700206677595288429e-02 -1.189366889654294018e-01 -9.906385753965425423e-01
5.973780751228332520e-01 2.910494208335876465e-01 1.124985888600349426e-01 -2.659704908728599548e-02 3.320681676268577576e-02 -1.575921312905848026e-03 -8.418465659866081197e-02 -1.283337702372402411e-01 -9.881515000282400374e-01
5.959704518318176270e-01 2.926128804683685303e-01 1.124510839581489563e-01 -2.970871888101100922e-02 2.933150343596935272e-02 -3.241979575250297785e-04 -1.054332638519415721e-01 -1.361021128743195030e-01 -9.850685467228524894e-01
5.944029688835144043e-01 2.939572036266326904e-01 1.124713420867919922e-01 -3.299092128872871399e-02 2.444197982549667358e-02 1.134424237534403801e-03 -1.175316238371002658e-01 -1.496606375549897894e-01 -9.817270552260687344e-01
5.926754474639892578e-01 2.950295507907867432e-01 1.125672310590744019e-01 -3.610930219292640686e-02 1.845170930027961731e-02 2.701275981962680817e-03 -1.175316238371002658e-01 -1.496606375549897894e-01 -9.817270552260687344e-01
5.908049345016479492e-01 2.957739233970642090e-01 1.127418726682662964e-01 -3.871216997504234314e-02 1.132366061210632324e-02 4.284512717276811600e-03 -1.175316238371002658e-01 -1.496606375549897894e-01 -9.817270552260687344e-01
5.888246297836303711e-01 2.961345016956329346e-01 1.129940003156661987e-01 -4.050111770629882812e-02 3.099380526691675186e-03 5.800526589155197144e-03 -1.285587602672361440e-01 -1.571738297443948107e-01 -9.791675200904242926e-01
5.867797136306762695e-01 2.960603833198547363e-01 1.133183687925338745e-01 -4.129558801651000977e-02 -6.064521614462137222e-03 7.174110505729913712e-03 -1.331351609592984209e-01 -1.559538827480483336e-01 -9.787509465487885807e-01
5.847205519676208496e-01 2.955121099948883057e-01 1.137063801288604736e-01 -4.107125476002693176e-02 -1.586657017469406128e-02 8.346225135028362274e-03 -1.331351609592984209e-01 -1.559538827480483336e-01 -9.787509465487885807e-01
5.826949477195739746e-01 2.944690585136413574e-01 1.141468808054924011e-01 -3.995173797011375427e-02 -2.585523575544357300e-02 9.273714385926723480e-03 -1.306910699581651791e-01 -1.505883374479116410e-01 -9.799198930809924768e-01
5.807424783706665039e-01 2.929360270500183105e-01 1.146261319518089294e-01 -3.814596682786941528e-02 -3.546596691012382507e-02 9.896233677864074707e-03 -1.184197609182685712e-01 -1.507633856479511925e-01 -9.814515585448051471e-01
5.788930058479309082e-01 2.909467816352844238e-01 1.151264384388923645e-01 -3.583347052335739136e-02 -4.410329833626747131e-02 1.011593919247388840e-02 -9.912912651271370279e-02 -1.357497434548961823e-01 -9.857714864139437427e-01
5.771712660789489746e-01 2.885633707046508789e-01 1.156262233853340149e-01 -3.303615748882293701e-02 -5.123352631926536560e-02 9.875332005321979523e-03 -8.461718561272874028e-02 -1.272527318772792848e-01 -9.882543569986170784e-01
5.756061673164367676e-01 2.858707904815673828e-01 1.161021292209625244e-01 -2.956829778850078583e-02 -5.646964907646179199e-02 9.161005727946758270e-03 -8.461718561272874028e-02 -1.272527318772792848e-01 -9.882543569986170784e-01
5.742389559745788574e-01 2.829695641994476318e-01 1.165303513407707214e-01 -2.511955983936786652e-02 -5.957967042922973633e-02 7.967858575284481049e-03 -6.550261995729668441e-02 -1.012989090839616635e-01 -9.926973042146983728e-01
5.731249451637268066e-01 2.799705862998962402e-01 1.168880835175514221e-01 -1.944114454090595245e-02 -6.037899106740951538e-02 6.341506261378526688e-03 -7.198885927879911106e-02 -6.876878368969205346e-02 -9.950318881963420292e-01
5.723254680633544922e-01 2.769956290721893311e-01 1.171565428376197815e-01 -1.253814809024333954e-02 -5.861923098564147949e-02 4.396969918161630630e-03 -7.118996567189983526e-02 -6.043369376047384722e-02 -9.956303317216178561e-01
5.718932151794433594e-01 2.741800248622894287e-01 1.173240765929222107e-01 -4.751062951982021332e-03 -5.400499701499938965e-02 2.304270397871732712e-03 -5.009360392173818621e-02 9.064773592955795503e-03 -9.987033897628668777e-01
5.718575119972229004e-01 2.716706395149230957e-01 1.173874065279960632e-01 3.321969183161854744e-03 -4.637067392468452454e-02 2.289818949066102505e-04 -5.009360392173818621e-02 9.064773592955795503e-03 -9.987033897628668777e-01
5.722159743309020996e-01 2.696142792701721191e-01 1.173528730869293213e-01 1.101658586412668228e-02 -3.588375076651573181e-02 -1.610458828508853912e-03 -2.839657611189938535e-02 1.160406952074654746e-01 -9.928384518736617093e-01
5.729361772537231445e-01 2.681387364864349365e-01 1.172381564974784851e-01 1.779149100184440613e-02 -2.313783206045627594e-02 -2.978271804749965668e-03 -6.323073053693535617e-02 1.336385358539480261e-01 -9.890109283767185566e-01
5.739639997482299805e-01 2.673328518867492676e-01 1.170686483383178711e-01 2.332043834030628204e-02 -9.097423404455184937e-03 -3.802006831392645836e-03 -6.323073053693535617e-02 1.336385358539480261e-01 -9.890109283767185566e-01
5.752342939376831055e-01 2.672313451766967773e-01 1.168691515922546387e-01 2.749182097613811493e-02 5.037133116275072098e-03 -4.177912604063749313e-03 -6.323073053693535617e-02 1.336385358539480261e-01 -9.890109283767185566e-01
5.766804814338684082e-01 2.678069472312927246e-01 1.166583448648452759e-01 3.035514988005161285e-02 1.798716187477111816e-02 -4.254243802279233932e-03 -8.549697761635215165e-02 9.468078396195384050e-02 -9.918295296898650415e-01
5.782402753829956055e-01 2.689706385135650635e-01 1.164478287100791931e-01 3.203561156988143921e-02 2.856069058179855347e-02 -4.166490864008665085e-03 -1.065692711905261020e-01 5.451491972604539243e-02 -9.928097068236103606e-01
5.798580050468444824e-01 2.705798745155334473e-01 1.162435263395309448e-01 3.267332538962364197e-02 3.580861911177635193e-02 -4.005586262792348862e-03 -1.065692711905261020e-01 5.451491972604539243e-02 -9.928097068236103606e-01
5.814849734306335449e-01 2.724543213844299316e-01 1.160484850406646729e-01 3.240559622645378113e-02 3.916949778795242310e-02 -3.796122735366225243e-03 -1.197483978700340235e-01 7.232208731373306922e-03 -9.927779290266407486e-01
5.830793976783752441e-01 2.743977606296539307e-01 1.158654168248176575e-01 3.137115016579627991e-02 3.856826946139335632e-02 -3.526707878336310387e-03 -1.273514594992919691e-01 -1.011491653900675226e-02 -9.918060769247228903e-01
5.846064090728759766e-01 2.762224376201629639e-01 1.156973242759704590e-01 2.970966324210166931e-02 3.441823646426200867e-02 -3.196982666850090027e-03 -1.403076964831293516e-01 -3.724492784459788874e-02 -9.894071788982777838e-01
5.860378146171569824e-01 2.777703404426574707e-01 1.155471131205558777e-01 2.754581160843372345e-02 2.749790810048580170e-02 -2.811505459249019623e-03 -1.403076964831293516e-01 -3.724492784459788874e-02 -9.894071788982777838e-01
5.873504877090454102e-01 2.789265215396881104e-01 1.154172942042350769e-01 2.496146038174629211e-02 1.874990947544574738e-02 -2.381341531872749329e-03 -1.466005569208561066e-01 -5.585306335188568866e-02 -9.876176952762163452e-01
5.885239839553833008e-01 2.796224057674407959e-01 1.153095662593841553e-01 2.197886630892753601e-02 9.085384197533130646e-03 -1.927900360897183418e-03 -1.466005569208561066e-01 -5.585306335188568866e-02 -9.876176952762163452e-01
5.895376801490783691e-01 2.798309922218322754e-01 1.152248457074165344e-01 1.856939680874347687e-02 -7.415065774694085121e-04 -1.460790750570595264e-03 -1.466005569208561066e-01 -5.585306335188568866e-02 -9.876176952762163452e-01
5.903689265251159668e-01 2.795583009719848633e-01 1.151636168360710144e-01 1.467977743595838547e-02 -1.016668230295181274e-02 -9.883354650810360909e-04 -1.466005569208561066e-01 -5.585306335188568866e-02 -9.876176952762163452e-01
5.909926295280456543e-01 2.788345515727996826e-01 1.151257827877998352e-01 1.026870775967836380e-02 -1.878379285335540771e-02 -5.251654074527323246e-04 -1.380341153100944074e-01 -4.374396700584914921e-02 -9.894609888010496013e-01
5.913828015327453613e-01 2.777076065540313721e-01 1.151103079319000244e-01 5.337095353752374649e-03 -2.629359625279903412e-02 -9.377933747600764036e-05 -1.380341153100944074e-01 -4.374396700584914921e-02 -9.894609888010496013e-01
5.915151834487915039e-01 2.762384414672851562e-01 1.151148453354835510e-01 -4.269959390512667596e-05 -3.247269615530967712e-02 2.753666776698082685e-04 -1.380341153100944074e-01 -4.374396700584914921e-02 -9.894609888010496013e-01
5.913716554641723633e-01 2.744975984096527100e-01 1.151356995105743408e-01 -5.697968415915966034e-03 -3.716107830405235291e-02 5.588477943092584610e-04 -1.376079541559490083e-01 -1.862289510620924668e-02 -9.903116876665029045e-01
5.909454822540283203e-01 2.725618779659271240e-01 1.151678636670112610e-01 -1.134851668030023575e-02 -4.026788100600242615e-02 7.277213735505938530e-04 -1.376079541559490083e-01 -1.862289510620924668e-02 -9.903116876665029045e-01
5.902460813522338867e-01 2.705100476741790771e-01 1.152048036456108093e-01 -1.662739180028438568e-02 -4.180488735437393188e-02 7.497890619561076164e-04 -1.478763903443739980e-01 4.751537528902182589e-02 -9.878637873147602111e-01
5.893018841743469238e-01 2.684175372123718262e-01 1.152393743395805359e-01 -2.114037796854972839e-02 -4.189600050449371338e-02 6.331684999167919159e-04 -1.390347011134107358e-01 6.614318068361538239e-02 -9.880761263856946419e-01
5.881596803665161133e-01 2.663511037826538086e-01 1.152656227350234985e-01 -2.454772964119911194e-02 -4.076151549816131592e-02 4.167681327089667320e-04 -1.390347011134107358e-01 6.614318068361538239e-02 -9.880761263856946419e-01
5.868797898292541504e-01 2.643648982048034668e-01 1.152792945504188538e-01 -2.664753049612045288e-02 -3.868705779314041138e-02 1.301931479247286916e-04 -1.427661986019707896e-01 1.181930776467809696e-01 -9.826740094920211055e-01
5.855274796485900879e-01 2.624987065792083740e-01 1.152777224779129028e-01 -2.744437381625175476e-02 -3.596003726124763489e-02 -1.931627630256116390e-04 -1.241352438630075744e-01 1.408544367539994457e-01 -9.822171190097357396e-01
5.841623544692993164e-01 2.607792913913726807e-01 1.152596622705459595e-01 -2.716174535453319550e-02 -3.281642496585845947e-02 -5.293901776894927025e-04 -1.241352438630075744e-01 1.408544367539994457e-01 -9.822171190097357396e-01
5.828283429145812988e-01 2.592234015464782715e-01 1.152246370911598206e-01 -2.619893290102481842e-02 -2.941954508423805237e-02 -8.717597229406237602e-04 -6.640971138293932929e-02 1.327380584989674150e-01 -9.889238383505373209e-01
5.815472006797790527e-01 2.578415870666503906e-01 1.151729375123977661e-01 -2.504750527441501617e-02 -2.585269138216972351e-02 -1.196221215650439262e-03 -7.954551409946480911e-02 1.315664814120300896e-01 -9.881107084499741733e-01
5.803164839744567871e-01 2.566423416137695312e-01 1.151064038276672363e-01 -2.418097667396068573e-02 -2.211702056229114532e-02 -1.465141074731945992e-03 -6.212644938236577125e-02 1.170171705661404021e-01 -9.911847890670210104e-01
5.791131854057312012e-01 2.556355595588684082e-01 1.150286197662353516e-01 -2.395007386803627014e-02 -1.815391890704631805e-02 -1.646074932068586349e-03 -4.893296858938493699e-02 8.953117138038209355e-02 -9.947812492876445534e-01
5.779018402099609375e-01 2.548345327377319336e-01 1.149446517229080200e-01 -2.450275048613548279e-02 -1.388661563396453857e-02 -1.712532015517354012e-03 -4.893296858938493699e-02 8.953117138038209355e-02 -9.947812492876445534e-01
5.766453742980957031e-01 2.542558312416076660e-01 1.148604452610015869e-01 -2.575583942234516144e-02 -9.261848405003547668e-03 -1.655620755627751350e-03 -3.359354371084612156e-02 7.171003343528578600e-02 -9.968596415361881125e-01
5.753158330917358398e-01 2.539170086383819580e-01 1.147826611995697021e-01 -2.742512710392475128e-02 -4.291582386940717697e-03 -1.455625519156455994e-03 -3.359354371084612156e-02 7.171003343528578600e-02 -9.968596415361881125e-01
5.739027857780456543e-01 2.538329362869262695e-01 1.147193089127540588e-01 -2.909785695374011993e-02 9.290545131079852581e-04 -1.078451634384691715e-03 -8.123521469462558972e-03 7.723164688719653947e-02 -9.969800806014263994e-01
5.724170804023742676e-01 2.540118396282196045e-01 1.146809905767440796e-01 -3.032952919602394104e-02 6.226825993508100510e-03 -4.543631221167743206e-04 -8.123521469462558972e-03 7.723164688719653947e-02 -9.969800806014263994e-01
5.708904862403869629e-01 2.544521093368530273e-01 1.146826669573783875e-01 -3.073427453637123108e-02 1.138352602720260620e-02 5.214880220592021942e-04 9.415386868207178224e-04 1.165894514523112130e-01 -9.931797487428698501e-01
5.693711638450622559e-01 2.551409900188446045e-01 1.147409006953239441e-01 -3.003751114010810852e-02 1.617140136659145355e-02 1.807938329875469208e-03 9.415386868207178224e-04 1.165894514523112130e-01 -9.931797487428698501e-01
5.679178237915039062e-01 2.560549974441528320e-01 1.148667111992835999e-01 -2.809539251029491425e-02 2.038947865366935730e-02 3.224589163437485695e-03 1.129590478418310588e-03 1.142142066441222126e-01 -9.934555043000188324e-01
5.665929913520812988e-01 2.571625709533691406e-01 1.150623187422752380e-01 -2.489843964576721191e-02 2.391381375491619110e-02 4.599678330123424530e-03 -3.005311852026417395e-03 1.520389194563938062e-01 -9.883699383678180572e-01
5.654568672180175781e-01 2.584280669689178467e-01 1.153222545981407166e-01 -2.054676041007041931e-02 2.670590765774250031e-02 5.797691177576780319e-03 -1.652091914056076985e-02 1.354293428802538501e-01 -9.906492579696276612e-01
5.645627975463867188e-01 2.598166167736053467e-01 1.156343296170234680e-01 -1.521638035774230957e-02 2.883632294833660126e-02 6.685320287942886353e-03 -1.120557917336372986e-02 1.910751615458700370e-01 -9.815114454929241283e-01
5.639538764953613281e-01 2.612996399402618408e-01 1.159793511033058167e-01 -9.139386937022209167e-03 3.048489056527614594e-02 7.115485612303018570e-03 -1.120557917336372986e-02 1.910751615458700370e-01 -9.815114454929241283e-01
5.636606216430664062e-01 2.628595829010009766e-01 1.163318529725074768e-01 -2.590906340628862381e-03 3.191277012228965759e-02 6.984666455537080765e-03 -1.055187031502549016e-03 1.942284837084120308e-01 -9.809557496108882724e-01
5.636985898017883301e-01 2.644933462142944336e-01 1.166634559631347656e-01 4.110815934836864471e-03 3.343775123357772827e-02 6.279475055634975433e-03 -1.055187031502549016e-03 1.942284837084120308e-01 -9.809557496108882724e-01
5.640661120414733887e-01 2.662138342857360840e-01 1.169472932815551758e-01 1.059003826230764389e-02 3.538196533918380737e-02 5.073917564004659653e-03 -3.594531490966345905e-03 1.826347123718015109e-01 -9.831742679597700318e-01
5.647408366203308105e-01 2.680490911006927490e-01 1.171602159738540649e-01 1.639848947525024414e-02 3.802863135933876038e-02 3.443091409280896187e-03 -3.594531490966345905e-03 1.826347123718015109e-01 -9.831742679597700318e-01
5.656759738922119141e-01 2.700385749340057373e-01 1.172839254140853882e-01 2.100711129605770111e-02 4.155026748776435852e-02 1.505169086158275604e-03 -3.742803786585323367e-02 1.271091500928036300e-01 -9.911823272951335584e-01
5.667968392372131348e-01 2.722259163856506348e-01 1.173077747225761414e-01 2.382645197212696075e-02 4.594383016228675842e-02 -5.513343494385480881e-04 -3.487464881372442232e-02 7.409509206636435974e-02 -9.966411973221838139e-01
5.679995417594909668e-01 2.746491730213165283e-01 1.172307506203651428e-01 2.428197860717773438e-02 5.098687857389450073e-02 -2.529498655349016190e-03 -5.909081270834461164e-02 -3.318816858277680998e-02 -9.977007674235739421e-01
5.691552758216857910e-01 2.773285806179046631e-01 1.170621067285537720e-01 2.194706909358501434e-02 5.618932098150253296e-02 -4.216186236590147018e-03 -5.909081270834461164e-02 -3.318816858277680998e-02 -9.977007674235739421e-01
5.701214671134948730e-01 2.802514433860778809e-01 1.168224886059761047e-01 1.670042052865028381e-02 6.072536110877990723e-02 -5.368607584387063980e-03 -7.118996567189983526e-02 -6.043369376047384722e-02 -9.956303317216178561e-01
5.707598924636840820e-01 2.833541631698608398e-01 1.165446564555168152e-01 8.836897090077400208e-03 6.338387727737426758e-02 -5.744577385485172272e-03 -7.214968112827079005e-02 -1.027571543490436862e-01 -9.920863827012119662e-01
5.709577202796936035e-01 2.865061759948730469e-01 1.162710189819335938e-01 -9.249420836567878723e-04 6.269695609807968140e-02 -5.200811661779880524e-03 -8.381726284886760470e-02 -1.056398440188837801e-01 -9.908657274334345955e-01
5.706458687782287598e-01 2.895070612430572510e-01 1.160474047064781189e-01 -1.154888793826103210e-02 5.733831226825714111e-02 -3.743826411664485931e-03 -8.381726284886760470e-02 -1.056398440188837801e-01 -9.908657274334345955e-01
5.698105692863464355e-01 2.921076714992523193e-01 1.159156113862991333e-01 -2.186197228729724884e-02 4.668595641851425171e-02 -1.527827349491417408e-03 -1.039167478892324692e-01 -1.085021802931480511e-01 -9.886498805834947889e-01
5.684954524040222168e-01 2.940554618835449219e-01 1.159063205122947693e-01 -3.074349276721477509e-02 3.122621774673461914e-02 1.156056881882250309e-03 -1.129153795674348176e-01 -9.875351814590212218e-02 -9.886849142719580374e-01
5.667949914932250977e-01 2.951494753360748291e-01 1.160333529114723206e-01 -3.727554157376289368e-02 1.253487356007099152e-02 3.925283905118703842e-03 -1.178858318451914272e-01 -1.013226387594441114e-01 -9.878444480397661209e-01
5.648416876792907715e-01 2.952847778797149658e-01 1.162912622094154358e-01 -4.085607081651687622e-02 -7.123028393834829330e-03 6.390985567122697830e-03 -1.256301083525754869e-01 -9.091804112625155587e-02 -9.879023158547030059e-01
5.627881288528442383e-01 2.944727540016174316e-01 1.166563183069229126e-01 -4.128525033593177795e-02 -2.535785548388957977e-02 8.211283944547176361e-03 -1.256301083525754869e-01 -9.091804112625155587e-02 -9.879023158547030059e-01
5.607855319976806641e-01 2.928341329097747803e-01 1.170898824930191040e-01 -3.881848603487014771e-02 -4.018647968769073486e-02 9.131288155913352966e-03 -1.217463829045276336e-01 -8.266377315581381613e-02 -9.891129959996016741e-01
5.589610934257507324e-01 2.905684113502502441e-01 1.175417527556419373e-01 -3.415958210825920105e-02 -5.044271796941757202e-02 8.943468332290649414e-03 -1.303589141848011668e-01 -7.429117475158081296e-02 -9.886796118281138135e-01
5.573990941047668457e-01 2.879082262516021729e-01 1.179563030600547791e-01 -2.832126989960670471e-02 -5.596482753753662109e-02 7.638564798980951309e-03 -1.315426114764326471e-01 -6.921717402692527388e-02 -9.888910577933682777e-01
5.561314821243286133e-01 2.850714921951293945e-01 1.182849183678627014e-01 -2.238252758979797363e-02 -5.750402808189392090e-02 5.506081972271203995e-03 -1.159925219706000737e-01 -4.971850177444023244e-02 -9.920049422387999805e-01
5.551408529281616211e-01 2.822239100933074951e-01 1.184954792261123657e-01 -1.724192500114440918e-02 -5.639925971627235413e-02 2.916212659329175949e-03 -1.240320848529308378e-01 -3.636080678641169517e-02 -9.916117857583564010e-01
5.543741583824157715e-01 2.794606387615203857e-01 1.185734346508979797e-01 -1.342484634369611740e-02 -5.413113534450531006e-02 2.020390238612890244e-04 -7.290135072446740638e-02 2.316609575283408440e-02 -9.970700702900064938e-01
5.537632703781127930e-01 2.768090069293975830e-01 1.185184866189956665e-01 -1.101184636354446411e-02 -5.193379521369934082e-02 -2.399849705398082733e-03 -7.290135072446740638e-02 2.316609575283408440e-02 -9.970700702900064938e-01
5.532458424568176270e-01 2.742463052272796631e-01 1.183413416147232056e-01 -9.686405770480632782e-03 -5.057445541024208069e-02 -4.685914143919944763e-03 -2.344988944990132954e-02 9.417515486522476387e-02 -9.952794295517709555e-01
5.527819395065307617e-01 2.717238962650299072e-01 1.180634051561355591e-01 -8.869464509189128876e-03 -5.032234638929367065e-02 -6.431635003536939621e-03 -3.067339930637410367e-02 1.301834444948399561e-01 -9.910153446604399452e-01
5.523629784584045410e-01 2.691901326179504395e-01 1.177152693271636963e-01 -7.890118286013603210e-03 -5.102775990962982178e-02 -7.493817247450351715e-03 -6.182708111120699401e-02 1.573851295662597738e-01 -9.855999863183237952e-01
5.520120263099670410e-01 2.666083574295043945e-01 1.173286363482475281e-01 -6.148533895611763000e-03 -5.224306881427764893e-02 -7.971417158842086792e-03 -6.182708111120699401e-02 1.573851295662597738e-01 -9.855999863183237952e-01
5.517777204513549805e-01 2.639674246311187744e-01 1.169259995222091675e-01 -3.223092528060078621e-03 -5.339406058192253113e-02 -8.133993484079837799e-03 -6.182708111120699401e-02 1.573851295662597738e-01 -9.855999863183237952e-01
5.517241358757019043e-01 2.612839639186859131e-01 1.165178120136260986e-01 1.079937675967812538e-03 -5.394409224390983582e-02 -8.193418383598327637e-03 -7.811506733148458614e-02 1.409138380679302582e-01 -9.869353203198082403e-01
5.519192814826965332e-01 2.585980296134948730e-01 1.161092147231101990e-01 6.725221872329711914e-03 -5.349268019199371338e-02 -8.150408044457435608e-03 -7.811506733148458614e-02 1.409138380679302582e-01 -9.869353203198082403e-01
5.524242520332336426e-01 2.559654116630554199e-01 1.157083362340927124e-01 1.347270794212818146e-02 -5.181167647242546082e-02 -7.884600199759006500e-03 -7.264485247873234131e-02 1.201521515367957454e-01 -9.900940288111135246e-01
5.532840490341186523e-01 2.534492015838623047e-01 1.153273731470108032e-01 2.091830782592296600e-02 -4.883657023310661316e-02 -7.353981491178274155e-03 -7.264485247873234131e-02 1.201521515367957454e-01 -9.900940288111135246e-01
5.545213222503662109e-01 2.511112689971923828e-01 1.149805188179016113e-01 2.857327647507190704e-02 -4.468114301562309265e-02 -6.520217750221490860e-03 -6.977347097944440468e-02 1.135104534856959252e-01 -9.910837702711876585e-01
5.561343431472778320e-01 2.490037828683853149e-01 1.146831139922142029e-01 3.594795614480972290e-02 -3.961804136633872986e-02 -5.375923123210668564e-03 -5.845466868649800557e-02 9.574191554488221956e-02 -9.936883501956478293e-01
5.580985546112060547e-01 2.471629530191421509e-01 1.144470870494842529e-01 4.262010753154754639e-02 -3.401486203074455261e-02 -4.065159242600202560e-03 -5.845466868649800557e-02 9.574191554488221956e-02 -9.936883501956478293e-01
5.603713393211364746e-01 2.456052303314208984e-01 1.142749562859535217e-01 4.829077050089836121e-02 -2.829394675791263580e-02 -2.819986315444111824e-03 -1.664187693106310845e-02 8.087939630033175176e-02 -9.965849543236670049e-01
5.628988742828369141e-01 2.443259656429290771e-01 1.141578480601310730e-01 5.281098186969757080e-02 -2.287691459059715271e-02 -1.864244928583502769e-03 -1.664187693106310845e-02 8.087939630033175176e-02 -9.965849543236670049e-01
5.656234622001647949e-01 2.433014810085296631e-01 1.140763610601425171e-01 5.617238953709602356e-02 -1.810221560299396515e-02 -1.395255909301340580e-03 2.710478120228733759e-02 7.203505321129620442e-02 -9.970337416270433906e-01
5.684893727302551270e-01 2.424952238798141479e-01 1.140017732977867126e-01 5.846367403864860535e-02 -1.414814870804548264e-02 -1.588235143572092056e-03 2.710478120228733759e-02 7.203505321129620442e-02 -9.970337416270433906e-01
5.714456439018249512e-01 2.418672591447830200e-01 1.138990893959999084e-01 5.978694930672645569e-02 -1.097051706165075302e-02 -2.519011264666914940e-03 1.679933548619926345e-02 6.966689543164085452e-02 -9.974288475907134854e-01
5.744442343711853027e-01 2.413857877254486084e-01 1.137354373931884766e-01 6.015560030937194824e-02 -8.288556709885597229e-03 -4.027138464152812958e-03 -6.341429783421988209e-02 1.164902567396462751e-01 -9.911652974720838172e-01
5.774335265159606934e-01 2.410383075475692749e-01 1.134921163320541382e-01 5.941580235958099365e-02 -5.610720720142126083e-03 -5.705560557544231415e-03 -6.341429783421988209e-02 1.164902567396462751e-01 -9.911652974720838172e-01
5.803501009941101074e-01 2.408401519060134888e-01 1.131732612848281860e-01 5.724663659930229187e-02 -2.315782709047198296e-03 -7.048675324767827988e-03 -1.147407510045909962e-01 1.119619125321774933e-01 -9.870658996232416493e-01
5.831130743026733398e-01 2.408366352319717407e-01 1.128071099519729614e-01 5.327158421277999878e-02 2.175284083932638168e-03 -7.597414311021566391e-03 -1.782321680433222033e-01 1.232616077311387004e-01 -9.762376095664987430e-01
5.856260061264038086e-01 2.410960197448730469e-01 1.124400049448013306e-01 4.724623262882232666e-02 8.199834264814853668e-03 -7.086792960762977600e-03 -1.866564366679727138e-01 1.222459991990733769e-01 -9.747898698325886402e-01
5.877884626388549805e-01 2.416933178901672363e-01 1.121253892779350281e-01 3.925293684005737305e-02 1.569208689033985138e-02 -5.497797857969999313e-03 -1.866564366679727138e-01 1.222459991990733769e-01 -9.747898698325886402e-01
5.895146131515502930e-01 2.426887750625610352e-01 1.119123548269271851e-01 2.979239262640476227e-02 2.412608079612255096e-02 -3.023445373401045799e-03 -1.866564366679727138e-01 1.222459991990733769e-01 -9.747898698325886402e-01
5.907524228096008301e-01 2.441068142652511597e-01 1.118355169892311096e-01 1.971970871090888977e-02 3.259537369012832642e-02 -5.018740921514108777e-05 -1.903746282795979461e-01 1.400833665084946500e-01 -9.716656582040201773e-01
5.914976596832275391e-01 2.459212243556976318e-01 1.119075492024421692e-01 1.009067147970199585e-02 3.998075798153877258e-02 2.931404858827590942e-03 -1.922773520876497055e-01 1.484814336418359415e-01 -9.700426195460830625e-01
5.917992591857910156e-01 2.480495572090148926e-01 1.121170073747634888e-01 1.972476951777935028e-03 4.515248164534568787e-02 5.447009578347206116e-03 -1.880924524427374234e-01 1.490046307262938852e-01 -9.707825963387463064e-01
5.917548537254333496e-01 2.503576874732971191e-01 1.124312281608581543e-01 -3.747908165678381920e-03 4.717314615845680237e-02 7.121925707906484604e-03 -1.880924524427374234e-01 1.490046307262938852e-01 -9.707825963387463064e-01
5.914982557296752930e-01 2.526735663414001465e-01 1.128018572926521301e-01 -6.517068482935428619e-03 4.546215012669563293e-02 7.703116163611412048e-03 -1.883578155994938275e-01 1.561723745836496036e-01 -9.696037967734508767e-01
5.911803245544433594e-01 2.548069357872009277e-01 1.131708174943923950e-01 -6.201218347996473312e-03 3.987276926636695862e-02 7.055321242660284042e-03 -1.836158982824239172e-01 1.568102272677031894e-01 -9.704100960522772379e-01
5.909484028816223145e-01 2.565707862377166748e-01 1.134772822260856628e-01 -3.076816676184535027e-03 3.068176656961441040e-02 5.203387234359979630e-03 -1.670877484942814573e-01 1.650717259767145173e-01 -9.720252103645152797e-01
5.909281969070434570e-01 2.578012049198150635e-01 1.136656552553176880e-01 2.267490606755018234e-03 1.853536069393157959e-02 2.331577008590102196e-03 -1.670877484942814573e-01 1.650717259767145173e-01 -9.720252103645152797e-01
5.912113785743713379e-01 2.583737671375274658e-01 1.136927157640457153e-01 9.059500880539417267e-03 4.367589484900236130e-03 -1.249008229933679104e-03 -1.670877484942814573e-01 1.650717259767145173e-01 -9.720252103645152797e-01
5.918496847152709961e-01 2.582162916660308838e-01 1.135329157114028931e-01 1.647209003567695618e-02 -1.066651288419961929e-02 -5.143113434314727783e-03 -1.670877484942814573e-01 1.650717259767145173e-01 -9.720252103645152797e-01
5.928549170494079590e-01 2.573186159133911133e-01 1.131810843944549561e-01 2.373700216412544250e-02 -2.524057962000370026e-02 -8.930079638957977295e-03 -1.794474751884042873e-01 1.677592261509008587e-01 -9.693582648782430589e-01
5.942043662071228027e-01 2.557393610477447510e-01 1.126529723405838013e-01 3.024060279130935669e-02 -3.793002292513847351e-02 -1.219436340034008026e-02 -1.794474751884042873e-01 1.677592261509008587e-01 -9.693582648782430589e-01
5.958506464958190918e-01 2.536073625087738037e-01 1.119839772582054138e-01 3.561120107769966125e-02 -4.734940454363822937e-02 -1.456557121127843857e-02 -1.794883227332516318e-01 1.601465763746784399e-01 -9.706374277122602479e-01
5.977354645729064941e-01 2.511151134967803955e-01 1.112258434295654297e-01 3.978126868605613708e-02 -5.234016478061676025e-02 -1.575981453061103821e-02 -1.789662204538299550e-01 1.689436231162181890e-01 -9.692415303436168195e-01
5.998039841651916504e-01 2.485030293464660645e-01 1.104417890310287476e-01 4.295960813760757446e-02 -5.214307084679603577e-02 -1.560224592685699463e-02 -1.649046956897809446e-01 1.620053388337715783e-01 -9.729135169822731299e-01
6.020134687423706055e-01 2.460368126630783081e-01 1.096999645233154297e-01 4.541970789432525635e-02 -4.650529846549034119e-02 -1.407069247215986252e-02 -1.443259534690377877e-01 1.366567586281806079e-01 -9.800484424121556071e-01
6.043289303779602051e-01 2.439814060926437378e-01 1.090663895010948181e-01 4.719851538538932800e-02 -3.571107238531112671e-02 -1.127240248024463654e-02 -1.443259534690377877e-01 1.366567586281806079e-01 -9.800484424121556071e-01
6.067075729370117188e-01 2.425742000341415405e-01 1.085996776819229126e-01 4.794710129499435425e-02 -2.057700417935848236e-02 -7.396119646728038788e-03 -1.443259534690377877e-01 1.366567586281806079e-01 -9.800484424121556071e-01
6.090822815895080566e-01 2.419993132352828979e-01 1.083450391888618469e-01 4.704033210873603821e-02 -2.418456133455038071e-03 -2.789389807730913162e-03 -4.473977517318555169e-02 1.650479437085765888e-01 -9.852702821018318735e-01
6.113551855087280273e-01 2.423652559518814087e-01 1.083255261182785034e-01 4.387656226754188538e-02 1.705594547092914581e-02 2.008920535445213318e-03 -4.473977517318555169e-02 1.650479437085765888e-01 -9.852702821018318735e-01
6.134063005447387695e-01 2.436901777982711792e-01 1.085361465811729431e-01 3.816893324255943298e-02 3.594106435775756836e-02 6.415797397494316101e-03 5.579747965236834389e-02 1.871402274112929365e-01 -9.807472541623009077e-01
6.151127815246582031e-01 2.458991408348083496e-01 1.089457273483276367e-01 3.009120374917984009e-02 5.241756141185760498e-02 9.967394173145294189e-03 5.579747965236834389e-02 1.871402274112929365e-01 -9.807472541623009077e-01
6.163717508316040039e-01 2.488365918397903442e-01 1.095046177506446838e-01 2.026761695742607117e-02 6.508062034845352173e-02 1.238820888102054596e-02 5.942430621908010441e-02 2.181088488752563614e-01 -9.741135877661759590e-01
6.171193122863769531e-01 2.522941529750823975e-01 1.101524680852890015e-01 9.634559042751789093e-03 7.322158664464950562e-02 1.352580823004245758e-02 1.185693320512671567e-01 2.404034753318895767e-01 -9.634041117533524989e-01
6.173404455184936523e-01 2.560471892356872559e-01 1.108249127864837646e-01 -7.893449510447680950e-04 7.689949870109558105e-02 1.337191369384527206e-02 1.448775975532852478e-01 2.251479880538073131e-01 -9.634930540489178297e-01
6.170673370361328125e-01 2.598886191844940186e-01 1.114633604884147644e-01 -1.013381220400333405e-02 7.675723731517791748e-02 1.216604281216859818e-02 1.286440988495195781e-01 1.747861491735338557e-01 -9.761662245162358031e-01
6.163696646690368652e-01 2.636516988277435303e-01 1.120239421725273132e-01 -1.777422986924648285e-02 7.376608997583389282e-02 1.025719288736581802e-02 6.025130819510836344e-02 1.196467723989177306e-01 -9.909865941138152889e-01
6.153424978256225586e-01 2.672214508056640625e-01 1.124798133969306946e-01 -2.331250719726085663e-02 6.902391463518142700e-02 7.977511733770370483e-03 5.152849003056701044e-02 7.292340376246507494e-02 -9.960055180052299617e-01
6.140965223312377930e-01 2.705376148223876953e-01 1.128202900290489197e-01 -2.652664855122566223e-02 6.362264603376388550e-02 5.641700234264135361e-03 -9.069650591631525953e-04 5.148258998058889008e-02 -9.986734803434362817e-01
6.127512454986572266e-01 2.735919058322906494e-01 1.130483821034431458e-01 -2.728346362709999084e-02 5.854940041899681091e-02 3.481906605884432793e-03 -2.952879445453874402e-02 4.862571600068626293e-02 -9.983804836030610863e-01
6.114320755004882812e-01 2.764185667037963867e-01 1.131753996014595032e-01 -2.548340894281864166e-02 5.451649054884910583e-02 1.598719507455825806e-03 -4.787069375930841364e-02 4.142839028196675794e-02 -9.979940306212494727e-01
6.102678775787353516e-01 2.790753245353698730e-01 1.132156848907470703e-01 -2.108556777238845825e-02 5.175397917628288269e-02 1.274354963243240491e-05 -3.724344049769399978e-02 6.896469523690875077e-03 -9.992824249660369196e-01
6.093865633010864258e-01 2.816170752048492432e-01 1.131848096847534180e-01 -1.416751742362976074e-02 4.991558194160461426e-02 -1.247763982973992825e-03 -2.215739286845110068e-02 -3.079512558763411803e-03 -9.997497519587957848e-01
6.089072823524475098e-01 2.840686440467834473e-01 1.131002902984619141e-01 -5.003031808882951736e-03 4.814660176634788513e-02 -2.132984343916177750e-03 -1.124983098101058933e-02 -5.399142223280926911e-02 -9.984780256100668216e-01
6.089292764663696289e-01 2.864056527614593506e-01 1.129821687936782837e-01 5.882328841835260391e-03 4.533411189913749695e-02 -2.591957105323672295e-03 -5.485145270417453485e-03 -8.902689223480783620e-02 -9.960141191962964546e-01
6.095192432403564453e-01 2.885503768920898438e-01 1.128531768918037415e-01 1.771600916981697083e-02 4.045527428388595581e-02 -2.567810472100973129e-03 -1.948647395599894605e-03 -7.769488507524942300e-02 -9.969752793346839947e-01
6.107000708580017090e-01 2.903842329978942871e-01 1.127371788024902344e-01 2.951712906360626221e-02 3.289930149912834167e-02 -2.071976661682128906e-03 -1.948647395599894605e-03 -7.769488507524942300e-02 -9.969752793346839947e-01
6.124418377876281738e-01 2.917729914188385010e-01 1.126547232270240784e-01 4.015436768531799316e-02 2.265085652470588684e-02 -1.226138207130134106e-03 1.564392094349552689e-02 -6.500683867354357937e-02 -9.977621854235535492e-01
6.146565675735473633e-01 2.925961017608642578e-01 1.126190274953842163e-01 4.843466728925704956e-02 1.027320418506860733e-02 -2.018294908339157701e-04 1.903491622930647553e-02 -4.732854420468423501e-02 -9.986979928214577695e-01
6.171985268592834473e-01 2.927717268466949463e-01 1.126345321536064148e-01 5.324423313140869141e-02 -3.248420311138033867e-03 8.221103344112634659e-04 1.903491622908091291e-02 -4.732854420443769611e-02 -9.986979928214738678e-01
6.198735237121582031e-01 2.922725081443786621e-01 1.126969233155250549e-01 5.375669896602630615e-02 -1.672049239277839661e-02 1.673398888669908047e-03 1.903491622908091291e-02 -4.732854420443769611e-02 -9.986979928214738678e-01
6.224585175514221191e-01 2.911307811737060547e-01 1.127943918108940125e-01 4.964260384440422058e-02 -2.894857712090015411e-02 2.225456526502966881e-03 9.986254381052302523e-03 -1.682608580263222908e-02 -9.998085604544499905e-01
6.247297525405883789e-01 2.894343733787536621e-01 1.129105612635612488e-01 4.120596125721931458e-02 -3.890818729996681213e-02 2.421277575194835663e-03 9.986254381052302523e-03 -1.682608580263222908e-02 -9.998085604544499905e-01
6.264948844909667969e-01 2.873147726058959961e-01 1.130276769399642944e-01 2.939824014902114868e-02 -4.587587714195251465e-02 2.263257978484034538e-03 1.314348760697665007e-02 -9.464442547010792559e-03 -9.998688279263433509e-01
6.276223063468933105e-01 2.849299907684326172e-01 1.131297051906585693e-01 1.569760590791702271e-02 -4.951576516032218933e-02 1.817994983866810799e-03 1.486171309353281206e-02 -9.721086752068629905e-03 -9.998423025428979649e-01
6.280619502067565918e-01 2.824443280696868896e-01 1.132052168250083923e-01 1.889050821773707867e-03 -4.991088435053825378e-02 1.202424755319952965e-03 1.486171309353281206e-02 -9.721086752068629905e-03 -9.998423025428979649e-01
6.278536319732666016e-01 2.800082862377166748e-01 1.132492274045944214e-01 -1.022159401327371597e-02 -4.753122851252555847e-02 5.579096032306551933e-04 1.819845457898385324e-02 -3.914479510363081012e-03 -9.998267315385700460e-01
6.271202564239501953e-01 2.777416110038757324e-01 1.132636889815330505e-01 -1.911329478025436401e-02 -4.313555732369422913e-02 2.044426037173252553e-05 1.819845457898385324e-02 -3.914479510363081012e-03 -9.998267315385700460e-01
6.260469555854797363e-01 2.757223248481750488e-01 1.132559031248092651e-01 -2.381946332752704620e-02 -3.763575479388237000e-02 -3.318639355711638927e-04 3.400809194862969981e-02 -1.038037649840701306e-04 -9.994215521514390188e-01
6.248492002487182617e-01 2.739822566509246826e-01 1.132357195019721985e-01 -2.409138157963752747e-02 -3.196755796670913696e-02 -4.753817047458142042e-04 3.563321083747217344e-02 -3.942665321755313944e-03 -9.993571582140055032e-01
6.237367987632751465e-01 2.725085020065307617e-01 1.132136136293411255e-01 -2.040474489331245422e-02 -2.698234096169471741e-02 -4.087951383553445339e-04 3.563321083747217344e-02 -3.942665321755313944e-03 -9.993571582140055032e-01
6.228816509246826172e-01 2.712496817111968994e-01 1.131996810436248779e-01 -1.380041334778070450e-02 -2.337082847952842712e-02 -1.484979584347456694e-04 7.176726341201811188e-02 2.253165367381110892e-03 -9.974188604323548368e-01
6.223965287208557129e-01 2.701245844364166260e-01 1.132026910781860352e-01 -5.603664088994264603e-03 -2.163254842162132263e-02 2.690472465474158525e-04 7.176726341201811188e-02 2.253165367381110892e-03 -9.974188604323548368e-01
6.223284602165222168e-01 2.690319716930389404e-01 1.132285818457603455e-01 2.879954641684889793e-03 -2.207216620445251465e-02 7.665536832064390182e-04 7.176726341201811188e-02 2.253165367381110892e-03 -9.974188604323548368e-01
6.226663589477539062e-01 2.678602635860443115e-01 1.132784932851791382e-01 1.063630264252424240e-02 -2.479652315378189087e-02 1.229795045219361782e-03 7.176726341201811188e-02 2.253165367381110892e-03 -9.974188604323548368e-01
6.233594417572021484e-01 2.664977610111236572e-01 1.133478060364723206e-01 1.708786189556121826e-02 -2.970330230891704559e-02 1.542651676572859287e-03 9.496068055013151543e-02 3.199128193014838528e-02 -9.949668472004088438e-01
6.243385672569274902e-01 2.648441791534423828e-01 1.134264841675758362e-01 2.207671478390693665e-02 -3.644000738859176636e-02 1.604396617040038109e-03 9.496068055013151543e-02 3.199128193014838528e-02 -9.949668472004088438e-01
6.255344152450561523e-01 2.628244161605834961e-01 1.135007217526435852e-01 2.575753256678581238e-02 -4.435036331415176392e-02 1.365016447380185127e-03 1.071982166971233857e-01 7.830526446316049549e-02 -9.911492460231763335e-01
6.268891096115112305e-01 2.604036033153533936e-01 1.135557815432548523e-01 2.843069843947887421e-02 -5.248173326253890991e-02 8.375110919587314129e-04 9.408109667957852140e-02 6.603096352032093719e-02 -9.933723667900904442e-01
6.283589005470275879e-01 2.575983405113220215e-01 1.135800480842590332e-01 3.036028705537319183e-02 -5.972829461097717285e-02 1.332129613729193807e-04 1.620011159896822817e-01 1.376399854185670624e-01 -9.771442436150734601e-01
6.299099326133728027e-01 2.544775605201721191e-01 1.135697513818740845e-01 3.168143332004547119e-02 -6.510333716869354248e-02 -5.450159660540521145e-04 1.620011159896822817e-01 1.376399854185670624e-01 -9.771442436150734601e-01
6.315126419067382812e-01 2.511478066444396973e-01 1.135311648249626160e-01 3.242696076631546021e-02 -6.808647513389587402e-02 -9.985764045268297195e-04 1.926500918170151733e-01 2.023055485096070805e-01 -9.601866522521143033e-01
6.331396698951721191e-01 2.477218359708786011e-01 1.134774833917617798e-01 3.265502303838729858e-02 -6.895250082015991211e-02 -1.148622483015060425e-03 1.926500918170151733e-01 2.023055485096070805e-01 -9.601866522521143033e-01
