time: 0.000000000
Joint Positions: 0 0 0 0 0 0 0 
End-Effector Position: -8.52966e-17 3.01263e-17 1.261 
End-Effector Quaternion: 1 3.08149e-33 -6.12323e-17 -1.83697e-16 
Manipulability: 1.0488e-33
Manipulability Ellipsoid Eigenvalues: 2.59029e-33 3.15675e-32 1.04972 
Manipulability Ellipsoid Eigenvectors: 0 0.533691 0.845679 0 -0.845679 0.533691 1 0 0 
Force Ellipsoid Eigenvalues: 74.3374 1.35624e+32 7.03652e+33 
Force Ellipsoid Eigenvectors: 1 0 0 0 0.999997 -0.00238849 0 0.00238849 0.999997 
joint effort: 0 0 0 0 0 0 0 
----------------------------------------
time: 0.159000000
Joint Positions: 0 0 0 0 0 0 0 
End-Effector Position: -8.52966e-17 3.01263e-17 1.261 
End-Effector Quaternion: 1 3.08149e-33 -6.12323e-17 -1.83697e-16 
Manipulability: 1.0488e-33
Manipulability Ellipsoid Eigenvalues: 2.59029e-33 3.15675e-32 1.04972 
Manipulability Ellipsoid Eigenvectors: 0 0.533691 0.845679 0 -0.845679 0.533691 1 0 0 
Force Ellipsoid Eigenvalues: 74.3374 1.35624e+32 7.03652e+33 
Force Ellipsoid Eigenvectors: 1 0 0 0 0.999997 -0.00238849 0 0.00238849 0.999997 
joint effort: 1.08054e-14 32.0545 9.24178e-15 -75.9432 1.07609e-14 0.599062 1.08778e-14 
----------------------------------------
time: 0.159000000
Joint Positions: 0 0 0 0 0 0 0 
End-Effector Position: -8.52966e-17 3.01263e-17 1.261 
End-Effector Quaternion: 1 3.08149e-33 -6.12323e-17 -1.83697e-16 
Manipulability: 1.0488e-33
Manipulability Ellipsoid Eigenvalues: 2.59029e-33 3.15675e-32 1.04972 
Manipulability Ellipsoid Eigenvectors: 0 0.533691 0.845679 0 -0.845679 0.533691 1 0 0 
Force Ellipsoid Eigenvalues: 74.3374 1.35624e+32 7.03652e+33 
Force Ellipsoid Eigenvectors: 1 0 0 0 0.999997 -0.00238849 0 0.00238849 0.999997 
joint effort: 1.08054e-14 32.0545 9.24178e-15 -75.9432 1.07609e-14 0.599062 1.08778e-14 
----------------------------------------
time: 0.164000000
Joint Positions: 0 0 0 0 0 0 0 
End-Effector Position: -8.52966e-17 3.01263e-17 1.261 
End-Effector Quaternion: 1 3.08149e-33 -6.12323e-17 -1.83697e-16 
Manipulability: 1.0488e-33
Manipulability Ellipsoid Eigenvalues: 2.59029e-33 3.15675e-32 1.04972 
Manipulability Ellipsoid Eigenvectors: 0 0.533691 0.845679 0 -0.845679 0.533691 1 0 0 
Force Ellipsoid Eigenvalues: 74.3374 1.35624e+32 7.03652e+33 
Force Ellipsoid Eigenvectors: 1 0 0 0 0.999997 -0.00238849 0 0.00238849 0.999997 
joint effort: 1.08054e-14 32.0545 9.24178e-15 -75.9432 1.07609e-14 0.599062 1.08778e-14 
----------------------------------------
time: 0.170000000
Joint Positions: 0 0 0 0 0 0 0 
End-Effector Position: -8.52966e-17 3.01263e-17 1.261 
End-Effector Quaternion: 1 3.08149e-33 -6.12323e-17 -1.83697e-16 
Manipulability: 1.0488e-33
Manipulability Ellipsoid Eigenvalues: 2.59029e-33 3.15675e-32 1.04972 
Manipulability Ellipsoid Eigenvectors: 0 0.533691 0.845679 0 -0.845679 0.533691 1 0 0 
Force Ellipsoid Eigenvalues: 74.3374 1.35624e+32 7.03652e+33 
Force Ellipsoid Eigenvectors: 1 0 0 0 0.999997 -0.00238849 0 0.00238849 0.999997 
joint effort: 1.08054e-14 32.0545 9.24178e-15 -75.9432 1.07609e-14 0.599062 1.08778e-14 
----------------------------------------
time: 0.174000000
Joint Positions: 0 0 0 0 0 0 0 
End-Effector Position: -8.52966e-17 3.01263e-17 1.261 
End-Effector Quaternion: 1 3.08149e-33 -6.12323e-17 -1.83697e-16 
Manipulability: 1.0488e-33
Manipulability Ellipsoid Eigenvalues: 2.59029e-33 3.15675e-32 1.04972 
Manipulability Ellipsoid Eigenvectors: 0 0.533691 0.845679 0 -0.845679 0.533691 1 0 0 
Force Ellipsoid Eigenvalues: 74.3374 1.35624e+32 7.03652e+33 
Force Ellipsoid Eigenvectors: 1 0 0 0 0.999997 -0.00238849 0 0.00238849 0.999997 
joint effort: 1.08054e-14 32.0545 9.24178e-15 -75.9432 1.07609e-14 0.599062 1.08778e-14 
----------------------------------------
time: 0.180000000
Joint Positions: 0 0 0 0 0 0 0 
End-Effector Position: -8.52966e-17 3.01263e-17 1.261 
End-Effector Quaternion: 1 3.08149e-33 -6.12323e-17 -1.83697e-16 
Manipulability: 1.0488e-33
Manipulability Ellipsoid Eigenvalues: 2.59029e-33 3.15675e-32 1.04972 
Manipulability Ellipsoid Eigenvectors: 0 0.533691 0.845679 0 -0.845679 0.533691 1 0 0 
Force Ellipsoid Eigenvalues: 74.3374 1.35624e+32 7.03652e+33 
Force Ellipsoid Eigenvectors: 1 0 0 0 0.999997 -0.00238849 0 0.00238849 0.999997 
joint effort: 1.08054e-14 32.0545 9.24178e-15 -75.9432 1.07609e-14 0.599062 1.08778e-14 
----------------------------------------
time: 0.184000000
Joint Positions: 0 0 0 0 0 0 0 
End-Effector Position: -8.52966e-17 3.01263e-17 1.261 
End-Effector Quaternion: 1 3.08149e-33 -6.12323e-17 -1.83697e-16 
Manipulability: 1.0488e-33
Manipulability Ellipsoid Eigenvalues: 2.59029e-33 3.15675e-32 1.04972 
Manipulability Ellipsoid Eigenvectors: 0 0.533691 0.845679 0 -0.845679 0.533691 1 0 0 
Force Ellipsoid Eigenvalues: 74.3374 1.35624e+32 7.03652e+33 
Force Ellipsoid Eigenvectors: 1 0 0 0 0.999997 -0.00238849 0 0.00238849 0.999997 
joint effort: 1.08054e-14 32.0545 9.24178e-15 -75.9432 1.07609e-14 0.599062 1.08778e-14 
----------------------------------------
time: 0.190000000
Joint Positions: 0 0 0 0 0 0 0 
End-Effector Position: -8.52966e-17 3.01263e-17 1.261 
End-Effector Quaternion: 1 3.08149e-33 -6.12323e-17 -1.83697e-16 
Manipulability: 1.0488e-33
Manipulability Ellipsoid Eigenvalues: 2.59029e-33 3.15675e-32 1.04972 
Manipulability Ellipsoid Eigenvectors: 0 0.533691 0.845679 0 -0.845679 0.533691 1 0 0 
Force Ellipsoid Eigenvalues: 74.3374 1.35624e+32 7.03652e+33 
Force Ellipsoid Eigenvectors: 1 0 0 0 0.999997 -0.00238849 0 0.00238849 0.999997 
joint effort: 1.08054e-14 32.0545 9.24178e-15 -75.9432 1.07609e-14 0.599062 1.08778e-14 
----------------------------------------
time: 0.194000000
Joint Positions: 0 0 0 0 0 0 0 
End-Effector Position: -8.52966e-17 3.01263e-17 1.261 
End-Effector Quaternion: 1 3.08149e-33 -6.12323e-17 -1.83697e-16 
Manipulability: 1.0488e-33
Manipulability Ellipsoid Eigenvalues: 2.59029e-33 3.15675e-32 1.04972 
Manipulability Ellipsoid Eigenvectors: 0 0.533691 0.845679 0 -0.845679 0.533691 1 0 0 
Force Ellipsoid Eigenvalues: 74.3374 1.35624e+32 7.03652e+33 
Force Ellipsoid Eigenvectors: 1 0 0 0 0.999997 -0.00238849 0 0.00238849 0.999997 
joint effort: 1.08054e-14 32.0545 9.24178e-15 -75.9432 1.07609e-14 0.599062 1.08778e-14 
----------------------------------------
time: 0.199000000
Joint Positions: 0 0 0 0 0 0 0 
End-Effector Position: -8.52966e-17 3.01263e-17 1.261 
End-Effector Quaternion: 1 3.08149e-33 -6.12323e-17 -1.83697e-16 
Manipulability: 1.0488e-33
Manipulability Ellipsoid Eigenvalues: 2.59029e-33 3.15675e-32 1.04972 
Manipulability Ellipsoid Eigenvectors: 0 0.533691 0.845679 0 -0.845679 0.533691 1 0 0 
Force Ellipsoid Eigenvalues: 74.3374 1.35624e+32 7.03652e+33 
Force Ellipsoid Eigenvectors: 1 0 0 0 0.999997 -0.00238849 0 0.00238849 0.999997 
joint effort: 1.08054e-14 32.0545 9.24178e-15 -75.9432 1.07609e-14 0.599062 1.08778e-14 
----------------------------------------
time: 0.205000000
Joint Positions: 0 0 0 0 0 0 0 
End-Effector Position: -8.52966e-17 3.01263e-17 1.261 
End-Effector Quaternion: 1 3.08149e-33 -6.12323e-17 -1.83697e-16 
Manipulability: 1.0488e-33
Manipulability Ellipsoid Eigenvalues: 2.59029e-33 3.15675e-32 1.04972 
Manipulability Ellipsoid Eigenvectors: 0 0.533691 0.845679 0 -0.845679 0.533691 1 0 0 
Force Ellipsoid Eigenvalues: 74.3374 1.35624e+32 7.03652e+33 
Force Ellipsoid Eigenvectors: 1 0 0 0 0.999997 -0.00238849 0 0.00238849 0.999997 
joint effort: 1.08054e-14 32.0545 9.24178e-15 -75.9432 1.07609e-14 0.599062 1.08778e-14 
----------------------------------------
time: 0.209000000
Joint Positions: 0 0 0 0 0 0 0 
End-Effector Position: -8.52966e-17 3.01263e-17 1.261 
End-Effector Quaternion: 1 3.08149e-33 -6.12323e-17 -1.83697e-16 
Manipulability: 1.0488e-33
Manipulability Ellipsoid Eigenvalues: 2.59029e-33 3.15675e-32 1.04972 
Manipulability Ellipsoid Eigenvectors: 0 0.533691 0.845679 0 -0.845679 0.533691 1 0 0 
Force Ellipsoid Eigenvalues: 74.3374 1.35624e+32 7.03652e+33 
Force Ellipsoid Eigenvectors: 1 0 0 0 0.999997 -0.00238849 0 0.00238849 0.999997 
joint effort: 1.08054e-14 32.0545 9.24178e-15 -75.9432 1.07609e-14 0.599062 1.08778e-14 
----------------------------------------
time: 0.215000000
Joint Positions: 0 0 0 0 0 0 0 
End-Effector Position: -8.52966e-17 3.01263e-17 1.261 
End-Effector Quaternion: 1 3.08149e-33 -6.12323e-17 -1.83697e-16 
Manipulability: 1.0488e-33
Manipulability Ellipsoid Eigenvalues: 2.59029e-33 3.15675e-32 1.04972 
Manipulability Ellipsoid Eigenvectors: 0 0.533691 0.845679 0 -0.845679 0.533691 1 0 0 
Force Ellipsoid Eigenvalues: 74.3374 1.35624e+32 7.03652e+33 
Force Ellipsoid Eigenvectors: 1 0 0 0 0.999997 -0.00238849 0 0.00238849 0.999997 
joint effort: 1.08054e-14 32.0545 9.24178e-15 -75.9432 1.07609e-14 0.599062 1.08778e-14 
----------------------------------------
time: 0.219000000
Joint Positions: 0 0 0 0 0 0 0 
End-Effector Position: -8.52966e-17 3.01263e-17 1.261 
End-Effector Quaternion: 1 3.08149e-33 -6.12323e-17 -1.83697e-16 
Manipulability: 1.0488e-33
Manipulability Ellipsoid Eigenvalues: 2.59029e-33 3.15675e-32 1.04972 
Manipulability Ellipsoid Eigenvectors: 0 0.533691 0.845679 0 -0.845679 0.533691 1 0 0 
Force Ellipsoid Eigenvalues: 74.3374 1.35624e+32 7.03652e+33 
Force Ellipsoid Eigenvectors: 1 0 0 0 0.999997 -0.00238849 0 0.00238849 0.999997 
joint effort: 1.08054e-14 32.0545 9.24178e-15 -75.9432 1.07609e-14 0.599062 1.08778e-14 
----------------------------------------
time: 0.224000000
Joint Positions: 0 0 0 0 0 0 0 
End-Effector Position: -8.52966e-17 3.01263e-17 1.261 
End-Effector Quaternion: 1 3.08149e-33 -6.12323e-17 -1.83697e-16 
Manipulability: 1.0488e-33
Manipulability Ellipsoid Eigenvalues: 2.59029e-33 3.15675e-32 1.04972 
Manipulability Ellipsoid Eigenvectors: 0 0.533691 0.845679 0 -0.845679 0.533691 1 0 0 
Force Ellipsoid Eigenvalues: 74.3374 1.35624e+32 7.03652e+33 
Force Ellipsoid Eigenvectors: 1 0 0 0 0.999997 -0.00238849 0 0.00238849 0.999997 
joint effort: 1.08054e-14 32.0545 9.24178e-15 -75.9432 1.07609e-14 0.599062 1.08778e-14 
----------------------------------------
time: 0.229000000
Joint Positions: 0 0 0 0 0 0 0 
End-Effector Position: -8.52966e-17 3.01263e-17 1.261 
End-Effector Quaternion: 1 3.08149e-33 -6.12323e-17 -1.83697e-16 
Manipulability: 1.0488e-33
Manipulability Ellipsoid Eigenvalues: 2.59029e-33 3.15675e-32 1.04972 
Manipulability Ellipsoid Eigenvectors: 0 0.533691 0.845679 0 -0.845679 0.533691 1 0 0 
Force Ellipsoid Eigenvalues: 74.3374 1.35624e+32 7.03652e+33 
Force Ellipsoid Eigenvectors: 1 0 0 0 0.999997 -0.00238849 0 0.00238849 0.999997 
joint effort: 1.08054e-14 32.0545 9.24178e-15 -75.9432 1.07609e-14 0.599062 1.08778e-14 
----------------------------------------
time: 0.235000000
Joint Positions: 0 0 0 0 0 0 0 
End-Effector Position: -8.52966e-17 3.01263e-17 1.261 
End-Effector Quaternion: 1 3.08149e-33 -6.12323e-17 -1.83697e-16 
Manipulability: 1.0488e-33
Manipulability Ellipsoid Eigenvalues: 2.59029e-33 3.15675e-32 1.04972 
Manipulability Ellipsoid Eigenvectors: 0 0.533691 0.845679 0 -0.845679 0.533691 1 0 0 
Force Ellipsoid Eigenvalues: 74.3374 1.35624e+32 7.03652e+33 
Force Ellipsoid Eigenvectors: 1 0 0 0 0.999997 -0.00238849 0 0.00238849 0.999997 
joint effort: 1.08054e-14 32.0545 9.24178e-15 -75.9432 1.07609e-14 0.599062 1.08778e-14 
----------------------------------------
time: 0.239000000
Joint Positions: 0 0 0 0 0 0 0 
End-Effector Position: -8.52966e-17 3.01263e-17 1.261 
End-Effector Quaternion: 1 3.08149e-33 -6.12323e-17 -1.83697e-16 
Manipulability: 1.0488e-33
Manipulability Ellipsoid Eigenvalues: 2.59029e-33 3.15675e-32 1.04972 
Manipulability Ellipsoid Eigenvectors: 0 0.533691 0.845679 0 -0.845679 0.533691 1 0 0 
Force Ellipsoid Eigenvalues: 74.3374 1.35624e+32 7.03652e+33 
Force Ellipsoid Eigenvectors: 1 0 0 0 0.999997 -0.00238849 0 0.00238849 0.999997 
joint effort: 1.08054e-14 32.0545 9.24178e-15 -75.9432 1.07609e-14 0.599062 1.08778e-14 
----------------------------------------
time: 0.244000000
Joint Positions: 0 0 0 0 0 0 0 
End-Effector Position: -8.52966e-17 3.01263e-17 1.261 
End-Effector Quaternion: 1 3.08149e-33 -6.12323e-17 -1.83697e-16 
Manipulability: 1.0488e-33
Manipulability Ellipsoid Eigenvalues: 2.59029e-33 3.15675e-32 1.04972 
Manipulability Ellipsoid Eigenvectors: 0 0.533691 0.845679 0 -0.845679 0.533691 1 0 0 
Force Ellipsoid Eigenvalues: 74.3374 1.35624e+32 7.03652e+33 
Force Ellipsoid Eigenvectors: 1 0 0 0 0.999997 -0.00238849 0 0.00238849 0.999997 
joint effort: 1.08054e-14 32.0545 9.24178e-15 -75.9432 1.07609e-14 0.599062 1.08778e-14 
----------------------------------------
time: 0.249000000
Joint Positions: 0 0 0 0 0 0 0 
End-Effector Position: -8.52966e-17 3.01263e-17 1.261 
End-Effector Quaternion: 1 3.08149e-33 -6.12323e-17 -1.83697e-16 
Manipulability: 1.0488e-33
Manipulability Ellipsoid Eigenvalues: 2.59029e-33 3.15675e-32 1.04972 
Manipulability Ellipsoid Eigenvectors: 0 0.533691 0.845679 0 -0.845679 0.533691 1 0 0 
Force Ellipsoid Eigenvalues: 74.3374 1.35624e+32 7.03652e+33 
Force Ellipsoid Eigenvectors: 1 0 0 0 0.999997 -0.00238849 0 0.00238849 0.999997 
joint effort: 1.08054e-14 32.0545 9.24178e-15 -75.9432 1.07609e-14 0.599062 1.08778e-14 
----------------------------------------
time: 0.255000000
Joint Positions: 0 0 0 0 0 0 0 
End-Effector Position: -8.52966e-17 3.01263e-17 1.261 
End-Effector Quaternion: 1 3.08149e-33 -6.12323e-17 -1.83697e-16 
Manipulability: 1.0488e-33
Manipulability Ellipsoid Eigenvalues: 2.59029e-33 3.15675e-32 1.04972 
Manipulability Ellipsoid Eigenvectors: 0 0.533691 0.845679 0 -0.845679 0.533691 1 0 0 
Force Ellipsoid Eigenvalues: 74.3374 1.35624e+32 7.03652e+33 
Force Ellipsoid Eigenvectors: 1 0 0 0 0.999997 -0.00238849 0 0.00238849 0.999997 
joint effort: 1.08054e-14 32.0545 9.24178e-15 -75.9432 1.07609e-14 0.599062 1.08778e-14 
----------------------------------------
time: 0.259000000
Joint Positions: 0 0 0 0 0 0 0 
End-Effector Position: -8.52966e-17 3.01263e-17 1.261 
End-Effector Quaternion: 1 3.08149e-33 -6.12323e-17 -1.83697e-16 
Manipulability: 1.0488e-33
Manipulability Ellipsoid Eigenvalues: 2.59029e-33 3.15675e-32 1.04972 
Manipulability Ellipsoid Eigenvectors: 0 0.533691 0.845679 0 -0.845679 0.533691 1 0 0 
Force Ellipsoid Eigenvalues: 74.3374 1.35624e+32 7.03652e+33 
Force Ellipsoid Eigenvectors: 1 0 0 0 0.999997 -0.00238849 0 0.00238849 0.999997 
joint effort: 1.08054e-14 32.0545 9.24178e-15 -75.9432 1.07609e-14 0.599062 1.08778e-14 
----------------------------------------
time: 0.264000000
Joint Positions: 0 0 0 0 0 0 0 
End-Effector Position: -8.52966e-17 3.01263e-17 1.261 
End-Effector Quaternion: 1 3.08149e-33 -6.12323e-17 -1.83697e-16 
Manipulability: 1.0488e-33
Manipulability Ellipsoid Eigenvalues: 2.59029e-33 3.15675e-32 1.04972 
Manipulability Ellipsoid Eigenvectors: 0 0.533691 0.845679 0 -0.845679 0.533691 1 0 0 
Force Ellipsoid Eigenvalues: 74.3374 1.35624e+32 7.03652e+33 
Force Ellipsoid Eigenvectors: 1 0 0 0 0.999997 -0.00238849 0 0.00238849 0.999997 
joint effort: 1.08054e-14 32.0545 9.24178e-15 -75.9432 1.07609e-14 0.599062 1.08778e-14 
----------------------------------------
time: 0.270000000
Joint Positions: 0 0 0 0 0 0 0 
End-Effector Position: -8.52966e-17 3.01263e-17 1.261 
End-Effector Quaternion: 1 3.08149e-33 -6.12323e-17 -1.83697e-16 
Manipulability: 1.0488e-33
Manipulability Ellipsoid Eigenvalues: 2.59029e-33 3.15675e-32 1.04972 
Manipulability Ellipsoid Eigenvectors: 0 0.533691 0.845679 0 -0.845679 0.533691 1 0 0 
Force Ellipsoid Eigenvalues: 74.3374 1.35624e+32 7.03652e+33 
Force Ellipsoid Eigenvectors: 1 0 0 0 0.999997 -0.00238849 0 0.00238849 0.999997 
joint effort: 1.08054e-14 32.0545 9.24178e-15 -75.9432 1.07609e-14 0.599062 1.08778e-14 
----------------------------------------
time: 0.274000000
Joint Positions: 0 0 0 0 0 0 0 
End-Effector Position: -8.52966e-17 3.01263e-17 1.261 
End-Effector Quaternion: 1 3.08149e-33 -6.12323e-17 -1.83697e-16 
Manipulability: 1.0488e-33
Manipulability Ellipsoid Eigenvalues: 2.59029e-33 3.15675e-32 1.04972 
Manipulability Ellipsoid Eigenvectors: 0 0.533691 0.845679 0 -0.845679 0.533691 1 0 0 
Force Ellipsoid Eigenvalues: 74.3374 1.35624e+32 7.03652e+33 
Force Ellipsoid Eigenvectors: 1 0 0 0 0.999997 -0.00238849 0 0.00238849 0.999997 
joint effort: 1.08054e-14 32.0545 9.24178e-15 -75.9432 1.07609e-14 0.599062 1.08778e-14 
----------------------------------------
time: 0.279000000
Joint Positions: 0 0 0 0 0 0 0 
End-Effector Position: -8.52966e-17 3.01263e-17 1.261 
End-Effector Quaternion: 1 3.08149e-33 -6.12323e-17 -1.83697e-16 
Manipulability: 1.0488e-33
Manipulability Ellipsoid Eigenvalues: 2.59029e-33 3.15675e-32 1.04972 
Manipulability Ellipsoid Eigenvectors: 0 0.533691 0.845679 0 -0.845679 0.533691 1 0 0 
Force Ellipsoid Eigenvalues: 74.3374 1.35624e+32 7.03652e+33 
Force Ellipsoid Eigenvectors: 1 0 0 0 0.999997 -0.00238849 0 0.00238849 0.999997 
joint effort: 1.08054e-14 32.0545 9.24178e-15 -75.9432 1.07609e-14 0.599062 1.08778e-14 
----------------------------------------
time: 0.284000000
Joint Positions: 0 0 0 0 0 0 0 
End-Effector Position: -8.52966e-17 3.01263e-17 1.261 
End-Effector Quaternion: 1 3.08149e-33 -6.12323e-17 -1.83697e-16 
Manipulability: 1.0488e-33
Manipulability Ellipsoid Eigenvalues: 2.59029e-33 3.15675e-32 1.04972 
Manipulability Ellipsoid Eigenvectors: 0 0.533691 0.845679 0 -0.845679 0.533691 1 0 0 
Force Ellipsoid Eigenvalues: 74.3374 1.35624e+32 7.03652e+33 
Force Ellipsoid Eigenvectors: 1 0 0 0 0.999997 -0.00238849 0 0.00238849 0.999997 
joint effort: 1.08054e-14 32.0545 9.24178e-15 -75.9432 1.07609e-14 0.599062 1.08778e-14 
----------------------------------------
time: 0.289000000
Joint Positions: 0 0 0 0 0 0 0 
End-Effector Position: -8.52966e-17 3.01263e-17 1.261 
End-Effector Quaternion: 1 3.08149e-33 -6.12323e-17 -1.83697e-16 
Manipulability: 1.0488e-33
Manipulability Ellipsoid Eigenvalues: 2.59029e-33 3.15675e-32 1.04972 
Manipulability Ellipsoid Eigenvectors: 0 0.533691 0.845679 0 -0.845679 0.533691 1 0 0 
Force Ellipsoid Eigenvalues: 74.3374 1.35624e+32 7.03652e+33 
Force Ellipsoid Eigenvectors: 1 0 0 0 0.999997 -0.00238849 0 0.00238849 0.999997 
joint effort: 1.08054e-14 32.0545 9.24178e-15 -75.9432 1.07609e-14 0.599062 1.08778e-14 
----------------------------------------
time: 0.295000000
Joint Positions: 0 0 0 0 0 0 0 
End-Effector Position: -8.52966e-17 3.01263e-17 1.261 
End-Effector Quaternion: 1 3.08149e-33 -6.12323e-17 -1.83697e-16 
Manipulability: 1.0488e-33
Manipulability Ellipsoid Eigenvalues: 2.59029e-33 3.15675e-32 1.04972 
Manipulability Ellipsoid Eigenvectors: 0 0.533691 0.845679 0 -0.845679 0.533691 1 0 0 
Force Ellipsoid Eigenvalues: 74.3374 1.35624e+32 7.03652e+33 
Force Ellipsoid Eigenvectors: 1 0 0 0 0.999997 -0.00238849 0 0.00238849 0.999997 
joint effort: 1.08054e-14 32.0545 9.24178e-15 -75.9432 1.07609e-14 0.599062 1.08778e-14 
----------------------------------------
time: 0.299000000
Joint Positions: 0 0 0 0 0 0 0 
End-Effector Position: -8.52966e-17 3.01263e-17 1.261 
End-Effector Quaternion: 1 3.08149e-33 -6.12323e-17 -1.83697e-16 
Manipulability: 1.0488e-33
Manipulability Ellipsoid Eigenvalues: 2.59029e-33 3.15675e-32 1.04972 
Manipulability Ellipsoid Eigenvectors: 0 0.533691 0.845679 0 -0.845679 0.533691 1 0 0 
Force Ellipsoid Eigenvalues: 74.3374 1.35624e+32 7.03652e+33 
Force Ellipsoid Eigenvectors: 1 0 0 0 0.999997 -0.00238849 0 0.00238849 0.999997 
joint effort: 1.08054e-14 32.0545 9.24178e-15 -75.9432 1.07609e-14 0.599062 1.08778e-14 
----------------------------------------
time: 0.304000000
Joint Positions: 0 0 0 0 0 0 0 
End-Effector Position: -8.52966e-17 3.01263e-17 1.261 
End-Effector Quaternion: 1 3.08149e-33 -6.12323e-17 -1.83697e-16 
Manipulability: 1.0488e-33
Manipulability Ellipsoid Eigenvalues: 2.59029e-33 3.15675e-32 1.04972 
Manipulability Ellipsoid Eigenvectors: 0 0.533691 0.845679 0 -0.845679 0.533691 1 0 0 
Force Ellipsoid Eigenvalues: 74.3374 1.35624e+32 7.03652e+33 
Force Ellipsoid Eigenvectors: 1 0 0 0 0.999997 -0.00238849 0 0.00238849 0.999997 
joint effort: 1.08054e-14 32.0545 9.24178e-15 -75.9432 1.07609e-14 0.599062 1.08778e-14 
----------------------------------------
time: 0.309000000
Joint Positions: 0 0 0 0 0 0 0 
End-Effector Position: -8.52966e-17 3.01263e-17 1.261 
End-Effector Quaternion: 1 3.08149e-33 -6.12323e-17 -1.83697e-16 
Manipulability: 1.0488e-33
Manipulability Ellipsoid Eigenvalues: 2.59029e-33 3.15675e-32 1.04972 
Manipulability Ellipsoid Eigenvectors: 0 0.533691 0.845679 0 -0.845679 0.533691 1 0 0 
Force Ellipsoid Eigenvalues: 74.3374 1.35624e+32 7.03652e+33 
Force Ellipsoid Eigenvectors: 1 0 0 0 0.999997 -0.00238849 0 0.00238849 0.999997 
joint effort: 1.08054e-14 32.0545 9.24178e-15 -75.9432 1.07609e-14 0.599062 1.08778e-14 
----------------------------------------
time: 0.315000000
Joint Positions: 0 0 0 0 0 0 0 
End-Effector Position: -8.52966e-17 3.01263e-17 1.261 
End-Effector Quaternion: 1 3.08149e-33 -6.12323e-17 -1.83697e-16 
Manipulability: 1.0488e-33
Manipulability Ellipsoid Eigenvalues: 2.59029e-33 3.15675e-32 1.04972 
Manipulability Ellipsoid Eigenvectors: 0 0.533691 0.845679 0 -0.845679 0.533691 1 0 0 
Force Ellipsoid Eigenvalues: 74.3374 1.35624e+32 7.03652e+33 
Force Ellipsoid Eigenvectors: 1 0 0 0 0.999997 -0.00238849 0 0.00238849 0.999997 
joint effort: 1.08054e-14 32.0545 9.24178e-15 -75.9432 1.07609e-14 0.599062 1.08778e-14 
----------------------------------------
time: 0.319000000
Joint Positions: 0 0 0 0 0 0 0 
End-Effector Position: -8.52966e-17 3.01263e-17 1.261 
End-Effector Quaternion: 1 3.08149e-33 -6.12323e-17 -1.83697e-16 
Manipulability: 1.0488e-33
Manipulability Ellipsoid Eigenvalues: 2.59029e-33 3.15675e-32 1.04972 
Manipulability Ellipsoid Eigenvectors: 0 0.533691 0.845679 0 -0.845679 0.533691 1 0 0 
Force Ellipsoid Eigenvalues: 74.3374 1.35624e+32 7.03652e+33 
Force Ellipsoid Eigenvectors: 1 0 0 0 0.999997 -0.00238849 0 0.00238849 0.999997 
joint effort: 1.08054e-14 32.0545 9.24178e-15 -75.9432 1.07609e-14 0.599062 1.08778e-14 
----------------------------------------
time: 0.324000000
Joint Positions: 0 0 0 0 0 0 0 
End-Effector Position: -8.52966e-17 3.01263e-17 1.261 
End-Effector Quaternion: 1 3.08149e-33 -6.12323e-17 -1.83697e-16 
Manipulability: 1.0488e-33
Manipulability Ellipsoid Eigenvalues: 2.59029e-33 3.15675e-32 1.04972 
Manipulability Ellipsoid Eigenvectors: 0 0.533691 0.845679 0 -0.845679 0.533691 1 0 0 
Force Ellipsoid Eigenvalues: 74.3374 1.35624e+32 7.03652e+33 
Force Ellipsoid Eigenvectors: 1 0 0 0 0.999997 -0.00238849 0 0.00238849 0.999997 
joint effort: 1.08054e-14 32.0545 9.24178e-15 -75.9432 1.07609e-14 0.599062 1.08778e-14 
----------------------------------------
time: 0.329000000
Joint Positions: 0 0 0 0 0 0 0 
End-Effector Position: -8.52966e-17 3.01263e-17 1.261 
End-Effector Quaternion: 1 3.08149e-33 -6.12323e-17 -1.83697e-16 
Manipulability: 1.0488e-33
Manipulability Ellipsoid Eigenvalues: 2.59029e-33 3.15675e-32 1.04972 
Manipulability Ellipsoid Eigenvectors: 0 0.533691 0.845679 0 -0.845679 0.533691 1 0 0 
Force Ellipsoid Eigenvalues: 74.3374 1.35624e+32 7.03652e+33 
Force Ellipsoid Eigenvectors: 1 0 0 0 0.999997 -0.00238849 0 0.00238849 0.999997 
joint effort: 1.08054e-14 32.0545 9.24178e-15 -75.9432 1.07609e-14 0.599062 1.08778e-14 
----------------------------------------
time: 0.335000000
Joint Positions: 0 0 0 0 0 0 0 
End-Effector Position: -8.52966e-17 3.01263e-17 1.261 
End-Effector Quaternion: 1 3.08149e-33 -6.12323e-17 -1.83697e-16 
Manipulability: 1.0488e-33
Manipulability Ellipsoid Eigenvalues: 2.59029e-33 3.15675e-32 1.04972 
Manipulability Ellipsoid Eigenvectors: 0 0.533691 0.845679 0 -0.845679 0.533691 1 0 0 
Force Ellipsoid Eigenvalues: 74.3374 1.35624e+32 7.03652e+33 
Force Ellipsoid Eigenvectors: 1 0 0 0 0.999997 -0.00238849 0 0.00238849 0.999997 
joint effort: 1.08054e-14 32.0545 9.24178e-15 -75.9432 1.07609e-14 0.599062 1.08778e-14 
----------------------------------------
time: 0.339000000
Joint Positions: 0 0 0 0 0 0 0 
End-Effector Position: -8.52966e-17 3.01263e-17 1.261 
End-Effector Quaternion: 1 3.08149e-33 -6.12323e-17 -1.83697e-16 
Manipulability: 1.0488e-33
Manipulability Ellipsoid Eigenvalues: 2.59029e-33 3.15675e-32 1.04972 
Manipulability Ellipsoid Eigenvectors: 0 0.533691 0.845679 0 -0.845679 0.533691 1 0 0 
Force Ellipsoid Eigenvalues: 74.3374 1.35624e+32 7.03652e+33 
Force Ellipsoid Eigenvectors: 1 0 0 0 0.999997 -0.00238849 0 0.00238849 0.999997 
joint effort: 1.08054e-14 32.0545 9.24178e-15 -75.9432 1.07609e-14 0.599062 1.08778e-14 
----------------------------------------
time: 0.344000000
Joint Positions: 0 0 0 0 0 0 0 
End-Effector Position: -8.52966e-17 3.01263e-17 1.261 
End-Effector Quaternion: 1 3.08149e-33 -6.12323e-17 -1.83697e-16 
Manipulability: 1.0488e-33
Manipulability Ellipsoid Eigenvalues: 2.59029e-33 3.15675e-32 1.04972 
Manipulability Ellipsoid Eigenvectors: 0 0.533691 0.845679 0 -0.845679 0.533691 1 0 0 
Force Ellipsoid Eigenvalues: 74.3374 1.35624e+32 7.03652e+33 
Force Ellipsoid Eigenvectors: 1 0 0 0 0.999997 -0.00238849 0 0.00238849 0.999997 
joint effort: 1.08054e-14 32.0545 9.24178e-15 -75.9432 1.07609e-14 0.599062 1.08778e-14 
----------------------------------------
time: 0.349000000
Joint Positions: 0 0 0 0 0 0 0 
End-Effector Position: -8.52966e-17 3.01263e-17 1.261 
End-Effector Quaternion: 1 3.08149e-33 -6.12323e-17 -1.83697e-16 
Manipulability: 1.0488e-33
Manipulability Ellipsoid Eigenvalues: 2.59029e-33 3.15675e-32 1.04972 
Manipulability Ellipsoid Eigenvectors: 0 0.533691 0.845679 0 -0.845679 0.533691 1 0 0 
Force Ellipsoid Eigenvalues: 74.3374 1.35624e+32 7.03652e+33 
Force Ellipsoid Eigenvectors: 1 0 0 0 0.999997 -0.00238849 0 0.00238849 0.999997 
joint effort: 1.08054e-14 32.0545 9.24178e-15 -75.9432 1.07609e-14 0.599062 1.08778e-14 
----------------------------------------
time: 0.355000000
Joint Positions: -0.000885374 -0.00432351 -0.00131536 -0.0191205 -0.00109496 -0.0151967 0.00328157 
End-Effector Position: 0.00407032 -1.27336e-05 1.26095 
End-Effector Quaternion: 1 -5.91455e-06 -0.000199851 -6.99672e-06 
Manipulability: 3.07181e-05
Manipulability Ellipsoid Eigenvalues: 1.09744e-05 8.19161e-05 1.04963 
Manipulability Ellipsoid Eigenvectors: 0.00615756 -0.0245041 0.999681 0.00134148 0.999699 0.0244962 0.99998 -0.00119022 -0.00618858 
Force Ellipsoid Eigenvalues: 0.952712 12207.6 91120.8 
Force Ellipsoid Eigenvectors: -0.99998 0.00119022 0.00618858 0.00134148 0.999699 0.0244962 -0.00615756 0.0245041 -0.999681 
joint effort: 1.08054e-14 32.0545 9.24178e-15 -75.9432 1.07609e-14 0.599062 1.08778e-14 
----------------------------------------
time: 0.360000000
Joint Positions: -0.0010672 -0.00496453 -0.00183434 -0.0238745 -0.00127276 -0.0194151 0.00415259 
End-Effector Position: 0.00543747 -2.19799e-05 1.26092 
End-Effector Quaternion: 1 -8.53137e-06 -0.000252546 -1.07282e-05 
Manipulability: 4.83717e-05
Manipulability Ellipsoid Eigenvalues: 1.70197e-05 0.000130982 1.04958 
Manipulability Ellipsoid Eigenvectors: 0.0080691 -0.0265318 0.999615 0.00170526 0.999647 0.0265188 0.999966 -0.00149062 -0.0081115 
Force Ellipsoid Eigenvalues: 0.952758 7634.63 58755.3 
Force Ellipsoid Eigenvectors: -0.999966 0.00149062 0.0081115 0.00170526 0.999647 0.0265188 -0.0080691 0.0265318 -0.999615 
joint effort: 0.285496 27.769 0.843377 -65.8749 -0.201889 3.22112 -1.03225 
----------------------------------------
time: 0.364000000
Joint Positions: -0.00111272 -0.00510144 -0.00197133 -0.0250798 -0.00131445 -0.0205104 0.0043746 
End-Effector Position: 0.00580508 -2.47796e-05 1.26091 
End-Effector Quaternion: 1 -9.26791e-06 -0.000265979 -1.18022e-05 
Manipulability: 5.35183e-05
Manipulability Ellipsoid Eigenvalues: 1.87577e-05 0.000145483 1.04957 
Manipulability Ellipsoid Eigenvectors: 0.00857644 -0.0269238 0.999601 0.0017989 0.999636 0.0269094 0.999962 -0.00156739 -0.00862175 
Force Ellipsoid Eigenvalues: 0.952771 6873.64 53311.5 
Force Ellipsoid Eigenvectors: -0.999962 0.00156739 0.00862175 0.0017989 0.999636 0.0269094 -0.00857644 0.0269238 -0.999601 
joint effort: 0.326057 26.8931 1.01639 -65.1513 -0.427905 3.2473 -1.04639 
----------------------------------------
time: 0.369000000
Joint Positions: -0.00124385 -0.00533807 -0.00204457 -0.0274771 -0.00136174 -0.0227205 0.00461997 
End-Effector Position: 0.00656579 -2.89175e-05 1.2609 
End-Effector Quaternion: 1 -1.09629e-05 -0.000290661 -1.491e-05 
Manipulability: 6.45839e-05
Manipulability Ellipsoid Eigenvalues: 2.24801e-05 0.000176787 1.04954 
Manipulability Ellipsoid Eigenvectors: 0.00962272 -0.0250571 0.99964 0.00195698 0.999685 0.0250394 0.999952 -0.00171532 -0.00966872 
Force Ellipsoid Eigenvalues: 0.9528 5656.52 44483.7 
Force Ellipsoid Eigenvectors: -0.999952 0.00171532 0.00966872 0.00195698 0.999685 0.0250394 -0.00962272 0.0250571 -0.99964 
joint effort: 0.335971 26.6745 1.05145 -64.9804 -0.478427 3.25 -1.0476 
----------------------------------------
time: 0.374000000
Joint Positions: -0.00176512 -0.00555804 -0.000321428 -0.0308706 -0.00136207 -0.025924 0.00339441 
End-Effector Position: 0.00774004 -1.48995e-05 1.26087 
End-Effector Quaternion: 1 -1.73895e-05 -0.000305652 -2.68813e-05 
Manipulability: 8.22412e-05
Manipulability Ellipsoid Eigenvalues: 2.84108e-05 0.000226839 1.04949 
Manipulability Ellipsoid Eigenvectors: 0.0112516 -0.0029908 0.999932 0.00187988 0.999994 0.00296983 0.999935 -0.00184634 -0.0112572 
Force Ellipsoid Eigenvalues: 0.952844 4408.41 35197.9 
Force Ellipsoid Eigenvectors: -0.999935 0.00184634 0.0112572 0.00187988 0.999994 0.00296983 -0.0112516 0.0029908 -0.999932 
joint effort: 0.651588 26.2767 -0.194706 -64.9278 -0.893805 3.13748 0.309158 
----------------------------------------
time: 0.379000000
Joint Positions: -0.00208605 -0.0056224 0.001521 -0.0330332 -0.00224017 -0.0280133 0.00272969 
End-Effector Position: 0.00855278 7.95322e-06 1.26084 
End-Effector Quaternion: 1 -3.5808e-05 -0.000301192 -3.73447e-05 
Manipulability: 9.48017e-05
Manipulability Ellipsoid Eigenvalues: 3.24123e-05 0.000264216 1.04946 
Manipulability Ellipsoid Eigenvectors: 0.0123664 0.0159891 0.999796 0.00155805 0.999871 -0.0160096 0.999922 -0.00175571 -0.0123399 
Force Ellipsoid Eigenvalues: 0.952875 3784.78 30852.5 
Force Ellipsoid Eigenvectors: -0.999922 0.00175571 0.0123399 0.00155805 0.999871 -0.0160096 -0.0123664 -0.0159891 -0.999796 
joint effort: 1.24417 25.7282 -4.02501 -65.1279 -0.629358 2.84379 3.32619 
----------------------------------------
time: 0.385000000
Joint Positions: -0.00193055 -0.00561968 0.00272191 -0.0351414 -0.00475391 -0.0300949 0.00386876 
End-Effector Position: 0.00940031 3.28044e-05 1.26082 
End-Effector Quaternion: 1 -7.89313e-05 -0.00028647 -4.58565e-05 
Manipulability: 0.000108079
Manipulability Ellipsoid Eigenvalues: 3.64908e-05 0.000305033 1.04942 
Manipulability Ellipsoid Eigenvectors: -0.0134867 -0.026534 -0.999557 -0.000986709 -0.999647 0.0265497 0.999909 -0.00134434 -0.0134557 
Force Ellipsoid Eigenvalues: 0.952909 3278.33 27404.2 
Force Ellipsoid Eigenvectors: -0.999909 0.00134434 0.0134557 0.000986709 0.999647 -0.0265497 -0.0134867 -0.026534 -0.999557 
joint effort: 1.00742 25.1989 -3.13477 -65.2104 1.77898 2.62315 0.242164 
----------------------------------------
time: 0.390000000
Joint Positions: 0.00092683 -0.00548456 -0.00239283 -0.0382453 -0.00892719 -0.0332619 0.0102982 
End-Effector Position: 0.010758 -3.54516e-06 1.26078 
End-Effector Quaternion: 1 -0.000142232 -0.000249729 -4.50517e-05 
Manipulability: 0.000129779
Manipulability Ellipsoid Eigenvalues: 4.32277e-05 0.0003713 1.04936 
Manipulability Ellipsoid Eigenvectors: -0.0152217 0.0165851 -0.999747 7.65535e-05 -0.999862 -0.0165881 0.999884 0.000329034 -0.0152183 
Force Ellipsoid Eigenvalues: 0.952962 2693.24 23133.3 
Force Ellipsoid Eigenvectors: -0.999884 -0.000329034 0.0152183 -7.65535e-05 0.999862 0.0165881 -0.0152217 0.0165851 -0.999747 
joint effort: -0.653077 24.5411 0.763809 -65.2498 5.31522 2.38841 -5.59813 
----------------------------------------
time: 0.394000000
Joint Positions: 0.00497312 -0.00530782 -0.012109 -0.041397 -0.00131353 -0.0364779 0.0083479 
End-Effector Position: 0.0121714 -0.000140866 1.26073 
End-Effector Quaternion: 1 6.80742e-06 -0.000194215 -5.0258e-05 
Manipulability: 0.000154214
Manipulability Ellipsoid Eigenvalues: 4.77987e-05 0.000474179 1.04927 
Manipulability Ellipsoid Eigenvectors: -0.0171711 0.0815666 -0.99652 0.000827418 -0.996665 -0.0815928 0.999852 0.00222558 -0.0170464 
Force Ellipsoid Eigenvalues: 0.953043 2108.91 20921.1 
Force Ellipsoid Eigenvectors: -0.999852 -0.00222558 0.0170464 -0.000827418 0.996665 0.0815928 0.0171711 -0.0815666 0.99652 
joint effort: -8.69491 24.0246 10.9358 -64.033 5.915 2.67513 -8.44012 
----------------------------------------
time: 0.400000000
Joint Positions: 0.00450895 -0.00522622 -0.0112674 -0.0435735 0.00659777 -0.0386373 0.000151581 
End-Effector Position: 0.0131162 -0.000162326 1.2607 
End-Effector Quaternion: 1 0.000155891 -0.000145486 -6.9021e-06 
Manipulability: 0.000171561
Manipulability Ellipsoid Eigenvalues: 5.34407e-05 0.000524923 1.04923 
Manipulability Ellipsoid Eigenvectors: -0.018374 0.0741703 -0.997076 0.00064105 -0.997244 -0.0741946 0.999831 0.00200243 -0.0182758 
Force Ellipsoid Eigenvalues: 0.953082 1905.04 18712.3 
Force Ellipsoid Eigenvectors: -0.999831 -0.00200243 0.0182758 -0.00064105 0.997244 0.0741946 0.018374 -0.0741703 0.997076 
joint effort: -5.36635 25.5739 15.689 -59.7387 -1.66527 4.68224 -8.75367 
----------------------------------------
time: 0.405000000
Joint Positions: -0.00205903 -0.00506827 -0.000730359 -0.0468564 0.0157942 -0.0418973 -0.0132131 
End-Effector Position: 0.0145731 -9.75668e-05 1.26065 
End-Effector Quaternion: 1 0.000332468 -5.28615e-05 -0.000111028 
Manipulability: 0.00020034
Manipulability Ellipsoid Eigenvalues: 6.46434e-05 0.000591786 1.04917 
Manipulability Ellipsoid Eigenvectors: 0.0201474 -0.00861208 0.99976 0.00229659 0.999961 0.00856753 0.999794 -0.00212343 -0.0201664 
Force Ellipsoid Eigenvalues: 0.953131 1689.8 15469.5 
Force Ellipsoid Eigenvectors: -0.999794 0.00212343 0.0201664 0.00229659 0.999961 0.00856753 0.0201474 -0.00861208 0.99976 
joint effort: 13.7848 25.726 -1.07809 -59.8954 -6.95387 4.64186 -5.73222 
----------------------------------------
time: 0.409000000
Joint Positions: -0.00650876 -0.00487157 0.00642908 -0.0489152 0.0207214 -0.0439995 -0.020903 
End-Effector Position: 0.0155701 -4.68566e-05 1.26061 
End-Effector Quaternion: 1 0.000440025 2.68769e-05 -0.000140677 
Manipulability: 0.000220832
Manipulability Ellipsoid Eigenvalues: 6.98226e-05 0.00066574 1.04911 
Manipulability Ellipsoid Eigenvectors: 0.0215872 0.031435 0.999273 0.00424523 0.999494 -0.0315337 0.999758 -0.00492286 -0.0214428 
Force Ellipsoid Eigenvalues: 0.953186 1502.09 14322 
Force Ellipsoid Eigenvectors: -0.999758 0.00492286 0.0214428 0.00424523 0.999494 -0.0315337 0.0215872 0.031435 0.999273 
joint effort: 14.5241 21.5588 -13.3044 -67.132 -9.70093 0.655594 8.52528 
----------------------------------------
time: 0.414000000
Joint Positions: -0.00593532 -0.00454762 0.00931027 -0.0508469 0.0172735 -0.0460817 -0.0209814 
End-Effector Position: 0.0166215 2.97747e-05 1.26057 
End-Effector Quaternion: 1 0.000376265 0.000113655 -0.000175706 
Manipulability: 0.000240714
Manipulability Ellipsoid Eigenvalues: 7.46198e-05 0.000740204 1.04905 
Manipulability Ellipsoid Eigenvectors: 0.0229112 0.0451734 0.998716 0.00268748 0.998972 -0.0452466 0.999734 -0.00372068 -0.0227662 
Force Ellipsoid Eigenvalues: 0.953239 1350.98 13401.3 
Force Ellipsoid Eigenvectors: -0.999734 0.00372068 0.0227662 0.00268748 0.998972 -0.0452466 0.0229112 0.0451734 0.998716 
joint effort: 9.28609 22.6954 -16.0651 -64.1187 -8.33522 2.04005 15.253 
----------------------------------------
time: 0.420000000
Joint Positions: 0.00223111 -0.00396365 -0.000521696 -0.0539554 0.00557316 -0.0495209 -0.00768088 
End-Effector Position: 0.0183619 7.1803e-06 1.2605 
End-Effector Quaternion: 1 0.00013852 0.00023607 -0.000202598 
Manipulability: 0.000273302
Manipulability Ellipsoid Eigenvalues: 8.53343e-05 0.000834433 1.04899 
Manipulability Ellipsoid Eigenvectors: 0.0249567 -0.00376597 0.999681 -0.00205359 0.999991 0.0038184 0.999686 0.00214823 -0.0249487 
Force Ellipsoid Eigenvalues: 0.953299 1198.42 11718.6 
Force Ellipsoid Eigenvectors: -0.999686 -0.00214823 0.0249487 -0.00205359 0.999991 0.0038184 0.0249567 -0.00376597 0.999681 
joint effort: -9.94487 27.3913 1.17719 -51.614 -2.3363 8.02596 11.1669 
----------------------------------------
time: 0.424000000
Joint Positions: 0.00686819 -0.00356028 -0.00663659 -0.056086 -0.00103693 -0.0518754 0.000370768 
End-Effector Position: 0.0195581 -1.23901e-05 1.26045 
End-Effector Quaternion: 1 -1.52155e-05 0.000325252 -0.000216555 
Manipulability: 0.000298024
Manipulability Ellipsoid Eigenvalues: 9.13192e-05 0.000927256 1.04892 
Manipulability Ellipsoid Eigenvectors: 0.0265986 -0.0302969 0.999187 -0.00455547 0.999527 0.0304284 0.999636 0.00536112 -0.026448 
Force Ellipsoid Eigenvalues: 0.953362 1078.45 10950.6 
Force Ellipsoid Eigenvectors: -0.999636 -0.00536112 0.026448 -0.00455547 0.999527 0.0304284 0.0265986 -0.0302969 0.999187 
joint effort: -15.1214 22.0338 12.2903 -59.4101 -0.999379 3.63077 3.69053 
----------------------------------------
time: 0.430000000
Joint Positions: 0.0054996 -0.00286356 -0.00461852 -0.0590811 -0.0142124 -0.0552033 0.0128361 
End-Effector Position: 0.021355 7.04241e-05 1.26037 
End-Effector Quaternion: 1 -0.00038603 0.000509491 -0.000236566 
Manipulability: 0.000335503
Manipulability Ellipsoid Eigenvalues: 0.000101729 0.00105498 1.04883 
Manipulability Ellipsoid Eigenvectors: 0.0287539 -0.0167319 0.999446 -0.0038817 0.99985 0.0168503 0.999579 0.00436406 -0.0286846 
Force Ellipsoid Eigenvalues: 0.953443 947.888 9830.05 
Force Ellipsoid Eigenvectors: -0.999579 -0.00436406 0.0286846 -0.0038817 0.99985 0.0168503 0.0287539 -0.0167319 0.999446 
joint effort: -7.66677 19.6401 11.9966 -63.9426 -0.688265 1.23515 -3.85056 
----------------------------------------
time: 0.435000000
Joint Positions: -0.00227178 -0.0021615 0.00477363 -0.0621646 -0.0278013 -0.0585734 0.0247717 
End-Effector Position: 0.0231963 0.000199132 1.26028 
End-Effector Quaternion: 0.999999 -0.000820784 0.000723922 -0.000239435 
Manipulability: 0.000375874
Manipulability Ellipsoid Eigenvalues: 0.00011216 0.00120111 1.04873 
Manipulability Ellipsoid Eigenvectors: -0.0310021 -0.023807 -0.999236 -0.00063492 -0.999716 0.0238381 0.999519 -0.00137347 -0.0309782 
Force Ellipsoid Eigenvalues: 0.953534 832.56 8915.85 
Force Ellipsoid Eigenvectors: -0.999519 0.00137347 0.0309782 0.00063492 0.999716 -0.0238381 0.0310021 0.023807 0.999236 
joint effort: 15.5313 18.9678 -9.15482 -65.2651 3.65036 0.458523 -10.3511 
----------------------------------------
time: 0.440000000
Joint Positions: -0.00643232 -0.00167121 0.00817515 -0.0642382 -0.0313998 -0.0608437 0.0291131 
End-Effector Position: 0.0244503 0.00020954 1.26022 
End-Effector Quaternion: 0.999999 -0.000963065 0.000874706 -0.00024209 
Manipulability: 0.000404492
Manipulability Ellipsoid Eigenvalues: 0.000118815 0.00131316 1.04865 
Manipulability Ellipsoid Eigenvectors: 0.0326873 0.0355512 0.998833 0.00362676 0.999356 -0.0356885 0.999459 -0.00478909 -0.0325373 
Force Ellipsoid Eigenvalues: 0.953604 761.52 8416.48 
Force Ellipsoid Eigenvectors: -0.999459 0.00478909 0.0325373 0.00362676 0.999356 -0.0356885 0.0326873 0.0355512 0.998833 
joint effort: 14.6319 17.5578 -15.2224 -66.8581 11.2096 -0.601176 -11.2048 
----------------------------------------
time: 0.444000000
Joint Positions: -0.00166908 -0.00104845 0.000106041 -0.0677727 -0.0182324 -0.0645652 0.0191546 
End-Effector Position: 0.0264054 5.41078e-05 1.26011 
End-Effector Quaternion: 0.999999 -0.000586836 0.00108562 -0.000300799 
Manipulability: 0.000454734
Manipulability Ellipsoid Eigenvalues: 0.000133732 0.00147467 1.04855 
Manipulability Ellipsoid Eigenvectors: 0.0350046 0.00338079 0.999381 0.00164309 0.999993 -0.00344041 0.999386 -0.0017625 -0.0349988 
