# method surf_flowmatch_magnetic_DS
# columns: time_sec px py pz qx qy qz qw real_fx real_fy real_fz desired_fx desired_fy desired_fz
1776604861.451387405 0.572842002 -0.036013409 0.204490572 0.006368752 0.998275936 -0.041380946 -0.041136805 1.456904292 -2.298293829 -3.643872499 0.000000000 0.000000000 0.000000000
1776604861.457470179 0.572840214 -0.036058728 0.204492331 0.006402500 0.998274863 -0.041401785 -0.041136909 1.458026052 -2.300715208 -3.644676685 0.000000000 0.000000000 -8.000000000
1776604861.460488558 0.572837472 -0.036152028 0.204495609 0.006473653 0.998272717 -0.041442994 -0.041135851 1.459098697 -2.302780390 -3.645473242 0.000000000 0.000000000 -8.000000000
1776604861.465492725 0.572837472 -0.036152028 0.204495609 0.006473653 0.998272717 -0.041442994 -0.041135851 1.460110188 -2.304426432 -3.646252632 0.000000000 0.000000000 -8.000000000
1776604861.470525026 0.572836220 -0.036204144 0.204497159 0.006513494 0.998271525 -0.041465845 -0.041134775 1.461046100 -2.305581093 -3.647003174 0.000000000 0.000000000 -8.000000000
1776604861.475951433 0.572839618 -0.036259599 0.204499900 0.006558560 0.998270571 -0.041488755 -0.041127663 1.461891294 -2.306164503 -3.647710800 0.000000000 0.000000000 -8.000000000
1776604861.480634928 0.572981358 -0.036275130 0.204529017 0.006621923 0.998278499 -0.041469745 -0.040944442 1.462637305 -2.306090593 -3.648358107 0.000000000 0.000000000 -8.000000000
1776604861.485736132 0.573089004 -0.036313999 0.204534799 0.006679943 0.998283803 -0.041478019 -0.040796872 1.463291407 -2.305271149 -3.648925781 0.000000000 0.000000000 -8.000000000
1776604861.490585327 0.573231578 -0.036351543 0.204533964 0.006743878 0.998290837 -0.041487299 -0.040604476 1.463882327 -2.303617239 -3.649391651 0.000000000 0.000000000 -8.000000000
1776604861.495572329 0.573428214 -0.036383025 0.204529524 0.006810881 0.998300433 -0.041499063 -0.040344462 1.464461684 -2.301041126 -3.649732113 0.000000000 0.000000000 -8.000000000
1776604861.500548840 0.573647261 -0.036400739 0.204521060 0.006883240 0.998311341 -0.041505478 -0.040055305 1.465104342 -2.297456741 -3.649922132 0.000000000 0.000000000 -8.000000000
1776604861.505514145 0.573885977 -0.036414545 0.204513907 0.006964564 0.998323202 -0.041511871 -0.039737567 1.465909600 -2.292781830 -3.649936199 0.000000000 0.000000000 -8.000000000
1776604861.510613441 0.574158669 -0.036429636 0.204509020 0.007061107 0.998336732 -0.041519169 -0.039371125 1.466999054 -2.286939859 -3.649748802 0.000000000 0.000000000 -8.000000000
1776604861.516022682 0.574443936 -0.036445644 0.204505354 0.007169098 0.998350859 -0.041526631 -0.038984049 1.468513370 -2.279863358 -3.649334431 0.000000000 0.000000000 -8.000000000
1776604861.520527601 0.574739158 -0.036458686 0.204503536 0.007294343 0.998365343 -0.041531608 -0.038582627 1.470606089 -2.271495342 -3.648667812 0.000000000 0.000000000 -8.000000000
1776604861.526208878 0.575043857 -0.036470205 0.204504311 0.007437469 0.998380005 -0.041536015 -0.038167562 1.473436832 -2.261791229 -3.647725105 0.000000000 0.000000000 -8.000000000
1776604861.530487061 0.575043857 -0.036470205 0.204504311 0.007437469 0.998380005 -0.041536015 -0.038167562 1.477164149 -2.250717878 -3.646483898 0.000000000 0.000000000 -8.000000000
1776604861.536465168 0.575340807 -0.036480483 0.204502851 0.007592929 0.998394191 -0.041539781 -0.037760392 1.481939197 -2.238253355 -3.644923925 0.000000000 0.000000000 -8.000000000
1776604861.540679455 0.575873315 -0.036501143 0.204489529 0.007865641 0.998419523 -0.041545436 -0.037020613 1.487898231 -2.224386930 -3.643027067 0.000000000 0.000000000 -8.000000000
1776604861.546132088 0.576101780 -0.036515102 0.204482734 0.007982318 0.998430312 -0.041550666 -0.036698114 1.495156884 -2.209120512 -3.640778303 0.000000000 0.000000000 -8.000000000
1776604861.550526619 0.576295435 -0.036529183 0.204475164 0.008090020 0.998439431 -0.041554950 -0.036419701 1.503804088 -2.192467690 -3.638165712 0.000000000 0.000000000 -8.000000000
1776604861.556066751 0.576464295 -0.036544282 0.204469979 0.008184868 0.998447359 -0.041559938 -0.036174618 1.513897657 -2.174454451 -3.635181904 0.000000000 0.000000000 -8.000000000
1776604861.560556889 0.576581955 -0.036555484 0.204460561 0.008264349 0.998453081 -0.041560810 -0.035997588 1.525459647 -2.155118227 -3.631824493 0.000000000 0.000000000 -8.000000000
1776604861.566023827 0.576660037 -0.036568489 0.204448670 0.008334999 0.998456895 -0.041562136 -0.035873611 1.538474202 -2.134507656 -3.628096581 0.000000000 0.000000000 -8.000000000
1776604861.570487738 0.576688290 -0.036587253 0.204434454 0.008402292 0.998458266 -0.041566283 -0.035816126 1.552885294 -2.112680197 -3.624007940 0.000000000 0.000000000 -8.000000000
1776604861.575522661 0.576682508 -0.036610253 0.204423606 0.008466233 0.998457730 -0.041574132 -0.035806503 1.568599105 -2.089701653 -3.619574070 0.000000000 0.000000000 -8.000000000
1776604861.580997944 0.576650679 -0.036635268 0.204411834 0.008522576 0.998455942 -0.041583173 -0.035832062 1.585486770 -2.065645218 -3.614818096 0.000000000 0.000000000 -8.000000000
1776604861.585507631 0.576610863 -0.036661997 0.204394966 0.008573944 0.998453796 -0.041593030 -0.035868306 1.603390813 -2.040589333 -3.609770060 0.000000000 0.000000000 -8.000000000
1776604861.590729713 0.576560915 -0.036688853 0.204374909 0.008622329 0.998451173 -0.041602153 -0.035918418 1.622130752 -2.014617443 -3.604467392 0.000000000 0.000000000 -8.000000000
1776604861.595776796 0.576522708 -0.036715385 0.204353660 0.008668280 0.998449087 -0.041610822 -0.035956100 1.641509771 -1.987815976 -3.598954678 0.000000000 0.000000000 -8.000000000
1776604861.600532532 0.576500595 -0.036744475 0.204335868 0.008713274 0.998447537 -0.041620385 -0.035976127 1.661320210 -1.960272193 -3.593282938 0.000000000 0.000000000 -8.000000000
1776604861.605494499 0.576484263 -0.036775835 0.204319179 0.008759223 0.998446167 -0.041630395 -0.035992097 1.681349039 -1.932073832 -3.587510347 0.000000000 0.000000000 -8.000000000
1776604861.610481024 0.576476574 -0.036807746 0.204302996 0.008810576 0.998444974 -0.041640941 -0.036000762 1.701382518 -1.903306484 -3.581700325 0.000000000 0.000000000 -8.000000000
1776604861.615522623 0.576482892 -0.036839634 0.204289109 0.008867485 0.998444200 -0.041651435 -0.035996277 1.721210480 -1.874052882 -3.575921535 0.000000000 0.000000000 -8.000000000
1776604861.620482445 0.576504350 -0.036870517 0.204276472 0.008925410 0.998443961 -0.041661441 -0.035976611 1.740630746 -1.844391346 -3.570247650 0.000000000 0.000000000 -8.000000000
1776604861.626007080 0.576548100 -0.036901779 0.204265922 0.008982277 0.998444676 -0.041671656 -0.035931405 1.759453893 -1.814394712 -3.564756632 0.000000000 0.000000000 -8.000000000
1776604861.630827665 0.576605499 -0.036930695 0.204257280 0.009035733 0.998445868 -0.041680723 -0.035873268 1.777507544 -1.784129858 -3.559530020 0.000000000 0.000000000 -8.000000000
1776604861.635645628 0.576671302 -0.036960751 0.204247743 0.009088546 0.998447239 -0.041690759 -0.035810892 1.794639826 -1.753656626 -3.554652929 0.000000000 0.000000000 -8.000000000
1776604861.640722036 0.576743186 -0.036992494 0.204238623 0.009136581 0.998448551 -0.041702420 -0.035747685 1.810722470 -1.723028421 -3.550213099 0.000000000 0.000000000 -8.000000000
1776604861.645489216 0.576822162 -0.037023343 0.204228729 0.009182435 0.998449922 -0.041714173 -0.035684049 1.825653315 -1.692291975 -3.546301365 0.000000000 0.000000000 -8.000000000
1776604861.650485754 0.576910853 -0.037053801 0.204218924 0.009227967 0.998451352 -0.041727092 -0.035617426 1.839357495 -1.661488056 -3.543009996 0.000000000 0.000000000 -8.000000000
1776604861.655548811 0.577007115 -0.037084669 0.204205841 0.009274812 0.998452723 -0.041741759 -0.035550222 1.851788640 -1.630653262 -3.540432692 0.000000000 0.000000000 -8.000000000
1776604861.660532951 0.577105343 -0.037115805 0.204186589 0.009323391 0.998453796 -0.041757531 -0.035487380 1.862929940 -1.599820495 -3.538664818 0.000000000 0.000000000 -8.000000000
1776604861.665486813 0.577211320 -0.037145853 0.204163551 0.009372788 0.998455048 -0.041773364 -0.035420761 1.872792959 -1.569021344 -3.537802219 0.000000000 0.000000000 -8.000000000
1776604861.670550585 0.577322245 -0.037177887 0.204136312 0.009424313 0.998456240 -0.041790467 -0.035353307 1.881416798 -1.538286924 -3.537942886 0.000000000 0.000000000 -8.000000000
1776604861.676215887 0.577429891 -0.037212454 0.204100519 0.009479236 0.998457015 -0.041809104 -0.035294205 1.888865948 -1.507649422 -3.539186239 0.000000000 0.000000000 -8.000000000
1776604861.681338549 0.577536881 -0.037248075 0.204060078 0.009542804 0.998457551 -0.041828569 -0.035240263 1.895228267 -1.477143288 -3.541633844 0.000000000 0.000000000 -8.000000000
1776604861.685869455 0.577647328 -0.037284747 0.204015911 0.009610036 0.998457849 -0.041849077 -0.035187740 1.900612712 -1.446805358 -3.545391321 0.000000000 0.000000000 -8.000000000
1776604861.690846682 0.577758074 -0.037321310 0.203967124 0.009680985 0.998458028 -0.041870128 -0.035139516 1.905146360 -1.416676879 -3.550568342 0.000000000 0.000000000 -8.000000000
1776604861.695602894 0.577876806 -0.037356373 0.203923911 0.009756606 0.998458266 -0.041890930 -0.035085965 1.908973575 -1.386803031 -3.557281017 0.000000000 0.000000000 -8.000000000
1776604861.701155663 0.578006089 -0.037386574 0.203887403 0.009840144 0.998458862 -0.041909963 -0.035023969 1.912253261 -1.357234001 -3.565652370 0.000000000 0.000000000 -8.000000000
1776604861.705558062 0.578147113 -0.037413817 0.203851551 0.009923999 0.998459637 -0.041928142 -0.034956384 1.915158153 -1.328025460 -3.575812101 0.000000000 0.000000000 -8.000000000
1776604861.711151838 0.578291357 -0.037438169 0.203809112 0.010008657 0.998460114 -0.041945960 -0.034896005 1.917874575 -1.299238920 -3.587896585 0.000000000 0.000000000 -8.000000000
1776604861.715652227 0.578469694 -0.037460174 0.203766257 0.010105268 0.998461604 -0.041964035 -0.034804571 1.920601845 -1.270941257 -3.602048635 0.000000000 0.000000000 -8.000000000
1776604861.721124172 0.578644156 -0.037477586 0.203712314 0.010206159 0.998462498 -0.041981075 -0.034728501 1.923552155 -1.243205667 -3.618416786 0.000000000 0.000000000 -8.000000000
1776604861.725502253 0.578839421 -0.037489578 0.203656197 0.010304540 0.998463929 -0.041996397 -0.034639634 1.926950932 -1.216110587 -3.637154818 0.000000000 0.000000000 -8.000000000
1776604861.731084824 0.579095781 -0.037498713 0.203615934 0.010400373 0.998467684 -0.042010922 -0.034485407 1.931035519 -1.189740658 -3.658421278 0.000000000 0.000000000 -8.000000000
1776604861.735491514 0.579372704 -0.037503313 0.203591436 0.010489962 0.998472214 -0.042023104 -0.034310762 1.936055541 -1.164186835 -3.682379246 0.000000000 0.000000000 -8.000000000
1776604861.741173267 0.579660892 -0.037503004 0.203573525 0.010557231 0.998477459 -0.042032510 -0.034125753 1.942269921 -1.139545679 -3.709195375 0.000000000 0.000000000 -8.000000000
1776604861.745628357 0.579974771 -0.037500810 0.203552455 0.010601569 0.998483658 -0.042040572 -0.033920143 1.949945211 -1.115919828 -3.739036560 0.000000000 0.000000000 -8.000000000
1776604861.751200676 0.580342948 -0.037496712 0.203528017 0.010633712 0.998491824 -0.042047549 -0.033659935 1.959351897 -1.093416452 -3.772069454 0.000000000 0.000000000 -8.000000000
1776604861.755710840 0.580718696 -0.037489112 0.203489095 0.010656389 0.998500049 -0.042053390 -0.033399854 1.970762968 -1.072145343 -3.808455944 0.000000000 0.000000000 -8.000000000
1776604861.761087894 0.581100225 -0.037477758 0.203447759 0.010678593 0.998508453 -0.042057700 -0.033136342 1.984448910 -1.052217841 -3.848352194 0.000000000 0.000000000 -8.000000000
1776604861.765625000 0.581514597 -0.037464090 0.203423440 0.010704073 0.998518229 -0.042060461 -0.032828417 2.000673294 -1.033744454 -3.891905785 0.000000000 0.000000000 -8.000000000
1776604861.771054983 0.581947744 -0.037451468 0.203409731 0.010739454 0.998528481 -0.042063996 -0.032498237 2.019686699 -1.016833663 -3.939254761 0.000000000 0.000000000 -8.000000000
1776604861.775581121 0.582395971 -0.037439231 0.203395516 0.010786064 0.998538733 -0.042068448 -0.032160662 2.041720152 -1.001589179 -3.990524292 0.000000000 0.000000000 -8.000000000
1776604861.781189919 0.582848668 -0.037423670 0.203368008 0.010842985 0.998548746 -0.042072069 -0.031824961 2.066979408 -0.988108635 -4.045826912 0.000000000 0.000000000 -8.000000000
1776604861.785955667 0.583302975 -0.037406307 0.203342438 0.010913913 0.998558342 -0.042075768 -0.031491213 2.095641136 -0.976480961 -4.105259895 0.000000000 0.000000000 -8.000000000
1776604861.791060448 0.583744645 -0.037389170 0.203323603 0.010996277 0.998567283 -0.042079981 -0.031172084 2.127848148 -0.966785491 -4.168904305 0.000000000 0.000000000 -8.000000000
1776604861.796090364 0.584203243 -0.037374329 0.203295708 0.011082274 0.998576581 -0.042085469 -0.030835411 2.163704872 -0.959091127 -4.236822128 0.000000000 0.000000000 -8.000000000
1776604861.801148891 0.584627211 -0.037359178 0.203248382 0.011162997 0.998584151 -0.042091228 -0.030551154 2.203274965 -0.953455389 -4.309060097 0.000000000 0.000000000 -8.000000000
1776604861.806076527 0.585095525 -0.037346348 0.203219861 0.011237344 0.998593092 -0.042098045 -0.030220238 2.246578455 -0.949924171 -4.385644913 0.000000000 0.000000000 -8.000000000
1776604861.810977936 0.585503399 -0.037335623 0.203177005 0.011292540 0.998599946 -0.042106055 -0.029961932 2.293590546 -0.948530912 -4.466586113 0.000000000 0.000000000 -8.000000000
1776604861.815540075 0.585905313 -0.037324868 0.203138351 0.011325897 0.998606622 -0.042112906 -0.029715963 2.344240427 -0.949296117 -4.551873684 0.000000000 0.000000000 -8.000000000
1776604861.820938587 0.586289227 -0.037320577 0.203095883 0.011347412 0.998612285 -0.042123511 -0.029501883 2.398410559 -0.952227056 -4.641479969 0.000000000 0.000000000 -8.000000000
1776604861.826200962 0.586641252 -0.037319809 0.203052580 0.011363032 0.998616695 -0.042134851 -0.029330000 2.455939531 -0.957317710 -4.735358715 0.000000000 0.000000000 -8.000000000
1776604861.831035614 0.586978614 -0.037322845 0.203022242 0.011380267 0.998620510 -0.042147990 -0.029174145 2.516624451 -0.964548588 -4.833448410 0.000000000 0.000000000 -8.000000000
1776604861.836018085 0.587280452 -0.037326954 0.202983290 0.011399424 0.998622954 -0.042161796 -0.029062662 2.580225468 -0.973887503 -4.935675144 0.000000000 0.000000000 -8.000000000
1776604861.841057062 0.587521493 -0.037332021 0.202923000 0.011426535 0.998622954 -0.042177111 -0.029030213 2.646470308 -0.985289454 -5.041954041 0.000000000 0.000000000 -8.000000000
