# method surf_flowmatch_magnetic_DS
# columns: time_sec px py pz qx qy qz qw real_fx real_fy real_fz desired_fx desired_fy desired_fz e_f e_v u_nx u_e1 adapter_nx adapter_e1
# adapt_gain_nx: 0.100000000000
# adapt_gain_e1: 100.000000000000
# adapt_kp_nx: 0.000000000000
# adapt_kp_e1: 0.000000000000
# adapt_integral_nx_max: 0.250000000000
# adapt_integral_e1_max: 0.250000000000
# eigen_lambda_0: 300.000000000000
# eigen_lambda_1: 300.000000000000
1776852970.552077532 0.378251106 -0.060562849 0.294944882 0.018149644 0.998981714 0.008853521 0.040344767 0.409266502 -1.456369758 -7.427447319 0.000000000 0.000000000 0.000000000 0.000000000 0.000000000 0.000000000 0.000000000 0.000000000 0.000000000
1776852970.555812359 0.378249198 -0.060567588 0.294943511 0.018064007 0.998982430 0.008854048 0.040365204 0.411262512 -1.457729578 -7.431569576 0.000000000 0.000000000 -12.000000000 0.000000000 0.000000000 0.000000000 0.000000000 0.000006779 0.000603148
1776852970.560565472 0.378249139 -0.060572434 0.294943422 0.017980248 0.998983085 0.008854278 0.040387679 0.413347125 -1.459453821 -7.435885429 0.000000000 0.000000000 -12.000000000 0.000000000 0.000000000 0.000000000 0.000000000 0.000013550 0.001204480
1776852970.565645456 0.378249973 -0.060577400 0.294943064 0.017899456 0.998983622 0.008854388 0.040410165 0.415500939 -1.461546421 -7.440365791 0.000000000 0.000000000 -12.000000000 0.000000000 0.000000000 0.000000000 0.000000000 0.000020312 0.001803966
1776852970.570577145 0.378251672 -0.060581528 0.294942498 0.017826686 0.998983979 0.008855408 0.040432803 0.417705357 -1.464010715 -7.444984913 0.000000000 0.000000000 -12.000000000 0.000000000 0.000000000 0.000000000 0.000000000 0.000027066 0.002401616
1776852970.575583458 0.378255665 -0.060584769 0.294941723 0.017756207 0.998984218 0.008856690 0.040457923 0.419942558 -1.466848731 -7.449718952 0.000000000 0.000000000 -12.000000000 0.000000000 0.000000000 0.000000000 0.000000000 0.000033811 0.002997398
1776852970.580725431 0.378434181 -0.060607359 0.294995487 0.017744398 0.998974264 0.008847411 0.040709991 0.422197402 -1.470061541 -7.454545021 0.000000000 0.000000000 -12.000000000 0.000000000 0.000000000 0.000000000 0.000000000 0.000040548 0.003581837
1776852970.585551262 0.378632575 -0.060624342 0.295032918 0.017777175 0.998962164 0.008845420 0.040992379 0.424464792 -1.473649263 -7.459444046 0.000000000 0.000000000 -12.000000000 0.000000000 0.000000000 0.000000000 0.000000000 0.000047379 0.004155602
1776852970.590632200 0.378827333 -0.060630199 0.295053363 0.017813697 0.998949885 0.008857281 0.041271880 0.426760852 -1.477611184 -7.464394093 0.000000000 0.000000000 -12.000000000 0.000000000 0.000000000 0.000000000 0.000000000 0.000054201 0.004720157
1776852970.595598936 0.379115105 -0.060637839 0.295085639 0.017855486 0.998932481 0.008869434 0.041670460 0.429132104 -1.481944561 -7.469371796 0.000000000 0.000000000 -12.000000000 0.000000000 0.000000000 0.000000000 0.000000000 0.000061019 0.005271411
1776852970.600587368 0.379447162 -0.060650561 0.295121908 0.017899854 0.998912513 0.008877376 0.042126343 0.431659788 -1.486641526 -7.474351883 0.000000000 0.000000000 -12.000000000 0.000000000 0.000000000 0.000000000 0.000000000 0.000067832 0.005807961
1776852970.605570555 0.379802257 -0.060668282 0.295161337 0.017949263 0.998890817 0.008883791 0.042615458 0.434459865 -1.491686225 -7.479305267 0.000000000 0.000000000 -12.000000000 0.000000000 0.000000000 0.000000000 0.000000000 0.000074690 0.006329548
1776852970.610730886 0.380201727 -0.060688816 0.295208693 0.018006701 0.998866200 0.008891595 0.043163151 0.437680244 -1.497052431 -7.484199047 0.000000000 0.000000000 -12.000000000 0.000000000 0.000000000 0.000000000 0.000000000 0.000081558 0.006834842
1776852970.615599871 0.380628228 -0.060712080 0.295259356 0.018064821 0.998839617 0.008896213 0.043748636 0.441496223 -1.502701402 -7.488996506 0.000000000 0.000000000 -12.000000000 0.000000000 0.000000000 0.000000000 0.000000000 0.000088422 0.007323639
1776852970.620541573 0.381063759 -0.060736012 0.295307964 0.018124294 0.998812079 0.008900339 0.044348054 0.446105540 -1.508580923 -7.493658066 0.000000000 0.000000000 -12.000000000 0.000000000 0.000000000 0.000000000 0.000000000 0.000095291 0.007796685
1776852970.625546217 0.381510645 -0.060759038 0.295354545 0.018187473 0.998783290 0.008907690 0.044964463 0.451722264 -1.514623642 -7.498142242 0.000000000 0.000000000 -12.000000000 0.000000000 0.000000000 0.000000000 0.000000000 0.000102190 0.008254628
1776852970.630577803 0.381961644 -0.060779594 0.295400023 0.018252358 0.998753905 0.008918040 0.045585230 0.458569795 -1.520748019 -7.502407074 0.000000000 0.000000000 -12.000000000 0.000000000 0.000000000 0.000000000 0.000000000 0.000109114 0.008698260
1776852970.635596037 0.382418692 -0.060799129 0.295448780 0.018316265 0.998723805 0.008928829 0.046212196 0.466873169 -1.526858330 -7.506409168 0.000000000 0.000000000 -12.000000000 0.000000000 0.000000000 0.000000000 0.000000000 0.000116028 0.009128174
1776852970.640585184 0.382882774 -0.060823124 0.295498580 0.018380353 0.998693049 0.008935017 0.046845917 0.476850927 -1.532846332 -7.510105610 0.000000000 0.000000000 -12.000000000 0.000000000 0.000000000 0.000000000 0.000000000 0.000122980 0.009544961
1776852970.645619869 0.383335859 -0.060851902 0.295546353 0.018440492 0.998662770 0.008933974 0.047464296 0.488707900 -1.538593054 -7.513451576 0.000000000 0.000000000 -12.000000000 0.000000000 0.000000000 0.000000000 0.000000000 0.000129952 0.009950047
1776852970.650547028 0.383797050 -0.060890075 0.295595407 0.018496126 0.998631895 0.008919158 0.048090510 0.502629161 -1.543971658 -7.516402721 0.000000000 0.000000000 -12.000000000 0.000000000 0.000000000 0.000000000 0.000000000 0.000136942 0.010344434
1776852970.655596972 0.384243906 -0.060934104 0.295649171 0.018546458 0.998601794 0.008895320 0.048696749 0.518775105 -1.548849583 -7.518914700 0.000000000 0.000000000 -12.000000000 0.000000000 0.000000000 0.000000000 0.000000000 0.000143972 0.010729056
1776852970.660575867 0.384699672 -0.060988314 0.295707285 0.018591538 0.998571098 0.008857037 0.049311657 0.537277818 -1.553092957 -7.520943642 0.000000000 0.000000000 -12.000000000 0.000000000 0.000000000 0.000000000 0.000000000 0.000151073 0.011104575
1776852970.665580273 0.385155797 -0.061055921 0.295770586 0.018631682 0.998540401 0.008801748 0.049924206 0.558239698 -1.556568742 -7.522447586 0.000000000 0.000000000 -12.000000000 0.000000000 0.000000000 0.000000000 0.000000000 0.000158210 0.011471879
1776852970.670756578 0.385601193 -0.061134420 0.295835853 0.018667506 0.998510301 0.008732758 0.050521526 0.581734598 -1.559149146 -7.523387909 0.000000000 0.000000000 -12.000000000 0.000000000 0.000000000 0.000000000 0.000000000 0.000165350 0.011832329
1776852970.675965548 0.386055559 -0.061229900 0.295903951 0.018697713 0.998479724 0.008642094 0.051126610 0.607809842 -1.560714006 -7.523730755 0.000000000 0.000000000 -12.000000000 0.000000000 0.000000000 0.000000000 0.000000000 0.000172524 0.012186884
1776852970.680894613 0.386494517 -0.061333224 0.295975685 0.018723644 0.998450160 0.008541468 0.051708065 0.636489153 -1.561153889 -7.523449421 0.000000000 0.000000000 -12.000000000 0.000000000 0.000000000 0.000000000 0.000000000 0.000179724 0.012536911
1776852970.685917854 0.386948347 -0.061442107 0.296051443 0.018748043 0.998419702 0.008433893 0.052301824 0.667773724 -1.560371399 -7.522527218 0.000000000 0.000000000 -12.000000000 0.000000000 0.000000000 0.000000000 0.000000000 0.000186974 0.012883541
1776852970.690544605 0.387371957 -0.061543133 0.296123743 0.018773975 0.998391032 0.008336646 0.052852973 0.701641917 -1.558281064 -7.520954609 0.000000000 0.000000000 -12.000000000 0.000000000 0.000000000 0.000000000 0.000000000 0.000194282 0.013228688
1776852970.695883989 0.387781680 -0.061639704 0.296206832 0.018803887 0.998362958 0.008248881 0.053382959 0.738046765 -1.554809332 -7.518730164 0.000000000 0.000000000 -12.000000000 0.000000000 0.000000000 0.000000000 0.000000000 0.000201603 0.013573197
1776852970.700581074 0.388148040 -0.061732423 0.296285659 0.018835241 0.998337924 0.008168082 0.053850986 0.776913762 -1.549893260 -7.515858650 0.000000000 0.000000000 -12.000000000 0.000000000 0.000000000 0.000000000 0.000000000 0.000208924 0.013918308
1776852970.705698013 0.388485044 -0.061817888 0.296373487 0.018868400 0.998314977 0.008098665 0.054273248 0.818135679 -1.543479204 -7.512347698 0.000000000 0.000000000 -12.000000000 0.000000000 0.000000000 0.000000000 0.000000000 0.000216255 0.014264442
1776852970.710922480 0.388744891 -0.061890796 0.296457887 0.018899582 0.998297930 0.008044376 0.054583684 0.861566782 -1.535523295 -7.508205891 0.000000000 0.000000000 -12.000000000 0.000000000 0.000000000 0.000000000 0.000000000 0.000223572 0.014611940
1776852970.715600252 0.388896495 -0.061941467 0.296533138 0.018927842 0.998289108 0.008015817 0.054739345 0.907014549 -1.525989413 -7.503437519 0.000000000 0.000000000 -12.000000000 0.000000000 0.000000000 0.000000000 0.000000000 0.000230911 0.014960606
1776852970.720914602 0.388968468 -0.061982214 0.296605200 0.018954791 0.998286664 0.008000812 0.054776724 0.954232335 -1.514850020 -7.498042107 0.000000000 0.000000000 -12.000000000 0.000000000 0.000000000 0.000000000 0.000000000 0.000238279 0.015309677
1776852970.725669622 0.389009923 -0.062016919 0.296684325 0.018982772 0.998287261 0.007995813 0.054756261 1.002918243 -1.502085686 -7.492009640 0.000000000 0.000000000 -12.000000000 0.000000000 0.000000000 0.000000000 0.000000000 0.000245654 0.015658418
1776852970.730929375 0.388981640 -0.062045287 0.296759635 0.019008804 0.998294115 0.007999792 0.054622184 1.052720189 -1.487686396 -7.485317707 0.000000000 0.000000000 -12.000000000 0.000000000 0.000000000 0.000000000 0.000000000 0.000253038 0.016006097
1776852970.735696793 0.388911545 -0.062069759 0.296838194 0.019033121 0.998305142 0.008010025 0.054409731 1.103245020 -1.471651793 -7.477929592 0.000000000 0.000000000 -12.000000000 0.000000000 0.000000000 0.000000000 0.000000000 0.000260406 0.016352054
1776852970.741102219 0.388790309 -0.062084265 0.296901196 0.019059494 0.998320758 0.008034410 0.054109052 1.154068351 -1.453992248 -7.469785690 0.000000000 0.000000000 -12.000000000 0.000000000 0.000000000 0.000000000 0.000000000 0.000267785 0.016696196
1776852970.745792866 0.388634562 -0.062089391 0.296961248 0.019089345 0.998340011 0.008073822 0.053736728 1.204743624 -1.434729695 -7.460803986 0.000000000 0.000000000 -12.000000000 0.000000000 0.000000000 0.000000000 0.000000000 0.000275183 0.017038105
1776852970.750915051 0.388486683 -0.062100586 0.297034383 0.019124793 0.998360276 0.008113660 0.053340342 1.254810929 -1.413897634 -7.450870991 0.000000000 0.000000000 -12.000000000 0.000000000 0.000000000 0.000000000 0.000000000 0.000282602 0.017377051
1776852970.755691051 0.388336718 -0.062116250 0.297118038 0.019164518 0.998382211 0.008154984 0.052907150 1.303806663 -1.391542673 -7.439843655 0.000000000 0.000000000 -12.000000000 0.000000000 0.000000000 0.000000000 0.000000000 0.000289996 0.017713076
1776852970.760632515 0.388209224 -0.062145296 0.297211021 0.019207368 0.998403907 0.008186097 0.052475825 1.351275325 -1.367724657 -7.427540302 0.000000000 0.000000000 -12.000000000 0.000000000 0.000000000 0.000000000 0.000000000 0.000297406 0.018045396
1776852970.765654564 0.388123989 -0.062191028 0.297321916 0.019262686 0.998424053 0.008211064 0.052066892 1.396782279 -1.342517614 -7.413742542 0.000000000 0.000000000 -12.000000000 0.000000000 0.000000000 0.000000000 0.000000000 0.000304835 0.018373704
1776852970.770581961 0.388093203 -0.062251501 0.297454983 0.019328976 0.998441815 0.008230586 0.051696591 1.439927697 -1.316010952 -7.398194790 0.000000000 0.000000000 -12.000000000 0.000000000 0.000000000 0.000000000 0.000000000 0.000312286 0.018698175
1776852970.775566816 0.388128996 -0.062334824 0.297607869 0.019409029 0.998456120 0.008237152 0.051389121 1.480358124 -1.288309574 -7.380603790 0.000000000 0.000000000 -12.000000000 0.000000000 0.000000000 0.000000000 0.000000000 0.000319763 0.019019499
1776852970.780583620 0.388255179 -0.062453378 0.297800958 0.019507147 0.998465180 0.008222278 0.051177658 1.517778039 -1.259534240 -7.360641003 0.000000000 0.000000000 -12.000000000 0.000000000 0.000000000 0.000000000 0.000000000 0.000327299 0.019338712
1776852970.785552979 0.388460368 -0.062601455 0.298019230 0.019626806 0.998470068 0.008194186 0.051040612 1.551955700 -1.229820490 -7.337945938 0.000000000 0.000000000 -12.000000000 0.000000000 0.000000000 0.000000000 0.000000000 0.000334886 0.019657815
1776852970.790552139 0.388760924 -0.062783256 0.298257053 0.019766079 0.998469770 0.008145840 0.051000439 1.582727671 -1.199317813 -7.312128544 0.000000000 0.000000000 -12.000000000 0.000000000 0.000000000 0.000000000 0.000000000 0.000342541 0.019980406
1776852970.795592308 0.389149487 -0.062999837 0.298512369 0.019927870 0.998464644 0.008078880 0.051048122 1.609999418 -1.168188930 -7.282773972 0.000000000 0.000000000 -12.000000000 0.000000000 0.000000000 0.000000000 0.000000000 0.000350236 0.020310277
1776852970.800828457 0.389634073 -0.063251831 0.298789740 0.020111047 0.998454630 0.007992247 0.051186603 1.633743167 -1.136608601 -7.249451637 0.000000000 0.000000000 -12.000000000 0.000000000 0.000000000 0.000000000 0.000000000 0.000358026 0.020652635
1776852970.805629492 0.390172243 -0.063532725 0.299073786 0.020320147 0.998441696 0.007896543 0.051370602 1.653993368 -1.104763269 -7.211722374 0.000000000 0.000000000 -12.000000000 0.000000000 0.000000000 0.000000000 0.000000000 0.000365934 0.021012206
1776852970.811193466 0.390745431 -0.063839279 0.299361944 0.020547191 0.998427510 0.007789316 0.051572066 1.670839310 -1.072849154 -7.169147015 0.000000000 0.000000000 -12.000000000 0.000000000 0.000000000 0.000000000 0.000000000 0.000373900 0.021393498
1776852970.815855742 0.391355395 -0.064172812 0.299668759 0.020797286 0.998411536 0.007674910 0.051797204 1.684413075 -1.041069984 -7.121295452 0.000000000 0.000000000 -12.000000000 0.000000000 0.000000000 0.000000000 0.000000000 0.000382028 0.021800745
1776852970.820624828 0.391997218 -0.064548567 0.299986511 0.021082629 0.998393774 0.007547570 0.052042522 1.694875240 -1.009634256 -7.067757607 0.000000000 0.000000000 -12.000000000 0.000000000 0.000000000 0.000000000 0.000000000 0.000390239 0.022237724
1776852970.825555801 0.392594486 -0.064952105 0.300290585 0.021401595 0.998378992 0.007421512 0.052213278 1.702399492 -0.978751719 -7.008153439 0.000000000 0.000000000 -12.000000000 0.000000000 0.000000000 0.000000000 0.000000000 0.000398580 0.022703934
1776852970.830566883 0.393148005 -0.065362938 0.300587267 0.021744519 0.998368025 0.007312674 0.052297644 1.707158208 -0.948630214 -6.942140579 0.000000000 0.000000000 -12.000000000 0.000000000 0.000000000 0.000000000 0.000000000 0.000407053 0.023199992
1776852970.835585594 0.393678397 -0.065796614 0.300888151 0.022113716 0.998358846 0.007206544 0.052332561 1.709310174 -0.919471979 -6.869425774 0.000000000 0.000000000 -12.000000000 0.000000000 0.000000000 0.000000000 0.000000000 0.000415632 0.023726508
1776852970.840670586 0.394131362 -0.066240378 0.301170558 0.022516675 0.998355031 0.007125956 0.052243650 1.708990335 -0.891471326 -6.789771080 0.000000000 0.000000000 -12.000000000 0.000000000 0.000000000 0.000000000 0.000000000 0.000424309 0.024280738
1776852970.845569134 0.394527555 -0.066703990 0.301458418 0.022939574 0.998355269 0.007049521 0.052065935 1.706301689 -0.864810646 -6.703003883 0.000000000 0.000000000 -12.000000000 0.000000000 0.000000000 0.000000000 0.000000000 0.000433132 0.024861408
1776852970.850578070 0.394880652 -0.067185007 0.301748365 0.023393497 0.998358250 0.006985124 0.051814836 1.701307416 -0.839657009 -6.609017372 0.000000000 0.000000000 -12.000000000 0.000000000 0.000000000 0.000000000 0.000000000 0.000442102 0.025468173
1776852970.855673313 0.395151317 -0.067674249 0.302019119 0.023873437 0.998366237 0.006937633 0.051447332 1.694026232 -0.816159427 -6.507774830 0.000000000 0.000000000 -12.000000000 0.000000000 0.000000000 0.000000000 0.000000000 0.000451283 0.026097910
1776852970.860702991 0.395339131 -0.068172939 0.302258253 0.024377475 0.998378992 0.006904136 0.050964721 1.684429884 -0.794447482 -6.399309158 0.000000000 0.000000000 -12.000000000 0.000000000 0.000000000 0.000000000 0.000000000 0.000460607 0.026747011
1776852970.865629911 0.395457894 -0.068686619 0.302486092 0.024886725 0.998396039 0.006877678 0.050385740 1.672445297 -0.774631262 -6.283721924 0.000000000 0.000000000 -12.000000000 0.000000000 0.000000000 0.000000000 0.000000000 0.000470183 0.027413381
1776852970.870817900 0.395512700 -0.069210142 0.302707076 0.025358468 0.998417497 0.006860650 0.049723230 1.657960892 -0.756801903 -6.161184788 0.000000000 0.000000000 -12.000000000 0.000000000 0.000000000 0.000000000 0.000000000 0.000479988 0.028095275
1776852970.875984192 0.395478755 -0.069753550 0.302902728 0.025784925 0.998444736 0.006851496 0.048951995 1.640835047 -0.741031408 -6.031936169 0.000000000 0.000000000 -12.000000000 0.000000000 0.000000000 0.000000000 0.000000000 0.000490013 0.028788919
1776852970.880949259 0.395373225 -0.070311792 0.303080797 0.026162887 0.998476624 0.006850015 0.048094377 1.620906115 -0.727370918 -5.896280766 0.000000000 0.000000000 -12.000000000 0.000000000 0.000000000 0.000000000 0.000000000 0.000500290 0.029492036
1776852970.885657549 0.395216584 -0.070889048 0.303237230 0.026506089 0.998511493 0.006853150 0.047172572 1.598001719 -0.715849936 -5.754581451 0.000000000 0.000000000 -12.000000000 0.000000000 0.000000000 0.000000000 0.000000000 0.000510858 0.030203853
1776852970.890971422 0.395009130 -0.071480729 0.303372353 0.026815265 0.998549342 0.006871889 0.046183966 1.571946263 -0.706475854 -5.607257843 0.000000000 0.000000000 -12.000000000 0.000000000 0.000000000 0.000000000 0.000000000 0.000521637 0.030922599
1776852970.895952702 0.394782811 -0.072081938 0.303500295 0.027078765 0.998588562 0.006903889 0.045166526 1.542565823 -0.699234009 -5.454778194 0.000000000 0.000000000 -12.000000000 0.000000000 0.000000000 0.000000000 0.000000000 0.000532667 0.031649269
1776852970.900817156 0.394537568 -0.072705284 0.303622633 0.027303545 0.998628795 0.006936574 0.044124585 1.509692788 -0.694087684 -5.297657013 0.000000000 0.000000000 -12.000000000 0.000000000 0.000000000 0.000000000 0.000000000 0.000543960 0.032384977
1776852970.905760765 0.394251853 -0.073339254 0.303730100 0.027495604 0.998670518 0.006978494 0.043039910 1.473171115 -0.690980136 -5.136447430 0.000000000 0.000000000 -12.000000000 0.000000000 0.000000000 0.000000000 0.000000000 0.000555502 0.033129588
1776852970.910569668 0.393921167 -0.073972061 0.303812206 0.027653681 0.998713791 0.007042994 0.041909613 1.432864428 -0.689836442 -4.971734047 0.000000000 0.000000000 -12.000000000 0.000000000 0.000000000 0.000000000 0.000000000 0.000567293 0.033880927
1776852970.915594101 0.393551797 -0.074608639 0.303885341 0.027795549 0.998757303 0.007136311 0.040746637 1.388665438 -0.690564573 -4.804122925 0.000000000 0.000000000 -12.000000000 0.000000000 0.000000000 0.000000000 0.000000000 0.000579330 0.034638133
1776852970.920618773 0.393140167 -0.075261571 0.303940624 0.027930202 0.998800933 0.007244298 0.039548736 1.340504885 -0.693055332 -4.634236813 0.000000000 0.000000000 -12.000000000 0.000000000 0.000000000 0.000000000 0.000000000 0.000591538 0.035401363
1776852970.925616026 0.392692387 -0.075917050 0.303959936 0.028059555 0.998844326 0.007373723 0.038317952 1.288357735 -0.697183311 -4.462707520 0.000000000 0.000000000 -12.000000000 0.000000000 0.000000000 0.000000000 0.000000000 0.000604010 0.036169603
1776852970.930887938 0.392261773 -0.076556712 0.303973198 0.028180856 0.998884857 0.007538959 0.037122656 1.232244849 -0.702808321 -4.290169239 0.000000000 0.000000000 -12.000000000 0.000000000 0.000000000 0.000000000 0.000000000 0.000616747 0.036944911
1776852970.935714722 0.391878277 -0.077179052 0.303989291 0.028319500 0.998919964 0.007752236 0.036010519 1.172235608 -0.709777176 -4.117253780 0.000000000 0.000000000 -12.000000000 0.000000000 0.000000000 0.000000000 0.000000000 0.000629782 0.037729811
1776852970.940877676 0.391508341 -0.077793159 0.303999096 0.028489407 0.998951077 0.008009381 0.034941971 1.108451605 -0.717923820 -3.944589615 0.000000000 0.000000000 -12.000000000 0.000000000 0.000000000 0.000000000 0.000000000 0.000643123 0.038525056
1776852970.945598125 0.391198456 -0.078399301 0.304023892 0.028699776 0.998975694 0.008311647 0.033981919 1.041072011 -0.727068126 -3.772792816 0.000000000 0.000000000 -12.000000000 0.000000000 0.000000000 0.000000000 0.000000000 0.000656768 0.039333656
1776852970.950557709 0.390917391 -0.078988977 0.304040283 0.028960440 0.998995304 0.008665900 0.033083856 0.970338583 -0.737013519 -3.602464199 0.000000000 0.000000000 -12.000000000 0.000000000 0.000000000 0.000000000 0.000000000 0.000670732 0.040156003
