x y z nx ny nz
3.693452179431915283e-01 -5.913740769028663635e-02 2.857668995857238770e-01 2.582257427275180817e-02 3.231920674443244934e-02 1.141225825995206833e-02 3.388320955384419575e-01 1.632717023313406124e-01 -9.265717253666085895e-01
3.710579574108123779e-01 -5.681007355451583862e-02 2.865637242794036865e-01 4.268683493137359619e-02 6.077408418059349060e-02 2.046057954430580139e-02 3.388320955384419575e-01 1.632717023313406124e-01 -9.265717253666085895e-01
3.735344707965850830e-01 -5.340178683400154114e-02 2.877207994461059570e-01 5.637370049953460693e-02 7.555741816759109497e-02 2.582191303372383118e-02 3.388320955384419575e-01 1.632717023313406124e-01 -9.265717253666085895e-01
3.766000866889953613e-01 -4.954982548952102661e-02 2.890430986881256104e-01 6.625094264745712280e-02 7.852095365524291992e-02 2.706950157880783081e-02 3.458126789162099812e-01 1.759456685291041489e-01 -9.216597597946005749e-01
3.800719678401947021e-01 -4.578017443418502808e-02 2.903319895267486572e-01 7.262440025806427002e-02 7.226505130529403687e-02 2.448659390211105347e-02 3.458126789162099812e-01 1.759456685291041489e-01 -9.216597597946005749e-01
3.838019073009490967e-01 -4.247923195362091064e-02 2.914206683635711670e-01 7.657259702682495117e-02 5.977265536785125732e-02 1.906022988259792328e-02 1.895886252794709292e-01 3.564028800232590249e-02 -9.812165525681634248e-01
3.877041339874267578e-01 -3.988647460937500000e-02 2.921984493732452393e-01 7.951629161834716797e-02 4.393757134675979614e-02 1.205138862133026123e-02 -5.013449804923784253e-02 2.617552821486557671e-02 -9.983994059623751971e-01
3.917593955993652344e-01 -3.810634091496467590e-02 2.926141619682312012e-01 8.269430696964263916e-02 2.726773172616958618e-02 4.576784092932939529e-03 -1.058900357164301309e-01 2.876789462170954020e-02 -9.939616232898569326e-01
3.959949910640716553e-01 -3.713069483637809753e-02 2.926652431488037109e-01 8.672950416803359985e-02 1.175815612077713013e-02 -2.533630467951297760e-03 -1.314381363197334174e-01 2.363494808139026543e-02 -9.910425851334467851e-01
4.004516899585723877e-01 -3.686507418751716614e-02 2.923799157142639160e-01 9.153871238231658936e-02 -1.133316894993185997e-03 -8.878921158611774445e-03 -9.960320362758502688e-02 4.495641400187652681e-02 -9.940111280389237747e-01
4.051522314548492432e-01 -3.715641796588897705e-02 2.917983233928680420e-01 9.648296236991882324e-02 -1.052045263350009918e-02 -1.438437681645154953e-02 -9.960320362758502688e-02 4.495641400187652681e-02 -9.940111280389237747e-01
4.100803732872009277e-01 -3.782270103693008423e-02 2.909611165523529053e-01 1.006432250142097473e-01 -1.613087393343448639e-02 -1.910412684082984924e-02 -9.960320362758502688e-02 4.495641400187652681e-02 -9.940111280389237747e-01
4.151746332645416260e-01 -3.868347033858299255e-02 2.899049818515777588e-01 1.031271889805793762e-01 -1.829995773732662201e-02 -2.314130216836929321e-02 -1.030525804994976424e-01 5.253434760875155818e-02 -9.932876260035242710e-01
4.203360080718994141e-01 -3.958820179104804993e-02 2.886618673801422119e-01 1.033273041248321533e-01 -1.788931339979171753e-02 -2.658382430672645569e-02 -1.030525804994976424e-01 5.253434760875155818e-02 -9.932876260035242710e-01
4.254450500011444092e-01 -4.043878614902496338e-02 2.872615158557891846e-01 1.010338068008422852e-01 -1.613411679863929749e-02 -2.943080663681030273e-02 -1.864211354159333589e-01 7.945337534628577059e-02 -9.792519192803844641e-01
4.303801357746124268e-01 -4.120293259620666504e-02 2.857361435890197754e-01 9.636907279491424561e-02 -1.443173643201589584e-02 -3.158462420105934143e-02 -3.155519139722747224e-01 8.804222167823498590e-02 -9.448150913212566282e-01
4.350293278694152832e-01 -4.191578924655914307e-02 2.841254174709320068e-01 8.959919959306716919e-02 -1.408255193382501602e-02 -3.284408152103424072e-02 -4.104635525357405723e-01 6.442791077481906103e-02 -9.095981070510927857e-01
4.392924606800079346e-01 -4.266792535781860352e-02 2.824809551239013672e-01 8.092641085386276245e-02 -1.600294373929500580e-02 -3.293487429618835449e-02 -4.264975888606015730e-01 6.465144713029906398e-02 -9.021751476725854424e-01
4.430762231349945068e-01 -4.358049482107162476e-02 2.808687984943389893e-01 7.042395323514938354e-02 -2.049978077411651611e-02 -3.155143931508064270e-02 -4.635526441247772578e-01 5.908924735840431763e-02 -8.840969443276822659e-01
4.462908208370208740e-01 -4.477323964238166809e-02 2.793691456317901611e-01 5.815966799855232239e-02 -2.720993757247924805e-02 -2.843434922397136688e-02 -5.010784909475304305e-01 4.490856986713490789e-02 -8.642358279198070203e-01
4.488542377948760986e-01 -4.633459076285362244e-02 2.780695557594299316e-01 4.437677189707756042e-02 -3.524403274059295654e-02 -2.354949340224266052e-02 -5.415000723538856420e-01 3.574638011646587288e-02 -8.399403954729797173e-01
4.507036209106445312e-01 -4.830251634120941162e-02 2.770511806011199951e-01 2.959839999675750732e-02 -4.347291588783264160e-02 -1.718508452177047729e-02 -5.415000723538856420e-01 3.574638011646587288e-02 -8.399403954729797173e-01
4.518086612224578857e-01 -5.066008865833282471e-02 2.763735651969909668e-01 1.460350304841995239e-02 -5.082989856600761414e-02 -9.919557720422744751e-03 -5.149013661187731294e-01 -6.411290944086337797e-03 -8.572254537258277018e-01
4.521816074848175049e-01 -5.334430932998657227e-02 2.760631144046783447e-01 3.140167100355029106e-04 -5.653893202543258667e-02 -2.498461399227380753e-03 -5.448905624378198587e-01 4.026338304948413709e-03 -8.384975036122949144e-01
4.518809914588928223e-01 -5.626374483108520508e-02 2.761095166206359863e-01 -1.233817450702190399e-02 -6.023845449090003967e-02 4.354121629148721695e-03 -5.159156520922527633e-01 -1.097972852771563271e-02 -8.565690196859113703e-01
4.510084688663482666e-01 -5.931921303272247314e-02 2.764694094657897949e-01 -2.256321161985397339e-02 -6.198020279407501221e-02 1.004166435450315475e-02 -5.339563758122687354e-01 1.951216451929030371e-02 -8.452868531825153964e-01
4.496981203556060791e-01 -6.242185458540916443e-02 2.770733237266540527e-01 -2.985043823719024658e-02 -6.212544068694114685e-02 1.411544997245073318e-02 -5.415866937847483298e-01 1.193290910204433501e-02 -8.405602053355057945e-01
4.481024742126464844e-01 -6.550402939319610596e-02 2.778348028659820557e-01 -3.397551551461219788e-02 -6.116143241524696350e-02 1.634428836405277252e-02 -5.552707824353807498e-01 1.738983255429939895e-02 -8.314877941950402640e-01
4.463798701763153076e-01 -6.852027773857116699e-02 2.786615192890167236e-01 -3.492894396185874939e-02 -5.948853492736816406e-02 1.672412082552909851e-02 -5.625733017608355313e-01 1.314972037263218742e-02 -8.266428279481007335e-01
4.446853399276733398e-01 -7.144010812044143677e-02 2.794649302959442139e-01 -3.285204991698265076e-02 -5.730478838086128235e-02 1.541212480515241623e-02 -4.886869101855326192e-01 4.884055532094550012e-02 -8.710910996946639173e-01
4.431636929512023926e-01 -7.423867285251617432e-02 2.801670432090759277e-01 -2.801324985921382904e-02 -5.463787540793418884e-02 1.267233118414878845e-02 -4.669399215466311093e-01 4.834783182190859757e-02 -8.829663622257342137e-01
4.419426321983337402e-01 -7.689173519611358643e-02 2.807048857212066650e-01 -2.082945592701435089e-02 -5.148454755544662476e-02 8.840812370181083679e-03 -4.681892445039179118e-01 6.472335714745594548e-02 -8.812546274309220884e-01
4.411245882511138916e-01 -7.937794178724288940e-02 2.810336947441101074e-01 -1.189223211258649826e-02 -4.796376451849937439e-02 4.310991615056991577e-03 -4.076565256172934859e-01 6.920791039865276106e-02 -9.105088809330136312e-01
4.407784938812255859e-01 -8.168714493513107300e-02 2.811293601989746094e-01 -1.951057463884353638e-03 -4.440424591302871704e-02 -4.838700406253337860e-04 -4.280485197040778678e-01 6.225765184389538132e-02 -9.016088118269650620e-01
4.409335255622863770e-01 -8.383065462112426758e-02 2.809896767139434814e-01 8.152179419994354248e-03 -4.133627563714981079e-02 -5.104061216115951538e-03 -4.127225377017187946e-01 6.798853466537911616e-02 -9.083158404570007560e-01
4.415760338306427002e-01 -8.584904670715332031e-02 2.806332707405090332e-01 1.754866167902946472e-02 -3.939935937523841858e-02 -9.151729755103588104e-03 -4.231421700179845424e-01 4.406341817104585112e-02 -9.049912259958958760e-01
4.426504373550415039e-01 -8.781409263610839844e-02 2.800976037979125977e-01 2.542751468718051910e-02 -3.920236974954605103e-02 -1.227469276636838913e-02 -4.231421700179845424e-01 4.406341817104585112e-02 -9.049912259958958760e-01
4.440628290176391602e-01 -8.982337266206741333e-02 2.794352173805236816e-01 3.106799907982349396e-02 -4.116869345307350159e-02 -1.422062516212463379e-02 -4.003978576850293347e-01 7.675991785207138089e-03 -9.163092462205937316e-01
4.456855952739715576e-01 -9.198702871799468994e-02 2.787067294120788574e-01 3.384305164217948914e-02 -4.537759721279144287e-02 -1.491847075521945953e-02 -4.464314276322836617e-01 -3.203468532447052014e-02 -8.942442392078147062e-01
4.473650455474853516e-01 -9.440758824348449707e-02 2.779754400253295898e-01 3.333539515733718872e-02 -5.144469812512397766e-02 -1.433356665074825287e-02 -4.464314276322836617e-01 -3.203468532447052014e-02 -8.942442392078147062e-01
4.489327669143676758e-01 -9.715598076581954956e-02 2.773067355155944824e-01 2.937352284789085388e-02 -5.849096924066543579e-02 -1.241465378552675247e-02 -4.537086836722277194e-01 8.570966028557671160e-03 -8.911088423418049853e-01
4.502169489860534668e-01 -1.002487465739250183e-01 2.767668962478637695e-01 2.199392765760421753e-02 -6.521967798471450806e-02 -9.179099462926387787e-03 -4.537086836722277194e-01 8.570966028557671160e-03 -8.911088423418049853e-01
4.510544836521148682e-01 -1.036317050457000732e-01 2.764194607734680176e-01 1.150790788233280182e-02 -7.009860128164291382e-02 -4.717905540019273758e-03 -4.537086836722277194e-01 8.570966028557671160e-03 -8.911088423418049853e-01
4.513061642646789551e-01 -1.071743741631507874e-01 2.763197720050811768e-01 -1.440466498024761677e-03 -7.160799950361251831e-02 7.304924656637012959e-04 -4.513618721694808156e-01 3.008792920146875077e-02 -8.918336037995139298e-01
4.508739411830902100e-01 -1.106776520609855652e-01 2.765066623687744141e-01 -1.584807224571704865e-02 -6.852302700281143188e-02 6.745245773345232010e-03 -4.548981058448849368e-01 2.004766886789796990e-02 -8.903178108235837440e-01
4.497173428535461426e-01 -1.138951405882835388e-01 2.769929170608520508e-01 -3.041633032262325287e-02 -6.017664074897766113e-02 1.270495913922786713e-02 -4.794634994815432649e-01 2.761456126814263649e-04 -8.775617792534680106e-01
4.478641748428344727e-01 -1.165657043457031250e-01 2.777566015720367432e-01 -4.371053352952003479e-02 -4.664590209722518921e-02 1.784256473183631897e-02 -4.405741615520148979e-01 -4.063471518027685775e-02 -8.967960905874627908e-01
4.454132616519927979e-01 -1.184521615505218506e-01 2.787401378154754639e-01 -5.432552471756935120e-02 -2.881242334842681885e-02 2.149863913655281067e-02 -4.405741615520148979e-01 -4.063471518027685775e-02 -8.967960905874627908e-01
4.425272941589355469e-01 -1.193790808320045471e-01 2.798607647418975830e-01 -6.111364439129829407e-02 -8.264275267720222473e-03 2.332676574587821960e-02 -4.055375582423539904e-01 -3.371338051398400232e-02 -9.134564559009633600e-01
4.394134879112243652e-01 -1.192614734172821045e-01 2.810271978378295898e-01 -6.343811750411987305e-02 1.296847406774759293e-02 2.333087101578712463e-02 -2.640035351807981101e-01 -2.224813403129113909e-02 -9.642650848922026396e-01
4.362942576408386230e-01 -1.181178167462348938e-01 2.821556925773620605e-01 -6.133080273866653442e-02 3.277789056301116943e-02 2.180843986570835114e-02 -2.640035351807981101e-01 -2.224813403129113909e-02 -9.642650848922026396e-01
4.333736896514892578e-01 -1.160646528005599976e-01 2.831807136535644531e-01 -5.549224838614463806e-02 4.934876784682273865e-02 1.919282227754592896e-02 -2.594041776809686839e-01 -1.830152329325359858e-02 -9.655954260687065194e-01
4.308097660541534424e-01 -1.132945418357849121e-01 2.840602099895477295e-01 -4.706411063671112061e-02 6.145573779940605164e-02 1.598662137985229492e-02 -2.644502872474516209e-01 2.760210615703077418e-03 -9.643953685134003528e-01
4.286999404430389404e-01 -1.100419089198112488e-01 2.847762107849121094e-01 -3.732927888631820679e-02 6.864957511425018311e-02 1.265380904078483582e-02 -3.051147266045142192e-01 4.507278791300513981e-02 -9.512483626250305413e-01
4.270806610584259033e-01 -1.065434217453002930e-01 2.853296697139739990e-01 -2.744171209633350372e-02 7.128999382257461548e-02 9.485025890171527863e-03 -3.051147266045142192e-01 4.507278791300513981e-02 -9.512483626250305413e-01
4.259393811225891113e-01 -1.030015721917152405e-01 2.857325077056884766e-01 -1.821003854274749756e-02 7.038406282663345337e-02 6.628470961004495621e-03 -3.127840402118791108e-01 4.803352850607322394e-02 -9.486089417278279479e-01
4.252340197563171387e-01 -9.955944865942001343e-02 2.860034704208374023e-01 -1.000459119677543640e-02 6.730098277330398560e-02 4.209607839584350586e-03 -2.997493577877821114e-01 2.872436818418305435e-02 -9.535854619153082412e-01
4.249126911163330078e-01 -9.629068523645401001e-02 2.861669957637786865e-01 -2.848185366019606590e-03 6.344954669475555420e-02 2.331161638721823692e-03 -2.997493577877821114e-01 2.872436818418305435e-02 -9.535854619153082412e-01
4.249261319637298584e-01 -9.320472180843353271e-02 2.862501442432403564e-01 3.386256983503699303e-03 5.998905003070831299e-02 9.944406338036060333e-04 -2.511803255503980981e-01 3.975407458847509540e-02 -9.671235999643529313e-01
4.252304136753082275e-01 -9.026419371366500854e-02 2.862776517868041992e-01 8.784470148384571075e-03 5.763202905654907227e-02 1.054173044394701719e-04 -2.327720968395208256e-01 4.112074180569285503e-02 -9.716615848762788499e-01
4.257812798023223877e-01 -8.740890771150588989e-02 2.862683832645416260e-01 1.325065642595291138e-02 5.657947808504104614e-02 -4.763784527312964201e-04 -2.327720968395208256e-01 4.112074180569285503e-02 -9.716615848762788499e-01
4.265238344669342041e-01 -8.457975834608078003e-02 2.862356901168823242e-01 1.645135879516601562e-02 5.658643320202827454e-02 -8.310221019200980663e-04 -2.924348018146634143e-01 3.903977968021783707e-02 -9.554882428832593977e-01
4.273810088634490967e-01 -8.173700422048568726e-02 2.861911058425903320e-01 1.783533580601215363e-02 5.712376534938812256e-02 -9.526391513645648956e-04 -2.965427424029795644e-01 3.435544510002650626e-02 -9.544014382418433140e-01
4.282462894916534424e-01 -7.886967062950134277e-02 2.861486673355102539e-01 1.677533797919750214e-02 5.756944790482521057e-02 -7.447154494002461433e-04 -3.008223223683368364e-01 2.669436373905719612e-02 -9.533065306119997695e-01
4.289851188659667969e-01 -7.599622756242752075e-02 2.861283719539642334e-01 1.277737785130739212e-02 5.736818164587020874e-02 -6.731337634846568108e-05 -3.173288483954934125e-01 2.276102843755411012e-02 -9.480423711830894273e-01
4.294466078281402588e-01 -7.315885275602340698e-02 2.861552834510803223e-01 5.681671202182769775e-03 5.612690374255180359e-02 1.143852830864489079e-03 -3.030899359559890427e-01 9.965213300436683019e-03 -9.529098515830715099e-01
4.294838011264801025e-01 -7.041458785533905029e-02 2.862550318241119385e-01 -4.194376058876514435e-03 5.364374071359634399e-02 2.846255199983716011e-03 -3.030899359559890427e-01 9.965213300436683019e-03 -9.529098515830715099e-01
4.289780557155609131e-01 -6.782647967338562012e-02 2.864485979080200195e-01 -1.603485271334648132e-02 4.988045617938041687e-02 4.896497819572687149e-03 -2.924910130780489781e-01 -7.641836497509957651e-03 -9.562377369679162520e-01
4.278608858585357666e-01 -6.545663625001907349e-02 2.867473363876342773e-01 -2.865241654217243195e-02 4.491336643695831299e-02 7.052732631564140320e-03 -2.924910130780489781e-01 -7.641836497509957651e-03 -9.562377369679162520e-01
4.261266589164733887e-01 -6.336138397455215454e-02 2.871492207050323486e-01 -4.071725159883499146e-02 3.889660537242889404e-02 9.022959508001804352e-03 -2.750512536623700433e-01 -3.496967308400163177e-02 -9.607933856043955334e-01
4.238337874412536621e-01 -6.158798560500144958e-02 2.876386642456054688e-01 -5.099793523550033569e-02 3.203933313488960266e-02 1.055474206805229187e-02 -2.670795325180466695e-01 -4.004900790736212052e-02 -9.628419394031284551e-01
4.210948944091796875e-01 -6.017225980758666992e-02 2.881900370121002197e-01 -5.855820700526237488e-02 2.458975836634635925e-02 1.149962469935417175e-02 -2.540712083260907583e-01 -6.863800895746477448e-02 -9.647469330472500104e-01
4.180591404438018799e-01 -5.913695693016052246e-02 2.887723147869110107e-01 -6.287209689617156982e-02 1.682231947779655457e-02 1.179201435297727585e-02 -2.387922890814362376e-01 -5.632639220245253681e-02 -9.694357019496976369e-01
4.148911833763122559e-01 -5.849079415202140808e-02 2.893528938293457031e-01 -6.384670734405517578e-02 9.024213999509811401e-03 1.143119204789400101e-02 -2.083575630028127457e-01 -7.329926288796631551e-02 -9.753021808637617474e-01
4.117505252361297607e-01 -5.822832509875297546e-02 2.899007201194763184e-01 -6.177954748272895813e-02 1.474585151299834251e-03 1.048224978148937225e-02 -1.794064083031290113e-01 -8.373842311315914111e-02 -9.802046812540186060e-01
4.087744355201721191e-01 -5.833130329847335815e-02 2.903890907764434814e-01 -5.726413056254386902e-02 -5.593774840235710144e-03 9.052759967744350433e-03 -1.794064083031290113e-01 -8.373842311315914111e-02 -9.802046812540186060e-01
4.060658514499664307e-01 -5.877203866839408875e-02 2.907974123954772949e-01 -5.107906833291053772e-02 -1.203570049256086349e-02 7.280099205672740936e-03 -5.071735298671581349e-02 -6.225017178349037672e-02 -9.967711202763385181e-01
4.036869704723358154e-01 -5.951834842562675476e-02 2.911118566989898682e-01 -4.407610371708869934e-02 -1.781675405800342560e-02 5.297922529280185699e-03 -5.071735298671581349e-02 -6.225017178349037672e-02 -9.967711202763385181e-01
4.016595780849456787e-01 -6.053858995437622070e-02 2.913253903388977051e-01 -3.702001273632049561e-02 -2.299289405345916748e-02 3.243651241064071655e-03 -1.620817567993348973e-02 -5.415472223726426615e-02 -9.984010021522078393e-01
3.999715447425842285e-01 -6.180525198578834534e-02 2.914379537105560303e-01 -3.050117567181587219e-02 -2.767352201044559479e-02 1.258339616470038891e-03 -1.620817567993348973e-02 -5.415472223726426615e-02 -9.984010021522078393e-01
3.985854387283325195e-01 -6.329666078090667725e-02 2.914557456970214844e-01 -2.494268864393234253e-02 -3.198272362351417542e-02 -5.470634205266833305e-04 -6.010460637348424492e-03 -3.100664905391017911e-02 -9.995011065903701697e-01
3.974473178386688232e-01 -6.499671190977096558e-02 2.913900911808013916e-01 -2.058266475796699524e-02 -3.601939603686332703e-02 -2.078884979709982872e-03 -6.010460637348424492e-03 -3.100664905391017911e-02 -9.995011065903701697e-01
3.964957892894744873e-01 -6.689313054084777832e-02 2.912569046020507812e-01 -1.747847162187099457e-02 -3.983724862337112427e-02 -3.248129040002822876e-03 1.082689950805522730e-02 4.182863060171678610e-02 -9.990661359024374244e-01
3.956705629825592041e-01 -6.897516548633575439e-02 2.910762131214141846e-01 -1.553105469793081284e-02 -4.344414174556732178e-02 -3.979308065026998520e-03 1.082689950805522730e-02 4.182863060171678610e-02 -9.990661359024374244e-01
3.949193656444549561e-01 -7.123161852359771729e-02 2.908707261085510254e-01 -1.451688352972269058e-02 -4.681397974491119385e-02 -4.240264184772968292e-03 2.115635190304484409e-02 8.745396649311909520e-02 -9.959438802044896510e-01
3.942034840583801270e-01 -7.364930957555770874e-02 2.906635105609893799e-01 -1.411872915923595428e-02 -4.989366978406906128e-02 -4.048598930239677429e-03 1.458046061618693649e-02 1.239848389232341003e-01 -9.921769851611149660e-01
3.935012519359588623e-01 -7.621177285909652710e-02 2.904756069183349609e-01 -1.397089939564466476e-02 -5.260477587580680847e-02 -3.467532107606530190e-03 1.326478922475910968e-02 1.199939166424110470e-01 -9.926860054083753715e-01
3.928094208240509033e-01 -7.889799773693084717e-02 2.903235852718353271e-01 -1.370290108025074005e-02 -5.484432354569435120e-02 -2.612813143059611320e-03 1.326478922475910968e-02 1.199939166424110470e-01 -9.926860054083753715e-01
3.921424746513366699e-01 -8.168142288923263550e-02 2.902173697948455811e-01 -1.297511067241430283e-02 -5.649253726005554199e-02 -1.635698368772864342e-03 2.864723503516597089e-02 7.120909602626351864e-02 -9.970499488821823464e-01
3.915300667285919189e-01 -8.452902734279632568e-02 2.901594042778015137e-01 -1.152150239795446396e-02 -5.741152912378311157e-02 -6.833095685578882694e-04 1.719299420062273681e-02 3.842533996370373073e-02 -9.991135542054722096e-01
3.910126090049743652e-01 -8.740095794200897217e-02 2.901454865932464600e-01 -9.176635183393955231e-03 -5.746553838253021240e-02 1.271436631213873625e-04 1.802028202617442926e-02 1.279257782024590881e-02 -9.997557798714693522e-01
3.906362056732177734e-01 -9.025178104639053345e-02 2.901664972305297852e-01 -5.880012176930904388e-03 -5.656739696860313416e-02 7.131237071007490158e-04 1.802028202617442926e-02 1.279257782024590881e-02 -9.997557798714693522e-01
3.904471397399902344e-01 -9.303391724824905396e-02 2.902099788188934326e-01 -1.683008391410112381e-03 -5.471797659993171692e-02 1.026192680001258850e-03 1.541065683238290046e-02 -3.663962510137629830e-02 -9.992097124860352952e-01
3.904864490032196045e-01 -9.570304304361343384e-02 2.902620434761047363e-01 3.255711635574698448e-03 -5.204694718122482300e-02 1.056096167303621769e-03 1.580505773599595251e-02 -4.911098452761775146e-02 -9.986682689195095497e-01
3.907848894596099854e-01 -9.822481125593185425e-02 2.903089523315429688e-01 8.682485669851303101e-03 -4.882367327809333801e-02 8.205426856875419617e-04 2.150422868740609755e-03 -4.842370200282861831e-02 -9.988245695635579180e-01
3.913587331771850586e-01 -1.005814298987388611e-01 2.903386056423187256e-01 1.427138037979602814e-02 -4.544103890657424927e-02 3.653813037090003490e-04 4.921414079343373275e-04 -2.925562951013392643e-02 -9.995718413084675458e-01
3.922071456909179688e-01 -1.027769967913627625e-01 2.903423309326171875e-01 1.966511271893978119e-02 -4.238167032599449158e-02 -2.169022336602210999e-04 6.291140767854197513e-03 -3.753151738870655341e-02 -9.992756410262086941e-01
3.933115899562835693e-01 -1.048400551080703735e-01 2.903163433074951172e-01 2.451277337968349457e-02 -4.014060273766517639e-02 -8.226459613069891930e-04 6.291140767854197513e-03 -3.753151738870655341e-02 -9.992756410262086941e-01
3.946359455585479736e-01 -1.068215072154998779e-01 2.902610003948211670e-01 2.846158482134342194e-02 -3.911754488945007324e-02 -1.391308847814798355e-03 1.947450089401158921e-02 -1.682288719048820672e-02 -9.996688122971053581e-01
3.961267769336700439e-01 -1.087876260280609131e-01 2.901792228221893311e-01 3.117148019373416901e-02 -3.952730819582939148e-02 -1.879290095530450344e-03 6.877384223837208592e-03 -1.207315390189639577e-02 -9.999034656101051244e-01
3.977149724960327148e-01 -1.108097210526466370e-01 2.900763750076293945e-01 3.235625475645065308e-02 -4.135641083121299744e-02 -2.234924584627151489e-03 -9.059088819463323450e-03 2.576938414606473257e-02 -9.996268662598528643e-01
3.993187844753265381e-01 -1.129526421427726746e-01 2.899600267410278320e-01 3.179655224084854126e-02 -4.436029121279716492e-02 -2.418708056211471558e-03 -3.447369945735427599e-02 5.939060539703449465e-02 -9.976393737389768201e-01
4.008480608463287354e-01 -1.152644008398056030e-01 2.898393571376800537e-01 2.937483973801136017e-02 -4.810997098684310913e-02 -2.408606000244617462e-03 -6.844591375887416895e-02 1.119087130217732429e-01 -9.913584603146953222e-01
4.022102952003479004e-01 -1.177689135074615479e-01 2.897239327430725098e-01 2.511459216475486755e-02 -5.207044631242752075e-02 -2.207832876592874527e-03 -6.814254991709499387e-02 1.270169493774828406e-01 -9.895571168253171068e-01
4.033184349536895752e-01 -1.204625740647315979e-01 2.896223068237304688e-01 1.921130903065204620e-02 -5.567600205540657043e-02 -1.856742775999009609e-03 -6.814254991709499387e-02 1.270169493774828406e-01 -9.895571168253171068e-01
4.040994346141815186e-01 -1.233142316341400146e-01 2.895404696464538574e-01 1.202817820012569427e-02 -5.839028581976890564e-02 -1.417185296304523945e-03 -6.814254991709499387e-02 1.270169493774828406e-01 -9.895571168253171068e-01
4.045017659664154053e-01 -1.262672096490859985e-01 2.894812524318695068e-01 4.065023269504308701e-03 -5.972855910658836365e-02 -9.511240059509873390e-04 -9.315361019784007199e-03 -4.178665453235559657e-02 -9.990831294492288350e-01
4.045006632804870605e-01 -1.292420178651809692e-01 2.894451022148132324e-01 -4.108846187591552734e-03 -5.926358327269554138e-02 -4.952225135639309883e-04 -9.315361019784007199e-03 -4.178665453235559657e-02 -9.990831294492288350e-01
4.040986299514770508e-01 -1.321393102407455444e-01 2.894313633441925049e-01 -1.197277475148439407e-02 -5.662781745195388794e-02 -5.396846245275810361e-05 3.979794587254247007e-02 -7.215555635627328435e-02 -9.965990664200136129e-01
4.033199250698089600e-01 -1.348434239625930786e-01 2.894392609596252441e-01 -1.917521283030509949e-02 -5.153660848736763000e-02 3.698449581861495972e-04 3.979794587254247007e-02 -7.215555635627328435e-02 -9.965990664200136129e-01
4.022001326084136963e-01 -1.372282505035400391e-01 2.894672453403472900e-01 -2.561703324317932129e-02 -4.385619610548019409e-02 7.495386525988578796e-04 5.397706401429114981e-02 -1.414599618737837940e-02 -9.984419699463078501e-01
4.007729291915893555e-01 -1.391664743423461914e-01 2.895108163356781006e-01 -3.147151321172714233e-02 -3.367262706160545349e-02 9.931034874171018600e-04 5.397706401429114981e-02 -1.414599618737837940e-02 -9.984419699463078501e-01
3.990588486194610596e-01 -1.405420154333114624e-01 2.895598113536834717e-01 -3.709198161959648132e-02 -2.134930342435836792e-02 9.661322692409157753e-04 8.624477281271325513e-02 -2.349469052966757926e-02 -9.959969069617627957e-01
3.970601558685302734e-01 -1.412644535303115845e-01 2.895979583263397217e-01 -4.285530745983123779e-02 -7.548095658421516418e-03 5.602589808404445648e-04 7.709659770022121716e-02 -3.228097209857085786e-02 -9.965009048974424744e-01
3.947622478008270264e-01 -1.412835866212844849e-01 2.896036207675933838e-01 -4.906128719449043274e-02 6.782706826925277710e-03 -3.335076617076992989e-04 5.753112945108264376e-02 -1.972946176906207466e-02 -9.981487451679663669e-01
3.921398222446441650e-01 -1.406023055315017700e-01 2.895495295524597168e-01 -5.583622679114341736e-02 2.046850137412548065e-02 -1.830409863032400608e-03 1.313465376525812470e-03 4.541304065966571268e-02 -9.989674321742166851e-01
3.891672194004058838e-01 -1.392850875854492188e-01 2.894033789634704590e-01 -6.306776404380798340e-02 3.222025930881500244e-02 -4.015384707599878311e-03 2.375938542232346878e-03 4.309665628534126852e-02 -9.990680823302616753e-01
3.858307301998138428e-01 -1.374603360891342163e-01 2.891301512718200684e-01 -7.039172947406768799e-02 4.076984524726867676e-02 -6.914304103702306747e-03 2.375938542232346878e-03 4.309665628534126852e-02 -9.990680823302616753e-01
3.821419179439544678e-01 -1.353162229061126709e-01 2.886958718299865723e-01 -7.716117054224014282e-02 4.499483481049537659e-02 -1.045713573694229126e-02 5.074324440762376966e-03 6.372210518734248985e-02 -9.979547808092122940e-01
3.781507313251495361e-01 -1.330917179584503174e-01 2.880735397338867188e-01 -8.248644322156906128e-02 4.398562759160995483e-02 -1.443576533347368240e-02 2.292680104710613509e-01 8.173359061013252269e-02 -9.699256670171257921e-01
3.739543557167053223e-01 -1.310624033212661743e-01 2.872505784034729004e-01 -8.536892384290695190e-02 3.718713670969009399e-02 -1.848219335079193115e-02 2.292680104710613509e-01 8.173359061013252269e-02 -9.699256670171257921e-01
3.696961402893066406e-01 -1.295160800218582153e-01 2.862367630004882812e-01 -8.495999872684478760e-02 2.466570958495140076e-02 -2.207097783684730530e-02 2.619400957225699322e-01 1.765615867052018270e-02 -9.649226115662603576e-01
3.655522167682647705e-01 -1.287161409854888916e-01 2.850707471370697021e-01 -8.079659938812255859e-02 7.331814151257276535e-03 -2.457019872963428497e-02 4.043219414516886490e-01 4.026305573346728589e-02 -9.137300772119416603e-01
3.617113232612609863e-01 -1.288589984178543091e-01 2.838205993175506592e-01 -7.283895462751388550e-02 -1.304586604237556458e-02 -2.543626353144645691e-02 4.043219414516886490e-01 4.026305573346728589e-02 -9.137300772119416603e-01
3.583538234233856201e-01 -1.300374269485473633e-01 2.825743556022644043e-01 -6.146116182208061218e-02 -3.409135714173316956e-02 -2.441380359232425690e-02 4.315915897608674223e-01 4.686289275238466473e-02 -9.008510248251735408e-01
3.556322157382965088e-01 -1.322208195924758911e-01 2.814244627952575684e-01 -4.740256816148757935e-02 -5.324456468224525452e-02 -2.158172056078910828e-02 4.487180841540376885e-01 3.756444061535610390e-02 -8.928835275400623939e-01
3.536567986011505127e-01 -1.352576166391372681e-01 2.804522812366485596e-01 -3.161370381712913513e-02 -6.822725385427474976e-02 -1.730583049356937408e-02 4.487180841540376885e-01 3.756444061535610390e-02 -8.928835275400623939e-01
3.524891734123229980e-01 -1.388986557722091675e-01 2.797169089317321777e-01 -1.509140711277723312e-02 -7.741441577672958374e-02 -1.210865750908851624e-02 4.364540075388993468e-01 4.598073028792339090e-02 -8.985508732083141714e-01
3.521425426006317139e-01 -1.428354978561401367e-01 2.792522609233856201e-01 1.226542051881551743e-03 -8.005896955728530884e-02 -6.477023474872112274e-03 4.336702178507615968e-01 8.312419466163234461e-02 -8.972293521776514291e-01
3.525868952274322510e-01 -1.467458158731460571e-01 2.790720164775848389e-01 1.654748991131782532e-02 -7.635389268398284912e-02 -7.325275801122188568e-04 4.085384222196322135e-01 1.058554022547845697e-01 -9.065820378662767798e-01
3.537582457065582275e-01 -1.503378450870513916e-01 2.791765034198760986e-01 3.030600026249885559e-02 -6.732718646526336670e-02 4.912557546049356461e-03 4.085384222196322135e-01 1.058554022547845697e-01 -9.065820378662767798e-01
3.555705547332763672e-01 -1.533866971731185913e-01 2.795546352863311768e-01 4.218682646751403809e-02 -5.462670326232910156e-02 1.021244470030069351e-02 3.690385089315297296e-01 1.524642029430337692e-02 -9.292890430817544178e-01
3.579268455505371094e-01 -1.557581722736358643e-01 2.801814973354339600e-01 5.206444486975669861e-02 -4.023240506649017334e-02 1.486150175333023071e-02 3.931835200861636404e-01 4.698259558593816110e-02 -9.182588715839675730e-01
3.607271909713745117e-01 -1.574170291423797607e-01 2.810173332691192627e-01 5.994880944490432739e-02 -2.612207643687725067e-02 1.857177726924419403e-02 3.398665979542228599e-01 -6.413485349614563014e-02 -9.382842938896773788e-01
3.638750314712524414e-01 -1.584190428256988525e-01 2.820102870464324951e-01 6.596500426530838013e-02 -1.395873259752988815e-02 2.114605158567428589e-02 3.398665979542228599e-01 -6.413485349614563014e-02 -9.382842938896773788e-01
3.672821819782257080e-01 -1.588903963565826416e-01 2.831013202667236328e-01 7.032080739736557007e-02 -4.895138088613748550e-03 2.249550074338912964e-02 3.160792472310262058e-01 3.273882779681068500e-02 -9.481677481449992673e-01
3.708715438842773438e-01 -1.590010225772857666e-01 2.842292785644531250e-01 7.325368374586105347e-02 4.703467711806297302e-04 2.262317202985286713e-02 3.160792472310262058e-01 3.273882779681068500e-02 -9.481677481449992673e-01
3.745775818824768066e-01 -1.589364260435104370e-01 2.853350639343261719e-01 7.498798519372940063e-02 2.113779075443744659e-03 2.160871215164661407e-02 1.491452339318157239e-01 -2.509494899769533147e-02 -9.884968096702320128e-01
3.783438503742218018e-01 -1.588688194751739502e-01 2.863655090332031250e-01 7.566218823194503784e-02 5.905981524847447872e-04 1.960963197052478790e-02 1.204537333974904367e-01 -1.700814936250661866e-02 -9.925732320407744114e-01
3.821183741092681885e-01 -1.589332967996597290e-01 2.872765660285949707e-01 7.531908899545669556e-02 -3.169413190335035324e-03 1.683253049850463867e-02 1.204537333974904367e-01 -1.700814936250661866e-02 -9.925732320407744114e-01
3.858511447906494141e-01 -1.592166274785995483e-01 2.880350649356842041e-01 7.399202138185501099e-02 -8.163758553564548492e-03 1.350684836506843567e-02 1.509632001981228711e-01 1.624877119039581583e-02 -9.884058324487686731e-01
3.894953429698944092e-01 -1.597569882869720459e-01 2.886202335357666016e-01 7.177530974149703979e-02 -1.345068216323852539e-02 9.900473058223724365e-03 1.509632001981228711e-01 1.624877119039581583e-02 -9.884058324487686731e-01
3.930121660232543945e-01 -1.605473756790161133e-01 2.890250980854034424e-01 6.889784336090087891e-02 -1.816472224891185760e-02 6.293618585914373398e-03 5.899056276352273448e-02 9.122826450810433974e-02 -9.940812427853581434e-01
3.963777720928192139e-01 -1.615402996540069580e-01 2.892552614212036133e-01 6.572698056697845459e-02 -2.155206911265850067e-02 2.912759548053145409e-03 2.467156223582802135e-02 1.231893764378429457e-01 -9.920764544871019108e-01
3.995864689350128174e-01 -1.626540869474411011e-01 2.893263101577758789e-01 6.262041628360748291e-02 -2.299939654767513275e-02 -7.139395893318578601e-05 -6.285586925487625896e-03 1.185305741955645781e-01 -9.929305083317119252e-01
4.026448428630828857e-01 -1.637798100709915161e-01 2.892618179321289062e-01 5.971491336822509766e-02 -2.202933281660079956e-02 -2.507843077182769775e-03 -2.801944751635473269e-03 1.168652776056440801e-01 -9.931438244251256098e-01
4.055577516555786133e-01 -1.647889912128448486e-01 2.890911102294921875e-01 5.680100247263908386e-02 -1.833775825798511505e-02 -4.320994019508361816e-03 1.218248213822092918e-02 4.440674669363320337e-02 -9.989392513937168649e-01
4.083130657672882080e-01 -1.655447036027908325e-01 2.888445854187011719e-01 5.341120809316635132e-02 -1.189088635146617889e-02 -5.539694800972938538e-03 1.218248213822092918e-02 4.440674669363320337e-02 -9.989392513937168649e-01
4.108757078647613525e-01 -1.659177243709564209e-01 2.885496318340301514e-01 4.909407347440719604e-02 -3.030099440366029739e-03 -6.258893292397260666e-03 1.218248213822092918e-02 4.440674669363320337e-02 -9.989392513937168649e-01
4.131948351860046387e-01 -1.658058762550354004e-01 2.882274985313415527e-01 4.367057234048843384e-02 7.504023611545562744e-03 -6.626471877098083496e-03 -1.426584268479072493e-01 2.751357879656606345e-02 -9.893894967246649186e-01
4.152210056781768799e-01 -1.651516854763031006e-01 2.878917455673217773e-01 3.737678378820419312e-02 1.866365596652030945e-02 -6.803595926612615585e-03 -1.615917438129818029e-01 -2.609918944112824338e-02 -9.865125141831682098e-01
4.169276058673858643e-01 -1.639536172151565552e-01 2.875479757785797119e-01 3.088701702654361725e-02 2.925892174243927002e-02 -6.947504356503486633e-03 -1.615917438129818029e-01 -2.609918944112824338e-02 -9.865125141831682098e-01
4.183300435543060303e-01 -1.622682958841323853e-01 2.871940732002258301e-01 2.521089278161525726e-02 3.815386444330215454e-02 -7.208988070487976074e-03 -1.871011621302469397e-01 -7.410523447840068612e-02 -9.795415097638345836e-01
4.194967746734619141e-01 -1.602032482624053955e-01 2.868208587169647217e-01 2.145875059068202972e-02 4.444814473390579224e-02 -7.720081135630607605e-03 -2.019740305855642348e-01 -7.764982046720966813e-02 -9.763078389260384515e-01
4.205469191074371338e-01 -1.579008400440216064e-01 2.864131629467010498e-01 2.054743282496929169e-02 4.764829948544502258e-02 -8.587261661887168884e-03 -2.019740305855642348e-01 -7.764982046720966813e-02 -9.763078389260384515e-01
4.216335415840148926e-01 -1.555170118808746338e-01 2.859517037868499756e-01 2.291766181588172913e-02 4.770463705062866211e-02 -9.870600886642932892e-03 -1.958442316030869490e-01 -4.161141542456681108e-02 -9.797517680780986060e-01
4.229164123535156250e-01 -1.532021164894104004e-01 2.854159474372863770e-01 2.839693799614906311e-02 4.489124193787574768e-02 -1.155908498913049698e-02 -2.015527151015241991e-01 7.943257442233732715e-03 -9.794454592749971544e-01
4.245323240756988525e-01 -1.510886251926422119e-01 2.847875952720642090e-01 3.623997420072555542e-02 3.964869305491447449e-02 -1.357546448707580566e-02 -2.015527151015241991e-01 7.943257442233732715e-03 -9.794454592749971544e-01
4.265697598457336426e-01 -1.492866724729537964e-01 2.840538620948791504e-01 4.525775462388992310e-02 3.242942690849304199e-02 -1.577337831258773804e-02 -2.396761552847260779e-01 6.295914560131669890e-02 -9.688093138337822152e-01
4.290520846843719482e-01 -1.478860825300216675e-01 2.832109630107879639e-01 5.403565987944602966e-02 2.359386906027793884e-02 -1.794252172112464905e-02 -2.396761552847260779e-01 6.295914560131669890e-02 -9.688093138337822152e-01
4.319328367710113525e-01 -1.469623297452926636e-01 2.822673320770263672e-01 6.119424477219581604e-02 1.335595548152923584e-02 -1.980266906321048737e-02 -2.396761552847260779e-01 6.295914560131669890e-02 -9.688093138337822152e-01
4.351028800010681152e-01 -1.465831995010375977e-01 2.812469601631164551e-01 6.560698896646499634e-02 1.809537061490118504e-03 -2.101192809641361237e-02 -3.645410427570090484e-01 3.915410462905497685e-02 -9.303637913388124181e-01
4.384056925773620605e-01 -1.468111872673034668e-01 2.801904976367950439e-01 6.650564819574356079e-02 -1.092934142798185349e-02 -2.124706283211708069e-02 -4.146042814290362699e-01 2.678290281044205801e-02 -9.096075889831608530e-01
4.416555166244506836e-01 -1.476995646953582764e-01 2.791526317596435547e-01 6.348696351051330566e-02 -2.460579760372638702e-02 -2.026748098433017731e-02 -4.121813870319054329e-01 1.987374791120804368e-02 -9.108850302460878012e-01
4.446548223495483398e-01 -1.492851674556732178e-01 2.781971693038940430e-01 5.648546665906906128e-02 -3.881852701306343079e-02 -1.795067079365253448e-02 -4.339219896157516798e-01 6.802674436749475868e-03 -9.009247640876649754e-01
4.472110569477081299e-01 -1.515801548957824707e-01 2.773898839950561523e-01 4.576385766267776489e-02 -5.298123881220817566e-02 -1.434019953012466431e-02 -4.762853747497194368e-01 3.219742901260245083e-03 -8.792848657023325520e-01
4.491527080535888672e-01 -1.545631289482116699e-01 2.767898738384246826e-01 3.190190717577934265e-02 -6.633757799863815308e-02 -9.660767391324043274e-03 -4.940332671178046531e-01 2.998657721166007178e-03 -8.694378293074088715e-01
4.503437578678131104e-01 -1.581730991601943970e-01 2.764418125152587891e-01 1.574002578854560852e-02 -7.806133478879928589e-02 -4.262220580130815506e-03 -5.099874729041575794e-01 4.503956661687570119e-03 -8.601700365934753512e-01
4.506954252719879150e-01 -1.623089015483856201e-01 2.763714790344238281e-01 -1.672932761721313000e-03 -8.737053722143173218e-02 1.448589959181845188e-03 -5.071793784387772508e-01 2.172768239643902907e-02 -8.615665881997367492e-01
4.501746296882629395e-01 -1.668342947959899902e-01 2.765842974185943604e-01 -1.915835030376911163e-02 -9.364527463912963867e-02 7.064429111778736115e-03 -5.137008906205609016e-01 3.202255330560339897e-02 -8.573715361810377855e-01
4.488052427768707275e-01 -1.715871840715408325e-01 2.770666778087615967e-01 -3.561665862798690796e-02 -9.646999835968017578e-02 1.223118510097265244e-02 -5.257545929634588333e-01 6.693116992293978579e-03 -8.506099635912779400e-01
4.466594755649566650e-01 -1.763896793127059937e-01 2.777895629405975342e-01 -5.021424964070320129e-02 -9.562975913286209106e-02 1.668377220630645752e-02 -4.759460714984680707e-01 -4.410119871216462706e-02 -8.783680443272771088e-01
4.438422024250030518e-01 -1.810580193996429443e-01 2.787123620510101318e-01 -6.247718632221221924e-02 -9.110380709171295166e-02 2.022792585194110870e-02 -3.908392925775161508e-01 -2.921475412212462888e-02 -9.199951877684418022e-01
4.404730200767517090e-01 -1.854131519794464111e-01 2.797853350639343262e-01 -7.229065895080566406e-02 -8.310146629810333252e-02 2.269125357270240784e-02 -3.460299178596924485e-01 -2.226787312278831477e-02 -9.379591876892096058e-01
4.366711080074310303e-01 -1.892920285463333130e-01 2.809515297412872314e-01 -7.978536933660507202e-02 -7.205364108085632324e-02 2.395660802721977234e-02 -3.072670671435760448e-01 -3.010084707302980792e-02 -9.511471434286448146e-01
4.325455129146575928e-01 -1.925573796033859253e-01 2.821504473686218262e-01 -8.523851633071899414e-02 -5.856034159660339355e-02 2.400048263370990753e-02 -3.059316252634958211e-01 -1.735755889730034376e-02 -9.518952441370651663e-01
4.281912744045257568e-01 -1.951058059930801392e-01 2.833228707313537598e-01 -8.893052488565444946e-02 -4.337665811181068420e-02 2.289654873311519623e-02 -2.618792031546280930e-01 -2.708956168307078555e-03 -9.650968575793700266e-01
4.236916899681091309e-01 -1.968749761581420898e-01 2.844155132770538330e-01 -9.105296432971954346e-02 -2.738989889621734619e-02 2.080932445824146271e-02 -2.304620585878238148e-01 3.539111105387968137e-02 -9.724375089474048828e-01
4.191208183765411377e-01 -1.978496760129928589e-01 2.853846848011016846e-01 -9.178227186203002930e-02 -1.159782614558935165e-02 1.795783080160617828e-02 -1.474886499624259717e-01 6.926668050061901560e-02 -9.866353050153263693e-01
4.145415425300598145e-01 -1.980654746294021606e-01 2.861980497837066650e-01 -9.138915687799453735e-02 2.965864026919007301e-03 1.457716338336467743e-02 -7.935594961260493407e-02 9.581430714855665443e-02 -9.922309468086166762e-01
4.099972844123840332e-01 -1.976083517074584961e-01 2.868352234363555908e-01 -9.038113057613372803e-02 1.531911455094814301e-02 1.090935710817575455e-02 -5.913375372718027156e-02 1.236825982390282186e-01 -9.905583345068459389e-01
4.055033028125762939e-01 -1.966086030006408691e-01 2.872876226902008057e-01 -8.937822282314300537e-02 2.467089518904685974e-02 7.186041213572025299e-03 5.497589607292110471e-03 1.601883823421445530e-01 -9.870711517763633980e-01
4.010482728481292725e-01 -1.952269822359085083e-01 2.875552177429199219e-01 -8.882293105125427246e-02 3.059369698166847229e-02 3.517631674185395241e-03 7.132250571579841492e-02 1.956013902273077976e-01 -9.780864973598011325e-01
3.966063559055328369e-01 -1.936347484588623047e-01 2.876388430595397949e-01 -8.885388821363449097e-02 3.309547528624534607e-02 -1.729222713038325310e-04 1.605080014873541683e-01 3.033450853976138450e-01 -9.392651066773692881e-01
3.921546339988708496e-01 -1.919929683208465576e-01 2.875345051288604736e-01 -8.921504020690917969e-02 3.257556632161140442e-02 -4.000686574727296829e-03 9.756184597162996519e-02 1.743834936626104393e-01 -9.798326813015733050e-01
3.876922130584716797e-01 -1.904361844062805176e-01 2.872377634048461914e-01 -8.928174525499343872e-02 2.969590388238430023e-02 -7.868732325732707977e-03 9.756184597162996519e-02 1.743834936626104393e-01 -9.798326813015733050e-01
3.832526206970214844e-01 -1.890629082918167114e-01 2.867560386657714844e-01 -8.830209076404571533e-02 2.523503825068473816e-02 -1.140025909990072250e-02 2.100390116091923609e-01 1.172494185506302578e-01 -9.706370008658090631e-01
3.789026439189910889e-01 -1.879308372735977173e-01 2.861180603504180908e-01 -8.569744974374771118e-02 2.004766277968883514e-02 -1.411928702145814896e-02 2.100390116091923609e-01 1.172494185506302578e-01 -9.706370008658090631e-01
3.747294545173645020e-01 -1.870533078908920288e-01 2.853703200817108154e-01 -8.122966438531875610e-02 1.505376491695642471e-02 -1.579002104699611664e-02 2.662664087702253379e-01 1.085716606895087283e-01 -9.577653126177255727e-01
3.708215951919555664e-01 -1.863986104726791382e-01 2.845630943775177002e-01 -7.508505880832672119e-02 1.113414485007524490e-02 -1.649921946227550507e-02 2.662664087702253379e-01 1.085716606895087283e-01 -9.577653126177255727e-01
3.672485053539276123e-01 -1.858962625265121460e-01 2.837383747100830078e-01 -6.783834844827651978e-02 8.959975093603134155e-03 -1.648993976414203644e-02 2.662664087702253379e-01 1.085716606895087283e-01 -9.577653126177255727e-01
3.640443086624145508e-01 -1.854505836963653564e-01 2.829249799251556396e-01 -6.032975018024444580e-02 8.867421187460422516e-03 -1.604542881250381470e-02 2.662664087702253379e-01 1.085716606895087283e-01 -9.577653126177255727e-01
3.611984848976135254e-01 -1.849593818187713623e-01 2.821389138698577881e-01 -5.350288748741149902e-02 1.078038103878498077e-02 -1.539753377437591553e-02 3.316727188809648341e-01 5.487731518137944908e-02 -9.417970523560751372e-01
3.586559891700744629e-01 -1.843348294496536255e-01 2.813851237297058105e-01 -4.819723963737487793e-02 1.420193351805210114e-02 -1.475378219038248062e-02 3.316727188809648341e-01 5.487731518137944908e-02 -9.417970523560751372e-01
3.563278615474700928e-01 -1.835207641124725342e-01 2.806589901447296143e-01 -4.492726549506187439e-02 1.836079917848110199e-02 -1.429195236414670944e-02 3.337001885754247721e-01 7.324545342487313870e-02 -9.398293928662321273e-01
3.541123569011688232e-01 -1.825010031461715698e-01 2.799485325813293457e-01 -4.369307309389114380e-02 2.242975682020187378e-02 -1.412637252360582352e-02 3.337001885745134455e-01 7.324545342546381899e-02 -9.398293928665097940e-01
3.519201874732971191e-01 -1.812965720891952515e-01 2.792384326457977295e-01 -4.399326816201210022e-02 2.574747055768966675e-02 -1.427772361785173416e-02 3.337001885745134455e-01 7.324545342546381899e-02 -9.398293928665097940e-01
3.496951460838317871e-01 -1.799540370702743530e-01 2.785162627696990967e-01 -4.500811919569969177e-02 2.795376442372798920e-02 -1.460932847112417221e-02 3.483792005766756517e-01 6.555838323755304453e-02 -9.350583035248842823e-01
3.474223613739013672e-01 -1.785293221473693848e-01 2.777785360813140869e-01 -4.590313881635665894e-02 2.903496101498603821e-02 -1.489965431392192841e-02 3.483792005766756517e-01 6.555838323755304453e-02 -9.350583035248842823e-01
3.451190292835235596e-01 -1.770706772804260254e-01 2.770308852195739746e-01 -4.622964560985565186e-02 2.931090258061885834e-02 -1.500655896961688995e-02 3.553721610365230266e-01 4.882617662065782266e-02 -9.334487836163480878e-01
