x y z nx ny nz
6.654999256134033203e-01 -1.702385097742080688e-01 2.349900603294372559e-01 -1.566704735159873962e-02 -3.388379514217376709e-02 8.168115164153277874e-04 -3.401623136644534029e-02 -5.758355688929320954e-02 -9.977610084472142704e-01
6.645616888999938965e-01 -1.725201904773712158e-01 2.350824624300003052e-01 -2.186316996812820435e-02 -5.738324299454689026e-02 2.879312261939048767e-03 -3.401623136644534029e-02 -5.758355688929320954e-02 -9.977610084472142704e-01
6.633915901184082031e-01 -1.757590621709823608e-01 2.352532595396041870e-01 -2.494159154593944550e-02 -7.217150926589965820e-02 3.952469211071729660e-03 -8.861295084305283176e-02 2.081240762392273097e-02 -9.958486775759569642e-01
6.621307134628295898e-01 -1.795479059219360352e-01 2.354542613029479980e-01 -2.549251914024353027e-02 -7.938200235366821289e-02 4.087810404598712921e-03 -8.861295084305283176e-02 2.081240762392273097e-02 -9.958486775759569642e-01
6.608848571777343750e-01 -1.835515052080154419e-01 2.356482893228530884e-01 -2.434281632304191589e-02 -8.076170831918716431e-02 3.673017956316471100e-03 -4.716833029522361082e-02 1.144408816214614530e-02 -9.988213961771633675e-01
6.597170829772949219e-01 -1.875303685665130615e-01 2.358195930719375610e-01 -2.236761711537837982e-02 -7.839307188987731934e-02 3.179005580022931099e-03 -5.531236131650934390e-02 2.276852019418715289e-02 -9.982094655791231563e-01
6.586514115333557129e-01 -1.913457959890365601e-01 2.359717190265655518e-01 -2.026030793786048889e-02 -7.422376424074172974e-02 2.906029578298330307e-03 -5.531236131650934390e-02 2.276852019418715289e-02 -9.982094655791231563e-01
6.576856970787048340e-01 -1.949439644813537598e-01 2.361194491386413574e-01 -1.836888119578361511e-02 -6.970290839672088623e-02 3.003031248226761818e-03 -6.092347859887790873e-02 -2.040043004169189711e-02 -9.979339418055316324e-01
6.568090915679931641e-01 -1.983280032873153687e-01 2.362797856330871582e-01 -1.669480279088020325e-02 -6.565863639116287231e-02 3.410313278436660767e-03 -7.175393309920526097e-02 -2.466740644022304488e-02 -9.971172910657539745e-01
6.560168862342834473e-01 -2.015294283628463745e-01 2.364638149738311768e-01 -1.499293744564056396e-02 -6.239820271730422974e-02 3.950843121856451035e-03 -4.098851188790050837e-02 -4.334660113692630906e-02 -9.982189209091818505e-01
6.553190350532531738e-01 -2.045872360467910767e-01 2.366749793291091919e-01 -1.292032748460769653e-02 -5.991421639919281006e-02 4.495813976973295212e-03 -4.060959684395442498e-02 -7.780178842976825937e-02 -9.961414268864140498e-01
6.547409296035766602e-01 -2.075372934341430664e-01 2.369086593389511108e-01 -1.020486932247877121e-02 -5.808836221694946289e-02 4.851457662880420685e-03 -3.627048696015115065e-02 -8.902644452909158623e-02 -9.953686472599899693e-01
6.543167233467102051e-01 -2.104102224111557007e-01 2.371510714292526245e-01 -6.763963028788566589e-03 -5.682881549000740051e-02 4.844739567488431931e-03 -4.857891266887109233e-02 -9.000999679576633661e-02 -9.947553919023189861e-01
6.540780663490295410e-01 -2.132341861724853516e-01 2.373836934566497803e-01 -2.781269373372197151e-03 -5.612957105040550232e-02 4.460041411221027374e-03 -2.394545367653974285e-02 -8.843068363182915448e-02 -9.957944714842678069e-01
6.540398597717285156e-01 -2.160388380289077759e-01 2.375889420509338379e-01 1.253381837159395218e-03 -5.605633184313774109e-02 3.749982221052050591e-03 -1.058259067161031741e-01 -3.304966502901331843e-02 -9.938352967706393093e-01
6.541862487792968750e-01 -2.188569456338882446e-01 2.377534508705139160e-01 4.602575208991765976e-03 -5.666780099272727966e-02 2.830553334206342697e-03 -1.058259067161031741e-01 -3.304966502901331843e-02 -9.938352967706393093e-01
6.544612646102905273e-01 -2.217209786176681519e-01 2.378708571195602417e-01 6.399082485586404800e-03 -5.789321660995483398e-02 1.865482889115810394e-03 -7.330392292443931035e-02 -1.802250273262096317e-02 -9.971467917398824099e-01
6.547660827636718750e-01 -2.246538698673248291e-01 2.379423230886459351e-01 5.794829223304986954e-03 -5.942253395915031433e-02 9.929004590958356857e-04 -8.190864550671543565e-02 -5.906107389034219619e-03 -9.966223415540935715e-01
6.549648642539978027e-01 -2.276563346385955811e-01 2.379749566316604614e-01 2.156489063054323196e-03 -6.067583337426185608e-02 3.126593364868313074e-04 -9.741787958725535435e-02 -1.006082518213809044e-03 -9.952430580178338593e-01
6.548998951911926270e-01 -2.306949943304061890e-01 2.379786372184753418e-01 -4.754367284476757050e-03 -6.087059900164604187e-02 -1.655143569223582745e-04 -9.741787958725535435e-02 -1.006082518213809044e-03 -9.952430580178338593e-01
6.544142365455627441e-01 -2.336961776018142700e-01 2.379605919122695923e-01 -1.467090006917715073e-02 -5.917681753635406494e-02 -5.562814185395836830e-04 -5.694638577094451176e-02 1.435795558580445046e-02 -9.982739895725136758e-01
6.533772349357604980e-01 -2.365483492612838745e-01 2.379216104745864868e-01 -2.680910192430019379e-02 -5.490983650088310242e-02 -1.002742792479693890e-03 -3.939946101355819991e-02 5.201893151001604071e-02 -9.978685851525728179e-01
6.517079472541809082e-01 -2.391135543584823608e-01 2.378562241792678833e-01 -3.996348753571510315e-02 -4.769841954112052917e-02 -1.613000291399657726e-03 -3.939946101355819991e-02 5.201893151001604071e-02 -9.978685851525728179e-01
6.493918299674987793e-01 -2.412454336881637573e-01 2.377544492483139038e-01 -5.268222838640213013e-02 -3.757702559232711792e-02 -2.458084607496857643e-03 -2.568816411162563873e-02 4.238144208212785147e-02 -9.987712108333988148e-01
6.464880704879760742e-01 -2.428094148635864258e-01 2.376038283109664917e-01 -6.346753984689712524e-02 -2.498240582644939423e-02 -3.566545434296131134e-03 -2.568816411162563873e-02 4.238144208212785147e-02 -9.987712108333988148e-01
6.431273221969604492e-01 -2.437007278203964233e-01 2.373911440372467041e-01 -7.096355408430099487e-02 -1.067036017775535583e-02 -4.940843209624290466e-03 -3.608058353192129114e-02 -1.060270984246621038e-04 -9.993488781442897428e-01
6.395006775856018066e-01 -2.438573986291885376e-01 2.371048480272293091e-01 -7.410159707069396973e-02 4.403736907988786697e-03 -6.510875653475522995e-03 4.299882259617852920e-02 -7.979038168229722616e-02 -9.958838266807708006e-01
6.358428001403808594e-01 -2.432674914598464966e-01 2.367401123046875000e-01 -7.221328467130661011e-02 1.919228211045265198e-02 -8.078515529632568359e-03 7.845224494897405643e-02 -7.865219021581025538e-02 -9.938103834407860937e-01
6.324091553688049316e-01 -2.419718354940414429e-01 2.363068759441375732e-01 -6.513236463069915771e-02 3.263387084007263184e-02 -9.250676259398460388e-03 1.699167988944187413e-01 -7.477846037803752288e-02 -9.826171499190130554e-01
6.294491291046142578e-01 -2.400625497102737427e-01 2.358367145061492920e-01 -5.326827615499496460e-02 4.373783618211746216e-02 -9.555738419294357300e-03 2.203660452602694553e-01 -4.102688240627171135e-02 -9.745540523820989121e-01
6.271769404411315918e-01 -2.376768290996551514e-01 2.353795617818832397e-01 -3.761853277683258057e-02 5.169074237346649170e-02 -8.730479516088962555e-03 2.203660452602694553e-01 -4.102688240627171135e-02 -9.745540523820989121e-01
6.257441043853759766e-01 -2.349849939346313477e-01 2.349907308816909790e-01 -1.969502866268157959e-02 5.598273873329162598e-02 -6.822831928730010986e-03 2.115578546485762934e-01 -7.932361560826574343e-02 -9.741411797790524574e-01
6.252176165580749512e-01 -2.321720272302627563e-01 2.347169518470764160e-01 -1.364332390949130058e-03 5.653579905629158020e-02 -4.128296859562397003e-03 2.115578546485762934e-01 -7.932361560826574343e-02 -9.741411797790524574e-01
6.255688667297363281e-01 -2.294142991304397583e-01 2.345867156982421875e-01 1.541459001600742340e-02 5.377333238720893860e-02 -1.080960617400705814e-03 2.115578546485762934e-01 -7.932361560826574343e-02 -9.741411797790524574e-01
6.266773939132690430e-01 -2.268555462360382080e-01 2.346057146787643433e-01 2.892562001943588257e-02 4.857685044407844543e-02 1.840761047787964344e-03 2.115578546485762934e-01 -7.932361560826574343e-02 -9.741411797790524574e-01
6.283503174781799316e-01 -2.245877236127853394e-01 2.347570210695266724e-01 3.799171000719070435e-02 4.213618859648704529e-02 4.211379680782556534e-03 1.758927493499513883e-01 -1.158146066270527713e-01 -9.775728707446499355e-01
6.303535103797912598e-01 -2.226402312517166138e-01 2.350082844495773315e-01 4.213485866785049438e-02 3.576350212097167969e-02 5.839061457663774490e-03 1.167595419154982272e-01 3.106186365493299878e-02 -9.926743524419099352e-01
6.324470043182373047e-01 -2.209795266389846802e-01 2.353237420320510864e-01 4.160412773489952087e-02 3.066486306488513947e-02 6.779358256608247757e-03 1.098841004205702021e-01 5.820822300282860184e-02 -9.922385233640220736e-01
6.344188451766967773e-01 -2.195201367139816284e-01 2.356716245412826538e-01 3.726867213845252991e-02 2.771070227026939392e-02 7.136192172765731812e-03 1.306964574763573306e-01 5.233219505662862342e-02 -9.900402907769388916e-01
6.361103057861328125e-01 -2.181445211172103882e-01 2.360248267650604248e-01 3.039007261395454407e-02 2.731415629386901855e-02 6.991880480200052261e-03 1.306964574763573306e-01 5.233219505662862342e-02 -9.900402907769388916e-01
6.374292373657226562e-01 -2.167266458272933960e-01 2.363595068454742432e-01 2.236640267074108124e-02 2.940114028751850128e-02 6.395298521965742111e-03 1.281796015360279484e-01 4.627765596826242944e-02 -9.906706659158472927e-01
6.383507847785949707e-01 -2.151550352573394775e-01 2.366551756858825684e-01 1.449629757553339005e-02 3.346347436308860779e-02 5.431422498077154160e-03 1.134654482731680541e-01 5.663775127271025028e-02 -9.919262861608918458e-01
6.389089226722717285e-01 -2.133507132530212402e-01 2.368957996368408203e-01 7.829650305211544037e-03 3.870936483144760132e-02 4.193736240267753601e-03 1.134654482731680541e-01 5.663775127271025028e-02 -9.919262861608918458e-01
6.391819715499877930e-01 -2.112767100334167480e-01 2.370684593915939331e-01 3.092340659350156784e-03 4.425079748034477234e-02 2.712867222726345062e-03 9.412206145257813461e-02 6.588406114328279606e-02 -9.933782401649361438e-01
6.392752528190612793e-01 -2.089386433362960815e-01 2.371620684862136841e-01 6.400648853741586208e-04 4.927157610654830933e-02 1.031527994200587273e-03 7.336027235381917255e-02 3.487394439973185573e-02 -9.966955796230753117e-01
6.393025517463684082e-01 -2.063779979944229126e-01 2.371690422296524048e-01 4.526408447418361902e-04 5.315433815121650696e-02 -7.526057888753712177e-04 6.050591845905967797e-02 -1.344791950359263376e-02 -9.980772451521228161e-01
6.393685340881347656e-01 -2.036600857973098755e-01 2.370888292789459229e-01 2.187039935961365700e-03 5.556212365627288818e-02 -2.456133719533681870e-03 6.050591845905967797e-02 -1.344791950359263376e-02 -9.980772451521228161e-01
6.395548582077026367e-01 -2.008594572544097900e-01 2.369312047958374023e-01 5.266248248517513275e-03 5.646298080682754517e-02 -3.848738037049770355e-03 1.181301526827163717e-02 -8.439104249746065545e-02 -9.963626872853396099e-01
6.399109363555908203e-01 -1.980460882186889648e-01 2.367148697376251221e-01 8.976517245173454285e-03 5.607190728187561035e-02 -4.804828669875860214e-03 9.656054772003277997e-02 -1.231311876672405714e-01 -9.876815130626177552e-01
6.404496431350708008e-01 -1.952750980854034424e-01 2.364620119333267212e-01 1.257125660777091980e-02 5.476760119199752808e-02 -5.309519357979297638e-03 7.389509183675162241e-02 -1.356914315129190696e-01 -9.879915742628642139e-01
6.411479711532592773e-01 -1.925809681415557861e-01 2.361945062875747681e-01 1.536149252206087112e-02 5.299730971455574036e-02 -5.390997510403394699e-03 6.167058154019752769e-02 -1.187794207662176971e-01 -9.910036269221902394e-01
6.419514417648315430e-01 -1.899763941764831543e-01 2.359322756528854370e-01 1.677644811570644379e-02 5.118564888834953308e-02 -5.098169669508934021e-03 6.974299354399006445e-02 -1.234006999644112340e-01 -9.899031175311129305e-01
6.427811980247497559e-01 -1.874548792839050293e-01 2.356917560100555420e-01 1.641281135380268097e-02 4.967488348484039307e-02 -4.522434901446104050e-03 8.802648359544280876e-02 -9.542556528458995269e-02 -9.915368372753164961e-01
6.435432434082031250e-01 -1.849957257509231567e-01 2.354833632707595825e-01 1.407017651945352554e-02 4.869111999869346619e-02 -3.813453717157244682e-03 1.058511995292846092e-01 -9.532315655284141764e-02 -9.898025153438507751e-01
6.441389322280883789e-01 -1.825697869062423706e-01 2.353106439113616943e-01 9.758262895047664642e-03 4.834666848182678223e-02 -3.095296910032629967e-03 1.058511995292846092e-01 -9.532315655284141764e-02 -9.898025153438507751e-01
6.444759368896484375e-01 -1.801443994045257568e-01 2.351713031530380249e-01 3.721815999597311020e-03 4.866865277290344238e-02 -2.478505950421094894e-03 1.080312209223367736e-01 -6.220013544739538824e-02 -9.921997774915869428e-01
6.444802284240722656e-01 -1.776866912841796875e-01 2.350571453571319580e-01 -3.549633547663688660e-03 4.963986575603485107e-02 -2.087567001581192017e-03 6.942888487771309292e-02 -2.800522115114282423e-02 -9.971937311931481362e-01
6.441073417663574219e-01 -1.751653552055358887e-01 2.349533587694168091e-01 -1.136551983654499054e-02 5.121379718184471130e-02 -2.063699765130877495e-03 8.909789262862422010e-02 2.849252481780939830e-02 -9.956152577962256167e-01
6.433504223823547363e-01 -1.725522726774215698e-01 2.348412722349166870e-01 -1.891024969518184662e-02 5.330966413021087646e-02 -2.419640077278017998e-03 8.909789262862422010e-02 2.849252481780939830e-02 -9.956152577962256167e-01
6.422447562217712402e-01 -1.698246896266937256e-01 2.347066700458526611e-01 -2.531612105667591095e-02 5.579356476664543152e-02 -2.964160637930035591e-03 1.538613777492274792e-01 4.144536713647397133e-03 -9.880837511317238642e-01
6.408689618110656738e-01 -1.669688820838928223e-01 2.345462590456008911e-01 -2.971665374934673309e-02 5.843886360526084900e-02 -3.452115692198276520e-03 1.523256496290082140e-01 -1.971509292689003698e-02 -9.881337012641480122e-01
6.393424272537231445e-01 -1.639856845140457153e-01 2.343677878379821777e-01 -3.134412318468093872e-02 6.088880822062492371e-02 -3.686888143420219421e-03 1.540468802612753874e-01 -2.028851696193896895e-02 -9.878552195333349939e-01
6.378178000450134277e-01 -1.608975231647491455e-01 2.341866940259933472e-01 -2.964183501899242401e-02 6.263791769742965698e-02 -3.557142335921525955e-03 1.439319548602795706e-01 -1.642709737637871453e-02 -9.894512331792230109e-01
6.364684700965881348e-01 -1.577544212341308594e-01 2.340216785669326782e-01 -2.433067560195922852e-02 6.308639049530029297e-02 -3.043314907699823380e-03 1.439319548602795706e-01 -1.642709737637871453e-02 -9.894512331792230109e-01
6.354729533195495605e-01 -1.546346843242645264e-01 2.338909804821014404e-01 -1.549107581377029419e-02 6.170290336012840271e-02 -2.184691373258829117e-03 7.282137858748741199e-02 1.491228378408775927e-03 -9.973438840523067839e-01
6.349951028823852539e-01 -1.516381055116653442e-01 2.338088154792785645e-01 -3.622570075094699860e-03 5.816006660461425781e-02 -1.101804897189140320e-03 8.994037463066527349e-02 8.045004822958971499e-03 -9.959146584455387252e-01
6.351639628410339355e-01 -1.488743573427200317e-01 2.337814569473266602e-01 1.037738285958766937e-02 5.238974466919898987e-02 7.324574653466697782e-06 8.994037463066527349e-02 8.045004822958971499e-03 -9.959146584455387252e-01
6.360569000244140625e-01 -1.464492976665496826e-01 2.338050901889801025e-01 2.534084580838680267e-02 4.461257904767990112e-02 9.381529525853693485e-04 9.314261817956995260e-02 4.878002865438875284e-03 -9.956408276907388055e-01
6.376907229423522949e-01 -1.444509327411651611e-01 2.338673323392868042e-01 4.001120105385780334e-02 3.532181307673454285e-02 1.551333814859390259e-03 7.614034639969027851e-02 -2.626741098823136885e-03 -9.970936505059766475e-01
6.400209665298461914e-01 -1.429371386766433716e-01 2.339512407779693604e-01 5.319770425558090210e-02 2.523016929626464844e-02 1.804799539968371391e-03 7.726234360524869560e-02 -2.789306673368130776e-02 -9.966205431792055647e-01
6.429492235183715820e-01 -1.419266164302825928e-01 2.340385615825653076e-01 6.393337994813919067e-02 1.519077923148870468e-02 1.688148360699415207e-03 5.432645364185450382e-02 9.497003590384326017e-04 -9.985227761558208570e-01
6.463370919227600098e-01 -1.413944214582443237e-01 2.341120988130569458e-01 7.158201932907104492e-02 6.096843164414167404e-03 1.253469381481409073e-03 -1.784797549473852996e-03 -4.540769141724045749e-02 -9.989669444260226294e-01
6.500242352485656738e-01 -1.412723809480667114e-01 2.341574132442474365e-01 7.590487599372863770e-02 -1.215427531860768795e-03 5.588637432083487511e-04 -1.274379898683251217e-02 -2.839644417083062727e-02 -9.995155014024724727e-01
6.538473367691040039e-01 -1.414532810449600220e-01 2.341611087322235107e-01 7.701837271451950073e-02 -6.020869128406047821e-03 -4.111730959266424179e-04 -1.274379898683251217e-02 -2.839644417083062727e-02 -9.995155014024724727e-01
6.576536893844604492e-01 -1.417967379093170166e-01 2.341100573539733887e-01 7.523474097251892090e-02 -7.717368192970752716e-03 -1.630639657378196716e-03 -2.125592359628707823e-02 -7.992275328783264576e-03 -9.997421213718754585e-01
6.613074541091918945e-01 -1.421369314193725586e-01 2.339947819709777832e-01 7.091490924358367920e-02 -5.890655331313610077e-03 -2.980150748044252396e-03 -3.688836173917370287e-02 4.150105124788549572e-03 -9.993107751814011008e-01
6.646906733512878418e-01 -1.422945111989974976e-01 2.338128983974456787e-01 6.441283226013183594e-02 -4.124320112168788910e-04 -4.295148421078920364e-03 -3.688836173917370287e-02 4.150105124788549572e-03 -9.993107751814011008e-01
6.677042841911315918e-01 -1.420929431915283203e-01 2.335695177316665649e-01 5.613241717219352722e-02 8.475357666611671448e-03 -5.439795553684234619e-03 -9.901941117566305517e-02 -7.367280154986168006e-02 -9.923545105053029891e-01
6.702724695205688477e-01 -1.413782835006713867e-01 2.332754731178283691e-01 4.659559577703475952e-02 2.011130377650260925e-02 -6.321883760392665863e-03 -1.510800063501840651e-01 -2.262374042883256303e-02 -9.882626159317355885e-01
6.723492741584777832e-01 -1.400390267372131348e-01 2.329451292753219604e-01 3.647594898939132690e-02 3.345900774002075195e-02 -6.892073433846235275e-03 -1.187850024289636014e-01 -5.434135250280722890e-02 -9.914318638232869629e-01
6.739246845245361328e-01 -1.380209624767303467e-01 2.325940877199172974e-01 2.653980813920497894e-02 4.726344347000122070e-02 -7.149355020374059677e-03 -1.120994580367763727e-01 -8.172177600454003099e-02 -9.903308855289352230e-01
6.750257015228271484e-01 -1.353325545787811279e-01 2.322369217872619629e-01 1.750019378960132599e-02 6.027314811944961548e-02 -7.137518841773271561e-03 -1.162538567530498890e-01 -7.796547171756387784e-02 -9.901547485155536288e-01
6.757094264030456543e-01 -1.320402771234512329e-01 2.318852543830871582e-01 9.847934357821941376e-03 7.141789048910140991e-02 -6.929260212928056717e-03 -1.162538567530498890e-01 -7.796547171756387784e-02 -9.901547485155536288e-01
6.760482788085937500e-01 -1.282571405172348022e-01 2.315482050180435181e-01 3.706835443153977394e-03 7.990755140781402588e-02 -6.552495993673801422e-03 -1.145145671512420305e-01 -6.363291502532242294e-02 -9.913814936912750397e-01
6.761102676391601562e-01 -1.241274848580360413e-01 2.312355935573577881e-01 -1.226373598910868168e-03 8.527874946594238281e-02 -5.951727274805307388e-03 -1.104537819540920701e-01 -3.907115731126865887e-02 -9.931129878902983377e-01
6.759397983551025391e-01 -1.198119819164276123e-01 2.309611588716506958e-01 -5.592046771198511124e-03 8.734145760536193848e-02 -5.025568418204784393e-03 -1.119396773597987615e-01 -5.054032508975266763e-02 -9.924289315464389638e-01
6.755463480949401855e-01 -1.154764667153358459e-01 2.307437062263488770e-01 -1.014525350183248520e-02 8.607927709817886353e-02 -3.672343445941805840e-03 -1.163361594207372590e-01 -7.336752186852947555e-02 -9.904963930999969302e-01
6.749052405357360840e-01 -1.112840846180915833e-01 2.306063026189804077e-01 -1.549843885004520416e-02 8.161595463752746582e-02 -1.823752187192440033e-03 -1.108693614478927780e-01 -8.006186971843146094e-02 -9.906049069671143403e-01
6.739700436592102051e-01 -1.073892563581466675e-01 2.305719554424285889e-01 -2.191012725234031677e-02 7.417708635330200195e-02 4.501389921642839909e-04 -1.527794096708942617e-01 -5.707031691682671465e-02 -9.866110839158590551e-01
6.726928353309631348e-01 -1.039328649640083313e-01 2.306552529335021973e-01 -2.917877957224845886e-02 6.407850235700607300e-02 2.882046857848763466e-03 -1.837174676193151501e-01 -3.631109525203741334e-02 -9.823081983019094077e-01
6.710464954376220703e-01 -1.010364964604377747e-01 2.308557033538818359e-01 -3.667382523417472839e-02 5.177626013755798340e-02 5.135853309184312820e-03 -1.837174676193151501e-01 -3.631109525203741334e-02 -9.823081983019094077e-01
6.690414547920227051e-01 -9.879375249147415161e-02 2.311563640832901001e-01 -4.352673143148422241e-02 3.793363645672798157e-02 6.890341173857450485e-03 -2.127534554686784374e-01 -1.564103188767111338e-02 -9.769807190040270539e-01
6.667307019233703613e-01 -9.725982695817947388e-02 2.315254658460617065e-01 -4.890408739447593689e-02 2.342324331402778625e-02 7.873728871345520020e-03 -1.887708433848726552e-01 -1.170050624311039233e-02 -9.819514584944711855e-01
6.642020940780639648e-01 -9.644341468811035156e-02 2.319215983152389526e-01 -5.224107578396797180e-02 9.233129210770130157e-03 7.971677929162979126e-03 -1.887708433848726552e-01 -1.170050624311039233e-02 -9.819514584944711855e-01
6.615615487098693848e-01 -9.630493819713592529e-02 2.323031574487686157e-01 -5.338093638420104980e-02 -3.694188548251986504e-03 7.290527690201997757e-03 -1.577665351422814777e-01 -7.599455138605730594e-04 -9.874761480005554981e-01
6.589121818542480469e-01 -9.676270186901092529e-02 2.326379567384719849e-01 -5.259475111961364746e-02 -1.461642794311046600e-02 6.101506296545267105e-03 -1.382361458633805384e-01 2.294780125217091293e-02 -9.901334083811782483e-01
6.563352942466735840e-01 -9.770505130290985107e-02 2.329086661338806152e-01 -5.048010125756263733e-02 -2.307756245136260986e-02 4.726686514914035797e-03 -7.099182369784348690e-02 2.163104207763642470e-02 -9.972423271124676303e-01
6.538781523704528809e-01 -9.900577366352081299e-02 2.331111878156661987e-01 -4.780577868223190308e-02 -2.895142138004302979e-02 3.374408930540084839e-03 -3.911689694691216496e-02 8.697211286493256033e-03 -9.991967908710890356e-01
6.515512466430664062e-01 -1.005380600690841675e-01 2.332483977079391479e-01 -4.527005925774574280e-02 -3.234006091952323914e-02 2.113725058734416962e-03 3.763315810084106282e-03 -1.624895911043075167e-02 -9.998608947148304171e-01
6.493374109268188477e-01 -1.021810173988342285e-01 2.333264648914337158e-01 -4.328265786170959473e-02 -3.337809443473815918e-02 1.009022817015647888e-03 -6.999635215584110171e-03 -2.448428085247935770e-03 -9.999725047743862616e-01
6.472069025039672852e-01 -1.038192063570022583e-01 2.333543747663497925e-01 -4.193760454654693604e-02 -3.214954212307929993e-02 1.074904284905642271e-04 -6.999635215584110171e-03 -2.448428085247935770e-03 -9.999725047743862616e-01
6.451311111450195312e-01 -1.053405106067657471e-01 2.333418279886245728e-01 -4.109374433755874634e-02 -2.870251797139644623e-02 -6.093253614380955696e-04 5.715163705458870674e-02 5.435339858252793283e-02 -9.968848471325609806e-01
6.430904865264892578e-01 -1.066365316510200500e-01 2.332953810691833496e-01 -4.053159803152084351e-02 -2.313840761780738831e-02 -1.248279237188398838e-03 3.876457273652735708e-02 2.712491545058853815e-02 -9.988801463941270331e-01
6.410753726959228516e-01 -1.076093539595603943e-01 2.332141548395156860e-01 -4.007232934236526489e-02 -1.577449589967727661e-02 -2.000552834942936897e-03 3.876457273652735708e-02 2.712491545058853815e-02 -9.988801463941270331e-01
6.390818357467651367e-01 -1.081844270229339600e-01 2.330873012542724609e-01 -3.966858983039855957e-02 -7.228304632008075714e-03 -3.073717467486858368e-03 2.703401000645681840e-02 4.600187030538153976e-02 -9.985754804867670309e-01
6.371037364006042480e-01 -1.083239018917083740e-01 2.328949272632598877e-01 -3.945559263229370117e-02 1.649207668378949165e-03 -4.621523898094892502e-03 2.703401000645681840e-02 4.600187030538153976e-02 -9.985754804867670309e-01
6.351255178451538086e-01 -1.080365702509880066e-01 2.326130717992782593e-01 -3.967390954494476318e-02 9.844098240137100220e-03 -6.652612704783678055e-03 7.216380780783837601e-02 5.264381196763961296e-02 -9.960025170159907404e-01
6.331199407577514648e-01 -1.073831841349601746e-01 2.322218269109725952e-01 -4.054880514740943909e-02 1.629137247800827026e-02 -8.996960707008838654e-03 1.356051947659940027e-01 2.543056097708088978e-02 -9.904365288694010339e-01
6.310518980026245117e-01 -1.064750403165817261e-01 2.317116409540176392e-01 -4.217288270592689514e-02 2.003432065248489380e-02 -1.141068525612354279e-02 1.356051947659940027e-01 2.543056097708088978e-02 -9.904365288694010339e-01
6.288871765136718750e-01 -1.054646372795104980e-01 2.310857474803924561e-01 -4.441510140895843506e-02 2.038168162107467651e-02 -1.362508721649646759e-02 2.848997354126918125e-01 -7.282742482656516525e-02 -9.557867476340676793e-01
6.266045570373535156e-01 -1.045291870832443237e-01 2.303608059883117676e-01 -4.688982293009757996e-02 1.703632064163684845e-02 -1.537257805466651917e-02 2.786108951961088209e-01 -7.323425381792399158e-02 -9.576078075829137504e-01
6.242074370384216309e-01 -1.038493067026138306e-01 2.295655906200408936e-01 -4.899433627724647522e-02 1.015895046293735504e-02 -1.643591374158859253e-02 2.921866024964818176e-01 -5.966212044698059741e-02 -9.544985179157340349e-01
6.217318177223205566e-01 -1.035863757133483887e-01 2.287380099296569824e-01 -5.002992600202560425e-02 3.582950157579034567e-04 -1.666702143847942352e-02 2.949156923183527401e-01 -5.153405498416552266e-02 -9.541325775799061049e-01
6.192471385002136230e-01 -1.038620844483375549e-01 2.279224395751953125e-01 -4.935768991708755493e-02 -1.138660032302141190e-02 -1.595594361424446106e-02 2.949156923183527401e-01 -5.153405498416552266e-02 -9.541325775799061049e-01
6.168496012687683105e-01 -1.047431528568267822e-01 2.271683514118194580e-01 -4.654394462704658508e-02 -2.385622449219226837e-02 -1.420780178159475327e-02 3.092288096369684158e-01 -3.555238905130461008e-02 -9.503228771955604115e-01
6.146495342254638672e-01 -1.062328666448593140e-01 2.265290021896362305e-01 -4.145903885364532471e-02 -3.573234379291534424e-02 -1.136638782918453217e-02 3.353759368195322055e-01 -3.660775064015585334e-02 -9.413728557768645810e-01
6.127576828002929688e-01 -1.082696467638015747e-01 2.260567247867584229e-01 -3.421460464596748352e-02 -4.573898762464523315e-02 -7.524581626057624817e-03 3.535547572394998062e-01 -7.025716703800607976e-02 -9.327716570046026279e-01
6.112760305404663086e-01 -1.107326596975326538e-01 2.257936894893646240e-01 -2.505066059529781342e-02 -5.278161913156509399e-02 -2.996605355292558670e-03 3.535547572394998062e-01 -7.025716703800607976e-02 -9.327716570046026279e-01
6.102921962738037109e-01 -1.134537458419799805e-01 2.257623225450515747e-01 -1.430213078856468201e-02 -5.606171116232872009e-02 1.741835265420377254e-03 3.486422875045069314e-01 -1.153395552837923610e-01 -9.301318951356102316e-01
6.098748445510864258e-01 -1.162340268492698669e-01 2.259610146284103394e-01 -2.391590038314461708e-03 -5.514943227171897888e-02 6.205867975950241089e-03 3.285254158963911708e-01 -1.240274220873787275e-01 -9.363163192417734981e-01
6.100687980651855469e-01 -1.188646629452705383e-01 2.263670414686203003e-01 1.014932338148355484e-02 -5.007594451308250427e-02 1.003515254706144333e-02 3.418146543816675265e-01 -1.279806114665653638e-01 -9.310121938710497203e-01
6.108898520469665527e-01 -1.211519613862037659e-01 2.269434332847595215e-01 2.269322797656059265e-02 -4.141603410243988037e-02 1.302041765302419662e-02 3.285253634845113901e-01 -1.211997434610422447e-01 -9.366865578892156208e-01
6.123216152191162109e-01 -1.229435056447982788e-01 2.276450246572494507e-01 3.457789123058319092e-02 -3.024580515921115875e-02 1.504326518625020981e-02 3.285253634845113901e-01 -1.211997434610422447e-01 -9.366865578892156208e-01
6.143154501914978027e-01 -1.241491213440895081e-01 2.284212559461593628e-01 4.517645761370658875e-02 -1.797886379063129425e-02 1.600606180727481842e-02 3.346299505419947917e-01 -8.087566995955058902e-02 -9.388726869000162401e-01
6.167948246002197266e-01 -1.247517019510269165e-01 2.292173653841018677e-01 5.399916321039199829e-02 -6.124279461801052094e-03 1.583810150623321533e-02 3.101908458906381116e-01 -5.877928040934514431e-02 -9.488554343619528542e-01
6.196657419204711914e-01 -1.248049736022949219e-01 2.299776077270507812e-01 6.083745509386062622e-02 3.993470687419176102e-03 1.457129605114459991e-02 2.629853085213137431e-01 -5.303630972748479833e-02 -9.633409974409060661e-01
6.228337883949279785e-01 -1.244176253676414490e-01 2.306530773639678955e-01 6.588433682918548584e-02 1.150057092308998108e-02 1.244748290628194809e-02 1.811234829674363001e-01 -5.181367428618383758e-02 -9.820945102548480632e-01
6.262244582176208496e-01 -1.237266436219215393e-01 2.312115132808685303e-01 6.974273175001144409e-02 1.613865047693252563e-02 9.889899753034114838e-03 1.811234829674363001e-01 -5.181367428618383758e-02 -9.820945102548480632e-01
6.297986507415771484e-01 -1.228674650192260742e-01 2.316427826881408691e-01 7.322505116462707520e-02 1.822855323553085327e-02 7.361102849245071411e-03 8.489567955777443942e-02 -2.232037334267446965e-02 -9.961398117354145487e-01
6.335518956184387207e-01 -1.219510585069656372e-01 2.319575995206832886e-01 7.690502703189849854e-02 1.842759177088737488e-02 5.231596063822507858e-03 7.406515542378087902e-02 -3.008040354808314346e-02 -9.967996398837811745e-01
6.374919414520263672e-01 -1.210560649633407593e-01 2.321794778108596802e-01 8.069708198308944702e-02 1.737201400101184845e-02 3.643460571765899658e-03 5.274534631244143235e-02 -3.146026291770465805e-02 -9.981123084590880490e-01
6.416006088256835938e-01 -1.202375218272209167e-01 2.323343753814697266e-01 8.365071564912796021e-02 1.536970771849155426e-02 2.552711172029376030e-03 6.248617418202756513e-02 -2.209644130691971672e-02 -9.978011952867481549e-01
6.457945108413696289e-01 -1.195445805788040161e-01 2.324432283639907837e-01 8.410492539405822754e-02 1.234782300889492035e-02 1.801533624529838562e-03 5.959802694931666533e-02 -2.573305009778067975e-02 -9.978907181221867706e-01
6.499046087265014648e-01 -1.190344989299774170e-01 2.325188517570495605e-01 8.029928058385848999e-02 8.055323734879493713e-03 1.223314902745187283e-03 2.176170169151461775e-02 -3.081451848839140972e-02 -9.992881935597048848e-01
6.536889076232910156e-01 -1.187730804085731506e-01 2.325696051120758057e-01 7.107166945934295654e-02 2.401465317234396935e-03 8.066379814408719540e-04 -4.388333923727893299e-02 -1.124136111761168261e-02 -9.989734152296593228e-01
6.568729877471923828e-01 -1.188217177987098694e-01 2.326053977012634277e-01 5.629160255193710327e-02 -4.346875939518213272e-03 6.249987054616212845e-04 -5.808198272900944731e-02 -2.226647007422655200e-02 -9.980634687186483722e-01
6.592018008232116699e-01 -1.192208901047706604e-01 2.326383292675018311e-01 3.686034679412841797e-02 -1.162001397460699081e-02 6.922281463630497456e-04 -6.635116034320659439e-02 -4.371667075060537561e-02 -9.968381895862502562e-01
6.604812741279602051e-01 -1.199785098433494568e-01 2.326789945363998413e-01 1.431928016245365143e-02 -1.868482120335102081e-02 9.343783021904528141e-04 -5.773171560501996064e-02 -5.586532836493221521e-02 -9.967678335991683181e-01
6.606002449989318848e-01 -1.210653334856033325e-01 2.327324450016021729e-01 -9.561102837324142456e-03 -2.478802576661109924e-02 1.203863648697733879e-03 -5.773171560501996064e-02 -5.586532836493221521e-02 -9.967678335991683181e-01
6.595363020896911621e-01 -1.224160864949226379e-01 2.327954918146133423e-01 -3.299727663397789001e-02 -2.924221567809581757e-02 1.317780232056975365e-03 -5.773171560501996064e-02 -5.586532836493221521e-02 -9.967678335991683181e-01
6.573550105094909668e-01 -1.239350736141204834e-01 2.328557223081588745e-01 -5.425379797816276550e-02 -3.151721507310867310e-02 1.091574784368276596e-03 -4.149054154073194417e-02 -3.883322306854587735e-02 -9.983839520679232971e-01
6.542050242424011230e-01 -1.255078464746475220e-01 2.328933030366897583e-01 -7.174653559923171997e-02 -3.139372169971466064e-02 4.114953044336289167e-04 -4.149054154073194417e-02 -3.883322306854587735e-02 -9.983839520679232971e-01
6.503034234046936035e-01 -1.270209401845932007e-01 2.328858226537704468e-01 -8.431737124919891357e-02 -2.913022413849830627e-02 -7.105899276211857796e-04 -1.528981999833606796e-02 -5.821818214323407764e-02 -9.981867884671463687e-01
6.459063887596130371e-01 -1.283868104219436646e-01 2.328130900859832764e-01 -9.156319499015808105e-02 -2.550435625016689301e-02 -2.198735950514674187e-03 4.678159779565824183e-02 -1.011223921481941707e-01 -9.937734872252891316e-01
6.412689685821533203e-01 -1.295646429061889648e-01 2.326586991548538208e-01 -9.393268823623657227e-02 -2.160883694887161255e-02 -3.976610954850912094e-03 7.942465029816420108e-02 -1.086214509084105634e-01 -9.909051949230894829e-01
6.366100311279296875e-01 -1.305671036243438721e-01 2.324116080999374390e-01 -9.242455661296844482e-02 -1.848938316106796265e-02 -5.907012615352869034e-03 8.159453689680956634e-02 -1.119215943975606503e-01 -9.903614937254493489e-01
6.320973634719848633e-01 -1.314511895179748535e-01 2.320690304040908813e-01 -8.808249980211257935e-02 -1.687379926443099976e-02 -7.795862853527069092e-03 1.111653749892743820e-01 -9.565584456642405031e-02 -9.891876560096057869e-01
6.278551816940307617e-01 -1.323012858629226685e-01 2.316379100084304810e-01 -8.160521835088729858e-02 -1.712984964251518250e-02 -9.449058212339878082e-03 1.617745081959121312e-01 -7.036153569259746832e-02 -9.843161396578591349e-01
6.239843368530273438e-01 -1.332137137651443481e-01 2.311363220214843750e-01 -7.322851568460464478e-02 -1.936721242964267731e-02 -1.061465777456760406e-02 1.871176152432803830e-01 -5.396893700968720398e-02 -9.808538891709160934e-01
6.205810904502868652e-01 -1.342870593070983887e-01 2.305960655212402344e-01 -6.290014833211898804e-02 -2.356674894690513611e-02 -1.099551748484373093e-02 2.465358522670502150e-01 -3.203916416904888792e-02 -9.686039260215231206e-01
6.177431344985961914e-01 -1.356174349784851074e-01 2.300618886947631836e-01 -5.061902105808258057e-02 -2.964818850159645081e-02 -1.037129014730453491e-02 3.274988452559262075e-01 -2.921133975135558822e-02 -9.443999173993854468e-01
6.155589818954467773e-01 -1.372948586940765381e-01 2.295855879783630371e-01 -3.674643859267234802e-02 -3.744899481534957886e-02 -8.680737577378749847e-03 3.370157658700652092e-01 -9.234182121925640224e-03 -9.414537181580155956e-01
6.140878796577453613e-01 -1.393973380327224731e-01 2.292173206806182861e-01 -2.209872007369995117e-02 -4.665032401680946350e-02 -6.050103344023227692e-03 3.648161867847055650e-01 -1.968034989625622871e-02 -9.308715452122424683e-01
6.133410930633544922e-01 -1.419811099767684937e-01 2.289966791868209839e-01 -7.773196324706077576e-03 -5.670060962438583374e-02 -2.775415312498807907e-03 3.857867100374764990e-01 -2.197603838267664367e-02 -9.223262265020241157e-01
6.132747530937194824e-01 -1.450695693492889404e-01 2.289461195468902588e-01 5.118595901876688004e-03 -6.683783978223800659e-02 7.532061426900327206e-04 4.136411061456296001e-01 -3.054459413110638746e-02 -9.099275042958016035e-01
6.137949228286743164e-01 -1.486461609601974487e-01 2.290685325860977173e-01 1.568831317126750946e-02 -7.622577250003814697e-02 4.143289290368556976e-03 4.060775107768475611e-01 -5.618207508495469404e-02 -9.121099877089537955e-01
6.147719025611877441e-01 -1.526553928852081299e-01 2.293498963117599487e-01 2.339035086333751678e-02 -8.414369076490402222e-02 7.111409213393926620e-03 3.462432397709555576e-01 -1.018290514784175593e-01 -9.326019854074503179e-01
6.160578727722167969e-01 -1.570120006799697876e-01 2.297663390636444092e-01 2.804914489388465881e-02 -9.012085944414138794e-02 9.546368382871150970e-03 2.670568577293045975e-01 -3.331350429239695460e-02 -9.631047944899403523e-01
6.175041198730468750e-01 -1.616145968437194824e-01 2.302897721529006958e-01 2.980140969157218933e-02 -9.398327022790908813e-02 1.139115728437900543e-02 2.188393389474339867e-01 1.357440555048417506e-02 -9.756664795108013211e-01
6.189730763435363770e-01 -1.663607060909271240e-01 2.308875471353530884e-01 2.895748429000377655e-02 -9.586130827665328979e-02 1.252001151442527771e-02 1.908465775201528547e-01 1.150313134732221590e-02 -9.815524753247023559e-01
6.203438043594360352e-01 -1.711606383323669434e-01 2.315192371606826782e-01 2.587218768894672394e-02 -9.613597393035888672e-02 1.274730078876018524e-02 1.754789850784094773e-01 -2.181165993634506806e-02 -9.842415238571642355e-01
6.215117573738098145e-01 -1.759476661682128906e-01 2.321346700191497803e-01 2.084659785032272339e-02 -9.534488618373870850e-02 1.187005359679460526e-02 1.976125193737950647e-01 -1.401473209143551113e-01 -9.702102971136052911e-01
6.223862171173095703e-01 -1.806826442480087280e-01 2.326776981353759766e-01 1.413094718009233475e-02 -9.405437856912612915e-02 9.851285256445407867e-03 1.836922163765951077e-01 -1.423453241747863474e-01 -9.726227317548307161e-01
6.228865981101989746e-01 -1.853497624397277832e-01 2.330965399742126465e-01 5.883957725018262863e-03 -9.263046085834503174e-02 6.902301684021949768e-03 1.862984348397843937e-01 -9.252789626203557216e-02 -9.781265161458247981e-01
6.229384541511535645e-01 -1.899401396512985229e-01 2.333537340164184570e-01 -3.810525173321366310e-03 -9.098477661609649658e-02 3.385728690773248672e-03 2.574071532608308011e-01 1.534344112337308538e-02 -9.661812129526472503e-01
6.224743127822875977e-01 -1.944264322519302368e-01 2.334298789501190186e-01 -1.475426834076642990e-02 -8.846670389175415039e-02 -3.398529079277068377e-04 2.730786251788277497e-01 3.559835638446744860e-02 -9.613328359580596283e-01
6.214430332183837891e-01 -1.987356692552566528e-01 2.333204895257949829e-01 -2.649610303342342377e-02 -8.390286564826965332e-02 -4.035579040646553040e-03 2.572696494601451889e-01 -9.563853127576694632e-03 -9.662923264613086927e-01
6.198254823684692383e-01 -2.027301192283630371e-01 2.330301702022552490e-01 -3.820544481277465820e-02 -7.587534934282302856e-02 -7.576977834105491638e-03 2.606409612200799586e-01 -8.257253351658172535e-02 -9.618981578321716963e-01
6.176531910896301270e-01 -2.062059789896011353e-01 2.325684577226638794e-01 -4.868558421730995178e-02 -6.315908581018447876e-02 -1.089132018387317657e-02 2.606409612200799586e-01 -8.257253351658172535e-02 -9.618981578321716963e-01
6.150200963020324707e-01 -2.089148759841918945e-01 2.319522202014923096e-01 -5.663802474737167358e-02 -4.519674554467201233e-02 -1.375803817063570023e-02 2.818592373169242493e-01 -8.816961132990960848e-02 -9.553959859529734810e-01
6.120798587799072266e-01 -2.106072753667831421e-01 2.312133014202117920e-01 -6.097108870744705200e-02 -2.249906212091445923e-02 -1.579854264855384827e-02 3.249387486382693813e-01 -5.828069469083170528e-02 -9.439375881157343606e-01
6.090296506881713867e-01 -2.110871970653533936e-01 2.304005175828933716e-01 -6.103828921914100647e-02 3.302137833088636398e-03 -1.671269536018371582e-02 2.826412399803074349e-01 -3.496353958222214731e-02 -9.585882746832848911e-01
6.060841083526611328e-01 -2.102601379156112671e-01 2.295705229043960571e-01 -5.678417533636093140e-02 2.978001534938812256e-02 -1.648725755512714386e-02 2.799257252149318642e-01 -2.068036551929537670e-02 -9.597988908322842017e-01
6.034438610076904297e-01 -2.081581056118011475e-01 2.287749648094177246e-01 -4.882584512233734131e-02 5.430150032043457031e-02 -1.533531304448843002e-02 2.897240784016795745e-01 -2.794561233057698060e-02 -9.567021486041340506e-01
6.012631654739379883e-01 -2.049333751201629639e-01 2.280517518520355225e-01 -3.840275481343269348e-02 7.468744367361068726e-02 -1.359311677515506744e-02 3.416728850612386625e-01 -1.090742407649347365e-02 -9.397556425539274061e-01
5.996251702308654785e-01 -2.008230537176132202e-01 2.274192124605178833e-01 -2.711661346256732941e-02 8.972556143999099731e-02 -1.170862093567848206e-02 3.296579546286200202e-01 2.308683282575535803e-02 -9.438181133556138303e-01
5.985341668128967285e-01 -1.960954070091247559e-01 2.268711477518081665e-01 -1.652238145470619202e-02 9.938032180070877075e-02 -1.021413691341876984e-02 3.146631873288276426e-01 4.831734902237794921e-02 -9.479728436624715870e-01
5.979272723197937012e-01 -1.909961253404617310e-01 2.263778746128082275e-01 -7.754117716103792191e-03 1.045909374952316284e-01 -9.516783989965915680e-03 3.849736884055298125e-01 -4.647791477676632699e-02 -9.217565094272160975e-01
5.976995229721069336e-01 -1.857128143310546875e-01 2.258996367454528809e-01 -1.354716951027512550e-03 1.067415699362754822e-01 -9.612836875021457672e-03 3.849736884055298125e-01 -4.647791477676632699e-02 -9.217565094272160975e-01
5.977315902709960938e-01 -1.803653836250305176e-01 2.254063338041305542e-01 2.638475503772497177e-03 1.071555092930793762e-01 -1.011953875422477722e-02 3.125463913567915752e-01 -2.223989729621663192e-01 -9.235006497416342608e-01
5.979098081588745117e-01 -1.750163435935974121e-01 2.248886972665786743e-01 4.489324055612087250e-03 1.068058684468269348e-01 -1.058581471443176270e-02 3.220554751536703897e-01 -2.096540411780223323e-01 -9.232147388009290800e-01
5.981360077857971191e-01 -1.696915775537490845e-01 2.243564277887344360e-01 4.559193272143602371e-03 1.061844751238822937e-01 -1.070521678775548935e-02 3.473869207383495916e-01 -8.173172234099607136e-02 -9.341532277207534873e-01
5.983301997184753418e-01 -1.644055396318435669e-01 2.238275855779647827e-01 3.208281239494681358e-03 1.052569001913070679e-01 -1.044854987412691116e-02 4.513838437849462260e-01 -5.275985513447887035e-03 -8.923142885468039465e-01
5.984302163124084473e-01 -1.591829210519790649e-01 2.233148515224456787e-01 7.911945576779544353e-04 1.036476790904998779e-01 -1.006094086915254593e-02 4.513838437849462260e-01 -5.275985513447887035e-03 -8.923142885468039465e-01
5.983893275260925293e-01 -1.540688425302505493e-01 2.228178679943084717e-01 -2.426643855869770050e-03 1.009155288338661194e-01 -9.818223305046558380e-03 4.371906768595078541e-01 -8.123592720361520747e-02 -8.956924897510832873e-01
5.981719493865966797e-01 -1.491260975599288940e-01 2.223251760005950928e-01 -6.267719902098178864e-03 9.679424762725830078e-02 -9.889692999422550201e-03 4.263657509030455151e-01 1.485921315603349994e-02 -9.044287977719780436e-01
5.977531075477600098e-01 -1.444218903779983521e-01 2.218174040317535400e-01 -1.048624701797962189e-02 9.137414395809173584e-02 -1.042136549949645996e-02 4.580943863718435205e-01 5.740197421247086179e-02 -8.870482210844656823e-01
5.971238613128662109e-01 -1.400083452463150024e-01 2.212690412998199463e-01 -1.468454673886299133e-02 8.516783267259597778e-02 -1.151302270591259003e-02 4.787942528079728310e-01 4.156823017030978479e-02 -8.769424985234569592e-01
5.962978601455688477e-01 -1.359030455350875854e-01 2.206550687551498413e-01 -1.835543848574161530e-02 7.904399186372756958e-02 -1.304617244750261307e-02 4.787942528079728310e-01 4.156823017030978479e-02 -8.769424985234569592e-01
5.953140854835510254e-01 -1.320794522762298584e-01 2.199626117944717407e-01 -2.099621295928955078e-02 7.389964163303375244e-02 -1.465237885713577271e-02 5.515580892245446343e-01 -6.223974992220312336e-02 -8.318112091926813667e-01
5.942331552505493164e-01 -1.284726858139038086e-01 2.192003726959228516e-01 -2.224078029394149780e-02 7.037107646465301514e-02 -1.583706587553024292e-02 5.716962696499080510e-01 -9.480383163513633749e-02 -8.149696980708400762e-01
5.931283831596374512e-01 -1.249951273202896118e-01 2.183992713689804077e-01 -2.195090614259243011e-02 6.873110681772232056e-02 -1.620693691074848175e-02 5.920270995106770018e-01 -8.808887187230665661e-02 -8.010894232825941375e-01
5.920726060867309570e-01 -1.215542778372764587e-01 2.176023274660110474e-01 -2.028080448508262634e-02 6.890290230512619019e-02 -1.567067950963973999e-02 5.894046997616753103e-01 -4.306472964789404001e-02 -8.066892393959417262e-01
5.911242365837097168e-01 -1.180685386061668396e-01 2.168492227792739868e-01 -1.765331253409385681e-02 7.052655518054962158e-02 -1.445349305868148804e-02 5.688265222434976121e-01 1.056236958476882912e-02 -8.223897032059206413e-01
5.903177261352539062e-01 -1.144783124327659607e-01 2.161621451377868652e-01 -1.460611354559659958e-02 7.308248430490493774e-02 -1.302970107644796371e-02 5.599133897624271050e-01 2.840354530156872018e-02 -8.280641488296968111e-01
5.896617174148559570e-01 -1.107511445879936218e-01 2.155374586582183838e-01 -1.163353584706783295e-02 7.600422203540802002e-02 -1.195789594203233719e-02 6.202963765196851664e-01 -3.135684617912230798e-02 -7.837404886008172422e-01
5.891422033309936523e-01 -1.068823784589767456e-01 2.149499654769897461e-01 -9.148155339062213898e-03 7.874649018049240112e-02 -1.154198311269283295e-02 6.312831761493158389e-01 -5.105556532062708458e-02 -7.738700671034014489e-01
5.887275338172912598e-01 -1.028923541307449341e-01 2.143701165914535522e-01 -7.439419627189636230e-03 8.085446804761886597e-02 -1.165177021175622940e-02 6.177027771047089999e-01 -8.239961543136938016e-02 -7.820828488925535282e-01
5.883768796920776367e-01 -9.881944209337234497e-02 2.137815058231353760e-01 -6.585892755538225174e-03 8.206211775541305542e-02 -1.189293526113033295e-02 6.291632570646179534e-01 -9.032660668412166582e-02 -7.720069300743181984e-01
5.880531072616577148e-01 -9.470747411251068115e-02 2.131844013929367065e-01 -6.365826819092035294e-03 8.241646736860275269e-02 -1.199132855981588364e-02 6.291632570646179534e-01 -9.032660668412166582e-02 -7.720069300743181984e-01
