x y z nx ny nz
6.488685011863708496e-01 -8.249486982822418213e-02 1.520073860883712769e-01 2.875593304634094238e-02 4.689003340899944305e-03 7.239735568873584270e-04 1.284662515449016239e-02 -1.711005297390681343e-02 -9.997710789512617158e-01
6.509664654731750488e-01 -8.243431895971298218e-02 1.520520150661468506e-01 5.516219139099121094e-02 -2.266866387799382210e-03 1.061080954968929291e-03 1.284662515449016239e-02 -1.711005297390681343e-02 -9.997710789512617158e-01
6.540746688842773438e-01 -8.271230757236480713e-02 1.521020233631134033e-01 6.916657090187072754e-02 -8.852805942296981812e-03 9.391304338350892067e-04 1.284662515449016239e-02 -1.711005297390681343e-02 -9.997710789512617158e-01
6.576600074768066406e-01 -8.325271308422088623e-02 1.521367281675338745e-01 7.424791157245635986e-02 -1.276347972452640533e-02 4.489750426728278399e-04 1.284662515449016239e-02 -1.711005297390681343e-02 -9.997710789512617158e-01
6.613544225692749023e-01 -8.387710899114608765e-02 1.521403789520263672e-01 7.352773845195770264e-02 -1.221238728612661362e-02 -3.028498613275587559e-04 1.284662515449016239e-02 -1.711005297390681343e-02 -9.997710789512617158e-01
6.649255156517028809e-01 -8.434152603149414062e-02 1.521027535200119019e-01 6.931526958942413330e-02 -6.364263594150543213e-03 -1.202194136567413807e-03 -8.231980621434546036e-03 4.472919286099671411e-03 -9.999561127800100646e-01
6.682289838790893555e-01 -8.439090102910995483e-02 1.520195305347442627e-01 6.282413005828857422e-02 4.389185924082994461e-03 -2.126476960256695747e-03 -7.166546232503216707e-02 -2.154814160902407058e-02 -9.971959381690925772e-01
6.711593866348266602e-01 -8.381864428520202637e-02 1.518933624029159546e-01 5.439246818423271179e-02 1.850113272666931152e-02 -2.920145168900489807e-03 -7.166546232503216707e-02 -2.154814160902407058e-02 -9.971959381690925772e-01
6.736201643943786621e-01 -8.251433074474334717e-02 1.517344266176223755e-01 4.403923824429512024e-02 3.367132321000099182e-02 -3.437265288084745407e-03 -8.608379248099488901e-02 -2.392492931190072156e-02 -9.960005915798992859e-01
6.755198240280151367e-01 -8.048777282238006592e-02 1.515580266714096069e-01 3.194678202271461487e-02 4.739085957407951355e-02 -3.618765622377395630e-03 -7.429683223978723883e-02 -1.661752614905219819e-02 -9.970977076203807465e-01
6.767849922180175781e-01 -7.786695659160614014e-02 1.513805240392684937e-01 1.865915395319461823e-02 5.744178220629692078e-02 -3.481304971501231194e-03 -7.001658813062960895e-02 -1.804416290785454055e-02 -9.973826174390151289e-01
6.773773431777954102e-01 -7.487449795007705688e-02 1.512175351381301880e-01 5.033965222537517548e-03 6.225664541125297546e-02 -3.038508584722876549e-03 -7.001658813062960895e-02 -1.804416290785454055e-02 -9.973826174390151289e-01
6.773047447204589844e-01 -7.178996503353118896e-02 1.510842591524124146e-01 -7.938626222312450409e-03 6.112470105290412903e-02 -2.292609773576259613e-03 -7.001658813062960895e-02 -1.804416290785454055e-02 -9.973826174390151289e-01
6.766226291656494141e-01 -6.890530884265899658e-02 1.509951353073120117e-01 -1.934618689119815826e-02 5.426151305437088013e-02 -1.272191409952938557e-03 -4.271526880694188899e-02 -4.588531464182384056e-02 -9.980330373835184510e-01
6.754257678985595703e-01 -6.648006290197372437e-02 1.509618014097213745e-01 -2.852742187678813934e-02 4.274845495820045471e-02 -6.097640653024427593e-05 -4.271526880694188899e-02 -4.588531464182384056e-02 -9.980330373835184510e-01
6.738333702087402344e-01 -6.470286846160888672e-02 1.509900242090225220e-01 -3.516873717308044434e-02 2.833928167819976807e-02 1.190012320876121521e-03 -4.698841027074349835e-02 -5.085497016231286388e-02 -9.976000507758701064e-01
6.719716191291809082e-01 -6.366548687219619751e-02 1.510775536298751831e-01 -3.930112719535827637e-02 1.315599493682384491e-02 2.311015035957098007e-03 -4.735985531408461874e-02 -3.448782932825807113e-02 -9.982823416903926494e-01
6.699587106704711914e-01 -6.335335224866867065e-02 1.512133777141571045e-01 -4.121537879109382629e-02 -6.705458508804440498e-04 3.121970687061548233e-03 -6.817134279919347117e-02 -4.723737470160153246e-02 -9.965547142281026005e-01
6.678948998451232910e-01 -6.365360319614410400e-02 1.513780951499938965e-01 -4.133749753236770630e-02 -1.133949216455221176e-02 3.466498339548707008e-03 -6.460459575459605308e-02 -5.123017850543806068e-02 -9.965950607020316321e-01
6.658584475517272949e-01 -6.437798589468002319e-02 1.515464931726455688e-01 -4.011994600296020508e-02 -1.763576455414295197e-02 3.269540378823876381e-03 -6.460459575459605308e-02 -5.123017850543806068e-02 -9.965950607020316321e-01
6.639058589935302734e-01 -6.529556959867477417e-02 1.516919583082199097e-01 -3.798333182930946350e-02 -1.906762272119522095e-02 2.549051074311137199e-03 -6.460459575459605308e-02 -5.123017850543806068e-02 -9.965950607020316321e-01
6.620737910270690918e-01 -6.616904586553573608e-02 1.517913639545440674e-01 -3.530016541481018066e-02 -1.587143354117870331e-02 1.427058246918022633e-03 9.669236947230905365e-04 -1.707108205911008272e-02 -9.998538109213265246e-01
6.603813171386718750e-01 -6.678832322359085083e-02 1.518291831016540527e-01 -3.239838778972625732e-02 -8.899689652025699615e-03 8.552311919629573822e-05 9.669236947230905365e-04 -1.707108205911008272e-02 -9.998538109213265246e-01
6.588320732116699219e-01 -6.699661910533905029e-02 1.517990231513977051e-01 -2.957180514931678772e-02 5.678503075614571571e-04 -1.292138942517340183e-03 1.665967473868356155e-02 -4.709125211263765799e-03 -9.998501284569331071e-01
6.574155688285827637e-01 -6.670634448528289795e-02 1.517024487257003784e-01 -2.708862535655498505e-02 1.104308292269706726e-02 -2.570770680904388428e-03 1.665967473868356155e-02 -4.709125211263765799e-03 -9.998501284569331071e-01
6.561082601547241211e-01 -6.590423732995986938e-02 1.515466719865798950e-01 -2.520466595888137817e-02 2.104115486145019531e-02 -3.660591086372733116e-03 3.711370407556493362e-02 -1.838315813781434341e-02 -9.991419481058091412e-01
6.548736095428466797e-01 -6.464646011590957642e-02 1.513433754444122314e-01 -2.418127842247486115e-02 2.926993556320667267e-02 -4.471482709050178528e-03 3.711370407556493362e-02 -1.838315813781434341e-02 -9.991419481058091412e-01
6.536618471145629883e-01 -6.304494291543960571e-02 1.511086672544479370e-01 -2.428862452507019043e-02 3.479073569178581238e-02 -4.916639067232608795e-03 3.711370407556493362e-02 -1.838315813781434341e-02 -9.991419481058091412e-01
6.524099707603454590e-01 -6.124692410230636597e-02 1.508625149726867676e-01 -2.578707225620746613e-02 3.712995350360870361e-02 -4.929612856358289719e-03 7.325602592164250082e-02 -6.046799100075808675e-02 -9.954783657762230620e-01
6.510432362556457520e-01 -5.941094458103179932e-02 1.506269872188568115e-01 -2.888310328125953674e-02 3.630915656685829163e-02 -4.491200670599937439e-03 7.325602592164250082e-02 -6.046799100075808675e-02 -9.954783657762230620e-01
6.494793295860290527e-01 -5.768376961350440979e-02 1.504236459732055664e-01 -3.367302194237709045e-02 3.277790546417236328e-02 -3.642282215878367424e-03 7.896625228418720222e-02 -6.838848872471715856e-02 -9.945287052710640729e-01
6.476351618766784668e-01 -5.618255585432052612e-02 1.502709239721298218e-01 -4.009329155087471008e-02 2.727065794169902802e-02 -2.466658130288124084e-03 7.896625228418720222e-02 -6.838848872471715856e-02 -9.945287052710640729e-01
6.454357504844665527e-01 -5.498505011200904846e-02 1.501826047897338867e-01 -4.788251966238021851e-02 2.062953449785709381e-02 -1.065883436240255833e-03 5.234540848971273169e-02 -7.103244410660784769e-02 -9.960995683626646668e-01
6.428246498107910156e-01 -5.412835255265235901e-02 1.501670926809310913e-01 -5.656130239367485046e-02 1.363843493163585663e-02 4.456373280845582485e-04 5.434151076902392352e-03 -4.943924647841493186e-02 -9.987623495645598926e-01
6.397747993469238281e-01 -5.361490324139595032e-02 1.502268314361572266e-01 -6.543271988630294800e-02 6.899481639266014099e-03 1.943641225807368755e-03 -3.225872036140834537e-02 -2.725686143487797072e-02 -9.991078212402124681e-01
6.362988352775573730e-01 -5.342318862676620483e-02 1.503583490848541260e-01 -7.360509037971496582e-02 7.691630162298679352e-04 3.317154943943023682e-03 -4.432078369271771900e-02 -2.288086237162876430e-02 -9.987552924855988001e-01
6.324574351310729980e-01 -5.352013930678367615e-02 1.505532413721084595e-01 -8.005207031965255737e-02 -4.647231660783290863e-03 4.478577524423599243e-03 -5.329168460097306187e-02 -3.789549656979167378e-03 -9.985717979513478726e-01
6.283630132675170898e-01 -5.387243255972862244e-02 1.507991701364517212e-01 -8.372385799884796143e-02 -9.444441646337509155e-03 5.358554422855377197e-03 -3.916469428530150454e-02 3.885130443131080318e-04 -9.992326935089509421e-01
6.241768598556518555e-01 -5.445406213402748108e-02 1.510807722806930542e-01 -8.372342586517333984e-02 -1.382069848477840424e-02 5.905708763748407364e-03 -3.916469428530150454e-02 3.885130443131080318e-04 -9.992326935089509421e-01
6.200956702232360840e-01 -5.524880439043045044e-02 1.513804346323013306e-01 -7.952491939067840576e-02 -1.796898804605007172e-02 6.080751307308673859e-03 -5.457735054576282746e-02 -8.301289554977438201e-02 -9.950528488366068292e-01
6.163284182548522949e-01 -5.624778568744659424e-02 1.516790091991424561e-01 -7.116461545228958130e-02 -2.199020236730575562e-02 5.862361285835504532e-03 -5.457735054576282746e-02 -8.301289554977438201e-02 -9.950528488366068292e-01
6.130664944648742676e-01 -5.744379758834838867e-02 1.519574970006942749e-01 -5.931181088089942932e-02 -2.585020475089550018e-02 5.276889540255069733e-03 -1.122894202416943599e-01 -1.195614752302404660e-01 -9.864563547063562865e-01
6.104548573493957520e-01 -5.882466211915016174e-02 1.521998941898345947e-01 -4.515466839075088501e-02 -2.938442118465900421e-02 4.418702330440282822e-03 -1.122894202416943599e-01 -1.195614752302404660e-01 -9.864563547063562865e-01
6.085726618766784668e-01 -6.036772578954696655e-02 1.523961722850799561e-01 -3.013311699032783508e-02 -3.233814612030982971e-02 3.432390047237277031e-03 -1.082640732954333745e-01 2.882002980799146588e-03 -9.941179932434074384e-01
6.074286103248596191e-01 -6.203673407435417175e-02 1.525433510541915894e-01 -1.562885940074920654e-02 -3.442221134901046753e-02 2.454901812598109245e-03 -1.082640732954333745e-01 2.882002980799146588e-03 -9.941179932434074384e-01
6.069698333740234375e-01 -6.378176063299179077e-02 1.526442319154739380e-01 -2.722233068197965622e-03 -3.537873923778533936e-02 1.580440206453204155e-03 -1.082640732954333745e-01 2.882002980799146588e-03 -9.941179932434074384e-01
6.070999503135681152e-01 -6.554239243268966675e-02 1.527055054903030396e-01 7.927505299448966980e-03 -3.504656255245208740e-02 8.702297345735132694e-04 -1.082640732954333745e-01 2.882002980799146588e-03 -9.941179932434074384e-01
6.077001690864562988e-01 -6.725379824638366699e-02 1.527358591556549072e-01 1.608074456453323364e-02 -3.340976685285568237e-02 3.436936240177601576e-04 -7.983596200256201647e-02 1.202042612707910664e-02 -9.967355358994925973e-01
6.086480021476745605e-01 -6.885463744401931763e-02 1.527439057826995850e-01 2.183222398161888123e-02 -3.062380664050579071e-02 -2.162135388061869889e-05 -6.961194481201700424e-02 -1.039351868025355577e-02 -9.975200007553390869e-01
6.098311543464660645e-01 -7.029542326927185059e-02 1.527367979288101196e-01 2.549300901591777802e-02 -2.700775489211082458e-02 -2.626640489324927330e-04 -4.395784965646912928e-02 -1.508234839459374720e-02 -9.989195314030471229e-01
6.111556291580200195e-01 -7.154577970504760742e-02 1.527196168899536133e-01 2.748621813952922821e-02 -2.300662733614444733e-02 -4.248593468219041824e-04 -4.395784965646912928e-02 -1.508234839459374720e-02 -9.989195314030471229e-01
6.125496625900268555e-01 -7.259940356016159058e-02 1.526956111192703247e-01 2.827514521777629852e-02 -1.913834922015666962e-02 -5.351135041564702988e-04 -4.246498298274158784e-02 -2.556652459188421544e-02 -9.987707835327223060e-01
6.139646172523498535e-01 -7.347622513771057129e-02 1.526675075292587280e-01 2.832244522869586945e-02 -1.593450643122196198e-02 -5.892558256164193153e-04 -4.246498298274158784e-02 -2.556652459188421544e-02 -9.987707835327223060e-01
6.153743267059326172e-01 -7.422171533107757568e-02 1.526381522417068481e-01 2.806489728391170502e-02 -1.388505566865205765e-02 -5.848097498528659344e-04 -4.246498298274158784e-02 -2.556652459188421544e-02 -9.987707835327223060e-01
6.167731285095214844e-01 -7.490351051092147827e-02 1.526101082563400269e-01 2.788669802248477936e-02 -1.338671706616878510e-02 -5.370273138396441936e-04 -4.246498298274158784e-02 -2.556652459188421544e-02 -9.987707835327223060e-01
6.181721687316894531e-01 -7.560580223798751831e-02 1.525846123695373535e-01 2.807514742016792297e-02 -1.470501348376274109e-02 -4.829518729820847511e-04 -9.715079637480677349e-03 -1.125302079168911951e-02 -9.998894872678175672e-01
6.195929050445556641e-01 -7.642207294702529907e-02 1.525614410638809204e-01 2.875399775803089142e-02 -1.794576272368431091e-02 -4.439686308614909649e-04 -9.715079637480677349e-03 -1.125302079168911951e-02 -9.998894872678175672e-01
6.210570335388183594e-01 -7.744625955820083618e-02 1.525401920080184937e-01 2.981176599860191345e-02 -2.302173152565956116e-02 -4.058787890244275331e-04 -9.715079637480677349e-03 -1.125302079168911951e-02 -9.998894872678175672e-01
6.225734949111938477e-01 -7.876231521368026733e-02 1.525217294692993164e-01 3.084701672196388245e-02 -2.962060831487178802e-02 -3.328734601382166147e-04 -6.922129763854863865e-03 -2.069474430751257199e-02 -9.997618774866237068e-01
6.241237521171569824e-01 -8.043227344751358032e-02 1.525093168020248413e-01 3.116371855139732361e-02 -3.717776760458946228e-02 -1.636819069972261786e-04 -6.922129763854863865e-03 -2.069474430751257199e-02 -9.997618774866237068e-01
6.256492733955383301e-01 -8.248323947191238403e-02 1.525095999240875244e-01 2.985643781721591949e-02 -4.486094787716865540e-02 1.747275819070637226e-04 -2.737411109924954913e-03 -3.149677785459459312e-02 -9.995001048340083072e-01
6.270458102226257324e-01 -8.489458262920379639e-02 1.525303572416305542e-01 2.600562572479248047e-02 -5.159270018339157104e-02 6.553414859808981419e-04 -2.737411109924954913e-03 -3.149677785459459312e-02 -9.995001048340083072e-01
6.281698942184448242e-01 -8.758819103240966797e-02 1.525751501321792603e-01 1.895709708333015442e-02 -5.615168809890747070e-02 1.136314473114907742e-03 -2.534164077501291010e-02 -2.551159506603557087e-02 -9.993532707496467493e-01
6.288590431213378906e-01 -9.042628109455108643e-02 1.526425331830978394e-01 8.608265779912471771e-03 -5.737180262804031372e-02 1.558795105665922165e-03 -2.534164077501291010e-02 -2.551159506603557087e-02 -9.993532707496467493e-01
6.289635896682739258e-01 -9.322085231542587280e-02 1.527309417724609375e-01 -4.425251390784978867e-03 -5.441116541624069214e-02 1.977469772100448608e-03 -4.038457276938792195e-02 2.945369133518891021e-03 -9.991798692332132248e-01
6.283816099166870117e-01 -9.575621783733367920e-02 1.528393626213073730e-01 -1.885459944605827332e-02 -4.700344800949096680e-02 2.359278965741395950e-03 -4.038457276938792195e-02 2.945369133518891021e-03 -9.991798692332132248e-01
6.270862817764282227e-01 -9.782093018293380737e-02 1.529625058174133301e-01 -3.295782580971717834e-02 -3.558509051799774170e-02 2.566310809925198555e-03 -4.038457276938792195e-02 2.945369133518891021e-03 -9.991798692332132248e-01
6.251389384269714355e-01 -9.924189746379852295e-02 1.530888229608535767e-01 -4.493709281086921692e-02 -2.125357277691364288e-02 2.486560260877013206e-03 -3.050145712328069039e-02 -1.475816254076570307e-02 -9.994257640013974875e-01
6.226831674575805664e-01 -9.991268813610076904e-02 1.532024592161178589e-01 -5.329283699393272400e-02 -5.578087177127599716e-03 2.058642916381359100e-03 -2.060382801660707447e-02 3.432620343452056494e-02 -9.991982756324361281e-01
6.199227571487426758e-01 -9.980975091457366943e-02 1.532862931489944458e-01 -5.712401121854782104e-02 9.695485234260559082e-03 1.294932793825864792e-03 -2.060382801660707447e-02 3.432620343452056494e-02 -9.991982756324361281e-01
6.170873641967773438e-01 -9.899269789457321167e-02 1.533258706331253052e-01 -5.629097670316696167e-02 2.298669517040252686e-02 2.882031840272247791e-04 -2.060382801660707447e-02 3.432620343452056494e-02 -9.991982756324361281e-01
6.143950819969177246e-01 -9.758842736482620239e-02 1.533131450414657593e-01 -5.140083655714988708e-02 3.318409621715545654e-02 -7.974843028932809830e-04 -4.610804002477316560e-02 -8.888591624791958778e-04 -9.989360633055867078e-01
6.120194196701049805e-01 -9.576351195573806763e-02 1.532479077577590942e-01 -4.362616315484046936e-02 3.981257602572441101e-02 -1.812234637327492237e-03 -3.639731623089782070e-02 -4.000816071610814595e-02 -9.985362198965552771e-01
6.100682020187377930e-01 -9.369290620088577271e-02 1.531369537115097046e-01 -3.442271798849105835e-02 4.301159083843231201e-02 -2.625777153298258781e-03 -3.639731623089782070e-02 -4.000816071610814595e-02 -9.985362198965552771e-01
6.085766553878784180e-01 -9.153381735086441040e-02 1.529953181743621826e-01 -2.523842267692089081e-02 4.335191473364830017e-02 -3.039755392819643021e-03 -1.208355432620716180e-02 -6.058102498751943843e-02 -9.980901397791218654e-01
6.075133681297302246e-01 -8.941052854061126709e-02 1.528447568416595459e-01 -1.729282364249229431e-02 4.157962650060653687e-02 -2.982972655445337296e-03 -1.208355432620716180e-02 -6.058102498751943843e-02 -9.980901397791218654e-01
6.067948341369628906e-01 -8.741073310375213623e-02 1.527063697576522827e-01 -1.144868694245815277e-02 3.841224685311317444e-02 -2.552453428506851196e-03 -1.208355432620716180e-02 -6.058102498751943843e-02 -9.980901397791218654e-01
6.063044071197509766e-01 -8.558929711580276489e-02 1.525963097810745239e-01 -8.167210966348648071e-03 3.444512560963630676e-02 -1.849687425419688225e-03 -1.208355432620716180e-02 -6.058102498751943843e-02 -9.980901397791218654e-01
6.059120297431945801e-01 -8.397476375102996826e-02 1.525251269340515137e-01 -7.528901565819978714e-03 3.013610281050205231e-02 -9.974944405257701874e-04 -3.051905266726189295e-02 1.485135229905240085e-02 -9.994238464021069079e-01
6.054915785789489746e-01 -8.257570117712020874e-02 1.524976193904876709e-01 -9.289111010730266571e-03 2.582653984427452087e-02 -1.027774706017225981e-04 -3.051905266726189295e-02 1.485135229905240085e-02 -9.994238464021069079e-01
6.049354672431945801e-01 -8.138550072908401489e-02 1.525143086910247803e-01 -1.295521110296249390e-02 2.178141660988330841e-02 7.701893919147551060e-04 -1.972665983404834136e-02 1.210940493877372091e-02 -9.997320747089294413e-01
6.041647791862487793e-01 -8.038521558046340942e-02 1.525728851556777954e-01 -1.787309907376766205e-02 1.822990737855434418e-02 1.573050743900239468e-03 -2.921855746019471831e-02 1.349893343600405953e-03 -9.995721353088562466e-01
6.031355261802673340e-01 -7.954502850770950317e-02 1.526691466569900513e-01 -2.329807169735431671e-02 1.537760719656944275e-02 2.277513034641742706e-03 -2.921855746019471831e-02 1.349893343600405953e-03 -9.995721353088562466e-01
6.018412709236145020e-01 -7.882554084062576294e-02 1.527972072362899780e-01 -2.847318910062313080e-02 1.340186409652233124e-02 2.844675211235880852e-03 -6.374017650670592283e-02 1.438832997235438976e-02 -9.978627991149386922e-01
6.003113985061645508e-01 -7.817950844764709473e-02 1.529483646154403687e-01 -3.272075206041336060e-02 1.243932172656059265e-02 3.201523795723915100e-03 -7.377673158460125447e-02 1.703569694047253266e-02 -9.971292689037094537e-01
5.986050963401794434e-01 -7.755412906408309937e-02 1.531107425689697266e-01 -3.553030267357826233e-02 1.257588807493448257e-02 3.293480258435010910e-03 -7.377673158460125447e-02 1.703569694047253266e-02 -9.971292689037094537e-01
5.968006849288940430e-01 -7.689359784126281738e-02 1.532703638076782227e-01 -3.664724156260490417e-02 1.384534593671560287e-02 3.091395832598209381e-03 -4.325654807629133319e-02 2.706064825815485131e-02 -9.986974478601474692e-01
5.949810147285461426e-01 -7.614091783761978149e-02 1.534118205308914185e-01 -3.613951057195663452e-02 1.626191474497318268e-02 2.566927345469594002e-03 -4.325654807629133319e-02 2.706064825815485131e-02 -9.986974478601474692e-01
5.932168364524841309e-01 -7.523698359727859497e-02 1.535187065601348877e-01 -3.442873433232307434e-02 1.989532262086868286e-02 1.708496711216866970e-03 -5.836535471145981070e-03 6.324807486537444012e-03 -9.999629651451857892e-01
5.915493965148925781e-01 -7.411557435989379883e-02 1.535748392343521118e-01 -3.226935863494873047e-02 2.496110647916793823e-02 5.369134596548974514e-04 -5.836535471145981070e-03 6.324807486537444012e-03 -9.999629651451857892e-01
5.899761319160461426e-01 -7.269401103258132935e-02 1.535663604736328125e-01 -3.066215291619300842e-02 3.190136700868606567e-02 -8.759414195083081722e-04 -5.836535471145981070e-03 6.324807486537444012e-03 -9.999629651451857892e-01
5.884422659873962402e-01 -7.086154073476791382e-02 1.534835696220397949e-01 -3.069132007658481598e-02 4.139741882681846619e-02 -2.435479080304503441e-03 3.314107025821644292e-02 -3.364331094882417467e-02 -9.988842761243871271e-01
5.868427157402038574e-01 -6.847025454044342041e-02 1.533209830522537231e-01 -3.328965976834297180e-02 5.425409972667694092e-02 -4.067828878760337830e-03 3.314107025821644292e-02 -3.364331094882417467e-02 -9.988842761243871271e-01
5.850363969802856445e-01 -6.533610820770263672e-02 1.530759185552597046e-01 -3.896275162696838379e-02 7.111185044050216675e-02 -5.734880454838275909e-03 5.626967407203786048e-02 -6.733408242937337362e-02 -9.961424823393594252e-01
5.828744173049926758e-01 -6.125961989164352417e-02 1.527476310729980469e-01 -4.751669242978096008e-02 9.194763004779815674e-02 -7.396619766950607300e-03 1.166276714015076765e-01 -6.635668130118349550e-02 -9.909564960724336347e-01
5.802403688430786133e-01 -5.607585981488227844e-02 1.523395031690597534e-01 -5.784519761800765991e-02 1.154028102755546570e-01 -8.928272873163223267e-03 7.380497195735689908e-02 -8.679690538326891025e-02 -9.934883609425233519e-01
5.770968794822692871e-01 -4.973493516445159912e-02 1.518637835979461670e-01 -6.789506226778030396e-02 1.382341831922531128e-01 -1.010055560618638992e-02 7.380497195735689908e-02 -8.679690538326891025e-02 -9.934883609425233519e-01
5.735213756561279297e-01 -4.238843545317649841e-02 1.513445079326629639e-01 -7.512562721967697144e-02 1.556258499622344971e-01 -1.067049708217382431e-02 7.380497195735689908e-02 -8.679690538326891025e-02 -9.934883609425233519e-01
5.696994066238403320e-01 -3.442139178514480591e-02 1.508115530014038086e-01 -7.775363326072692871e-02 1.630558967590332031e-01 -1.064782217144966125e-02 4.561502921420435702e-02 -1.032705699582977393e-01 -9.936067926943110695e-01
5.658526420593261719e-01 -2.637366577982902527e-02 1.502968817949295044e-01 -7.611638307571411133e-02 1.588531285524368286e-01 -9.938840754330158234e-03 4.561502921420435702e-02 -1.032705699582977393e-01 -9.936067926943110695e-01
5.621405839920043945e-01 -1.878031715750694275e-02 1.498393714427947998e-01 -7.236678898334503174e-02 1.448808461427688599e-01 -8.361274376511573792e-03 4.561502921420435702e-02 -1.032705699582977393e-01 -9.936067926943110695e-01
5.586181282997131348e-01 -1.203368045389652252e-02 1.494769454002380371e-01 -6.853090226650238037e-02 1.249846220016479492e-01 -6.136039737612009048e-03 6.029268156053022715e-02 1.051980448968633242e-01 -9.926218634999522950e-01
5.552734136581420898e-01 -6.328085437417030334e-03 1.492322683334350586e-01 -6.525692343711853027e-02 1.032391861081123352e-01 -3.651042701676487923e-03 6.029268156053022715e-02 1.051980448968633242e-01 -9.926218634999522950e-01
5.520858168601989746e-01 -1.675393315963447094e-03 1.491089910268783569e-01 -6.224666535854339600e-02 8.286849409341812134e-02 -1.280023599974811077e-03 9.401220679609244291e-02 1.659846917507951380e-01 -9.816367897933135911e-01
5.490471124649047852e-01 2.041894942522048950e-03 1.490955054759979248e-01 -5.930058285593986511e-02 6.582302600145339966e-02 7.405303185805678368e-04 7.530940667934106492e-02 1.435318059359887433e-01 -9.867761214927930347e-01
5.461456775665283203e-01 5.009343847632408142e-03 1.491684913635253906e-01 -5.675740912556648254e-02 5.287492647767066956e-02 2.178866416215896606e-03 7.022523771536566539e-02 1.148687699385754490e-01 -9.908953434538981808e-01
5.433465838432312012e-01 7.428719662129878998e-03 1.492938697338104248e-01 -5.520563945174217224e-02 4.390011355280876160e-02 2.836289117112755775e-03 4.795674924520763882e-02 5.077435130562558963e-02 -9.975580762288105419e-01
5.405917167663574219e-01 9.480839595198631287e-03 1.494340747594833374e-01 -5.498903617262840271e-02 3.818469122052192688e-02 2.771682338789105415e-03 3.834848001122048711e-02 -5.306002810833211972e-03 -9.992503392108509352e-01
5.378181934356689453e-01 1.130613870918750763e-02 1.495596170425415039e-01 -5.595197156071662903e-02 3.482726216316223145e-02 2.250198973342776299e-03 -1.042942287591373460e-02 -2.570638999791248144e-03 -9.999423078116097541e-01
5.349824428558349609e-01 1.300415955483913422e-02 1.496528983116149902e-01 -5.747718736529350281e-02 3.309357538819313049e-02 1.480817329138517380e-03 -1.042942287591373460e-02 -2.570638999791248144e-03 -9.999423078116097541e-01
5.320787429809570312e-01 1.464707311242818832e-02 1.497036814689636230e-01 -5.867112427949905396e-02 3.262298181653022766e-02 5.503679276444017887e-04 -2.641966830918180895e-02 -4.137694644338892058e-02 -9.987942477945362940e-01
5.291473269462585449e-01 1.629635319113731384e-02 1.497078686952590942e-01 -5.858441814780235291e-02 3.334818035364151001e-02 -3.826239844784140587e-04 -3.796312788080080658e-02 -5.127971601883684477e-02 -9.979625201602178031e-01
5.262733697891235352e-01 1.800965331494808197e-02 1.496700793504714966e-01 -5.637387186288833618e-02 3.518381342291831970e-02 -1.128884148783981800e-03 -1.663363718050945433e-02 -6.920774487161580890e-02 -9.974635883890360377e-01
5.235778689384460449e-01 1.983412913978099823e-02 1.496025025844573975e-01 -5.144709721207618713e-02 3.779520094394683838e-02 -1.574478228576481342e-03 -1.299017960680823140e-02 -5.628740071852340182e-02 -9.983300975890364581e-01
5.212018489837646484e-01 2.179178968071937561e-02 1.495219022035598755e-01 -4.359443858265876770e-02 4.051123932003974915e-02 -1.649402081966400146e-03 3.399933176798430878e-02 -6.057673453203380604e-02 -9.975843346157586833e-01
5.192857980728149414e-01 2.386504784226417542e-02 1.494468897581100464e-01 -3.304829448461532593e-02 4.241904988884925842e-02 -1.351357088424265385e-03 3.399933176798430878e-02 -6.057673453203380604e-02 -9.975843346157586833e-01
5.179494619369506836e-01 2.599070779979228973e-02 1.493945568799972534e-01 -2.040450274944305420e-02 4.260738193988800049e-02 -7.422395865432918072e-04 5.296966741197445955e-02 -7.691517292446238378e-03 -9.985664999858572255e-01
5.172774195671081543e-01 2.806647308170795441e-02 1.493767350912094116e-01 -6.477491930127143860e-03 4.042322933673858643e-02 2.955412855953909457e-05 5.296966741197445955e-02 -7.691517292446238378e-03 -9.985664999858572255e-01
5.173104405403137207e-01 2.996868453919887543e-02 1.493964195251464844e-01 7.797286845743656158e-03 3.566520288586616516e-02 7.575807394459843636e-04 4.132942578577460807e-02 2.328814695326009848e-02 -9.988741366026558932e-01
5.180407166481018066e-01 3.157629445195198059e-02 1.494475305080413818e-01 2.141439728438854218e-02 2.863921038806438446e-02 1.286710612475872040e-03 4.132942578577460807e-02 2.328814695326009848e-02 -9.988741366026558932e-01
5.194099545478820801e-01 3.279393538832664490e-02 1.495176404714584351e-01 3.335429355502128601e-02 2.006639167666435242e-02 1.517565804533660412e-03 2.166364780365697892e-02 6.852708471982521532e-03 -9.997418300483564835e-01
5.213109254837036133e-01 3.356728330254554749e-02 1.495912820100784302e-01 4.268447309732437134e-02 1.086745969951152802e-02 1.428187708370387554e-03 2.166364780365697892e-02 6.852708471982521532e-03 -9.997418300483564835e-01
5.235965251922607422e-01 3.388701379299163818e-02 1.496546715497970581e-01 4.874038323760032654e-02 1.921711838804185390e-03 1.107532880268990993e-03 2.291316404570288220e-02 3.550307724334706740e-03 -9.997311549744147818e-01
5.260985493659973145e-01 3.378284722566604614e-02 1.496991366147994995e-01 5.133977532386779785e-02 -6.088315043598413467e-03 6.709111621603369713e-04 2.291316404570288220e-02 3.550307724334706740e-03 -9.997311549744147818e-01
5.286543369293212891e-01 3.331217542290687561e-02 1.497230529785156250e-01 5.089107528328895569e-02 -1.273852866142988205e-02 2.855055790860205889e-04 8.805215488418756745e-03 2.542647580980221533e-02 -9.996379157005279570e-01
5.311345458030700684e-01 3.254802152514457703e-02 1.497335582971572876e-01 4.831663146615028381e-02 -1.782758720219135284e-02 1.346514036413282156e-04 1.447514390246843093e-02 4.551787475971014185e-02 -9.988586452969019369e-01
5.334627032279968262e-01 3.157053887844085693e-02 1.497431397438049316e-01 4.480962082743644714e-02 -2.127164229750633240e-02 2.485112054273486137e-04 1.447514390246843093e-02 4.551787475971014185e-02 -9.988586452969019369e-01
5.356214642524719238e-01 3.046292066574096680e-02 1.497630774974822998e-01 4.153978452086448669e-02 -2.303310669958591461e-02 5.491528427228331566e-04 3.066057861306251825e-02 4.753809891322274134e-02 -9.983987470288755439e-01
5.376453399658203125e-01 2.930870838463306427e-02 1.498010903596878052e-01 3.941548243165016174e-02 -2.313536033034324646e-02 9.711538441479206085e-04 6.748127207116742798e-02 6.191107613666180925e-02 -9.957978191225653752e-01
5.396045446395874023e-01 2.818727865815162659e-02 1.498612612485885620e-01 3.895241767168045044e-02 -2.172185853123664856e-02 1.435977523215115070e-03 6.748127207116742798e-02 6.191107613666180925e-02 -9.957978191225653752e-01
5.415850281715393066e-01 2.716635726392269135e-02 1.499428600072860718e-01 4.026678204536437988e-02 -1.911498419940471649e-02 1.827925443649291992e-03 6.748127207116742798e-02 6.191107613666180925e-02 -9.957978191225653752e-01
5.436708331108093262e-01 2.629286237061023712e-02 1.500395983457565308e-01 4.316593706607818604e-02 -1.582484319806098938e-02 2.041444648057222366e-03 8.578620060220008836e-02 3.671185009527670046e-02 -9.956369658900883213e-01
5.459309816360473633e-01 2.558386512100696564e-02 1.501402407884597778e-01 4.724102094769477844e-02 -1.253504492342472076e-02 1.984368544071912766e-03 8.720588086744589240e-02 3.506665523140384266e-02 -9.955729325524145246e-01
5.484104156494140625e-01 2.501861564815044403e-02 1.502305716276168823e-01 5.193645879626274109e-02 -1.007495634257793427e-02 1.629047561436891556e-03 8.720588086744589240e-02 3.506665523140384266e-02 -9.955729325524145246e-01
5.511243939399719238e-01 2.453387156128883362e-02 1.502973288297653198e-01 5.662168934941291809e-02 -9.314829483628273010e-03 1.041007810272276402e-03 7.850395875545392033e-02 1.136689362725476840e-02 -9.968489966825408999e-01
5.540559887886047363e-01 2.402610518038272858e-02 1.503320634365081787e-01 6.064280867576599121e-02 -1.099583599716424942e-02 3.486100467853248119e-04 2.655589506194824118e-02 2.657719232495608496e-03 -9.996437970416962582e-01
5.571548938751220703e-01 2.336255088448524475e-02 1.503336727619171143e-01 6.331238895654678345e-02 -1.554629858583211899e-02 -2.840456145349889994e-04 -7.184798355302796091e-02 -1.180481689319546196e-01 -9.904052186197204177e-01
5.603348016738891602e-01 2.240157686173915863e-02 1.503100395202636719e-01 6.388382613658905029e-02 -2.289268188178539276e-02 -6.615557940676808357e-04 -7.184798355302796091e-02 -1.180481689319546196e-01 -9.904052186197204177e-01
5.634713172912597656e-01 2.102132886648178101e-02 1.502768844366073608e-01 6.157573685050010681e-02 -3.231721743941307068e-02 -6.643706583417952061e-04 -1.006863850611032507e-01 -7.291869072525858364e-02 -9.922424685550610413e-01
5.664030909538269043e-01 1.915264874696731567e-02 1.502526253461837769e-01 5.569592118263244629e-02 -4.242995008826255798e-02 -3.058153670281171799e-04 -1.006863850611032507e-01 -7.291869072525858364e-02 -9.922424685550610413e-01
5.689423680305480957e-01 1.680895127356052399e-02 1.502530872821807861e-01 4.587446525692939758e-02 -5.131797119975090027e-02 3.240516525693237782e-04 -1.133303431817028889e-01 -7.496113744085700081e-02 -9.907255226276804327e-01
5.708965063095092773e-01 1.410263590514659882e-02 1.502872854471206665e-01 3.229109570384025574e-02 -5.693465471267700195e-02 1.043582102283835411e-03 -9.369140095422376358e-02 -1.031673313436713979e-01 -9.902415983630762364e-01
5.720986127853393555e-01 1.123872026801109314e-02 1.503540277481079102e-01 1.579315774142742157e-02 -5.762197449803352356e-02 1.625923905521631241e-03 -9.369140095422376358e-02 -1.031673313436713979e-01 -9.902415983630762364e-01
5.724390745162963867e-01 8.483763784170150757e-03 1.504422277212142944e-01 -2.175482455641031265e-03 -5.257629603147506714e-02 1.902126357890665531e-03 -5.533836091735541696e-02 -7.400409835667536018e-02 -9.957213763073464730e-01
5.718892216682434082e-01 6.117628887295722961e-03 1.505362689495086670e-01 -1.981973275542259216e-02 -4.206910356879234314e-02 1.859256066381931305e-03 -4.247946581282913830e-02 -5.438706979446862599e-02 -9.976159289132406904e-01
5.705101490020751953e-01 4.380966536700725555e-03 1.506230831146240234e-01 -3.534323349595069885e-02 -2.739739045500755310e-02 1.613228349015116692e-03 -4.247946581282913830e-02 -5.438706979446862599e-02 -9.976159289132406904e-01
5.684443116188049316e-01 3.431231714785099030e-03 1.506965309381484985e-01 -4.728982597589492798e-02 -1.059200707823038101e-02 1.324775977991521358e-03 1.769078286737835529e-02 1.126754662973183524e-01 -9.934743456648598148e-01
5.658915638923645020e-01 3.317661350592970848e-03 1.507556885480880737e-01 -5.481930822134017944e-02 6.049191579222679138e-03 1.041619922034442425e-03 1.769078286737835529e-02 1.126754662973183524e-01 -9.934743456648598148e-01
5.630737543106079102e-01 3.980324603617191315e-03 1.507987678050994873e-01 -5.789275839924812317e-02 2.045733295381069183e-02 6.817891262471675873e-04 3.895475803875793341e-02 1.286987210190993769e-01 -9.909183447853763260e-01
5.601941347122192383e-01 5.272273905575275421e-03 1.508193016052246094e-01 -5.729160085320472717e-02 3.122064471244812012e-02 1.395956496708095074e-04 4.942778133400178159e-02 6.408461481528028580e-02 -9.967196479323439107e-01
5.574014186859130859e-01 6.997239775955677032e-03 1.508068740367889404e-01 -5.441593378782272339e-02 3.777797892689704895e-02 -6.365419831126928329e-04 4.942778133400178159e-02 6.408461481528028580e-02 -9.967196479323439107e-01
5.547689199447631836e-01 8.950166404247283936e-03 1.507521122694015503e-01 -5.088438466191291809e-02 4.033907502889633179e-02 -1.554004615172743797e-03 6.254607437550094295e-02 4.496158236777159783e-02 -9.970288083547036440e-01
5.522946715354919434e-01 1.094839815050363541e-02 1.506520360708236694e-01 -4.808535054326057434e-02 3.959021344780921936e-02 -2.449204446747899055e-03 7.595048531396654534e-02 7.096041426279879605e-02 -9.945834019257635550e-01
5.499202013015747070e-01 1.284576021134853363e-02 1.505114883184432983e-01 -4.689412936568260193e-02 3.630425408482551575e-02 -3.172666765749454498e-03 5.900849712257937030e-02 2.327460330751146209e-02 -9.979861171911221795e-01
5.475573539733886719e-01 1.453052554279565811e-02 1.503427177667617798e-01 -4.762020707130432129e-02 3.108637034893035889e-02 -3.578139236196875572e-03 6.373423072664617661e-02 -1.873700433093980142e-02 -9.977909964017439570e-01
5.451138615608215332e-01 1.591540314257144928e-02 1.501644700765609741e-01 -5.012023448944091797e-02 2.430872619152069092e-02 -3.551496425643563271e-03 6.208127996085058276e-02 -8.992100878099052938e-03 -9.980305891094825022e-01
5.425118207931518555e-01 1.692881248891353607e-02 1.500000804662704468e-01 -5.396131053566932678e-02 1.622765511274337769e-02 -3.023982280865311623e-03 5.728652141364454220e-02 -2.540213435745715745e-02 -9.980345615420389560e-01
5.396986007690429688e-01 1.751345582306385040e-02 1.498741954565048218e-01 -5.856755375862121582e-02 7.158071734011173248e-03 -2.011282602325081825e-03 3.975086278268714218e-02 -3.281778716276020913e-02 -9.986705471534501610e-01
5.366514921188354492e-01 1.763199083507061005e-02 1.498070210218429565e-01 -6.331720948219299316e-02 -2.416643546894192696e-03 -6.755673093721270561e-04 -3.743451194618337141e-03 -3.777181766623476794e-02 -9.992793785330216227e-01
5.333786010742187500e-01 1.727595925331115723e-02 1.498082727193832397e-01 -6.759791076183319092e-02 -1.182458549737930298e-02 7.256109383888542652e-04 -2.641966830918180895e-02 -4.137694644338892058e-02 -9.987942477945362940e-01
5.299167633056640625e-01 1.647298783063888550e-02 1.498772054910659790e-01 -7.087671011686325073e-02 -2.029426395893096924e-02 2.031875774264335632e-03 -3.796312788080080658e-02 -5.127971601883684477e-02 -9.979625201602178031e-01
5.263253450393676758e-01 1.528752781450748444e-02 1.500080227851867676e-01 -7.277959585189819336e-02 -2.712414786219596863e-02 3.200976876541972160e-03 -3.796312788080080658e-02 -5.127971601883684477e-02 -9.979625201602178031e-01
5.226781368255615234e-01 1.381476502865552902e-02 1.501936912536621094e-01 -7.310833781957626343e-02 -3.178634867072105408e-02 4.225953016430139542e-03 -1.663363718050945433e-02 -6.920774487161580890e-02 -9.974635883890360377e-01
5.190570950508117676e-01 1.217308640480041504e-02 1.504270285367965698e-01 -7.173329591751098633e-02 -3.388081118464469910e-02 5.107830278575420380e-03 -1.096423505636271167e-01 -4.927609810743847907e-02 -9.927489214883030710e-01
5.155529379844665527e-01 1.050056517124176025e-02 1.506981849670410156e-01 -6.843276321887969971e-02 -3.302003815770149231e-02 5.738456267863512039e-03 -1.096423505636271167e-01 -4.927609810743847907e-02 -9.927489214883030710e-01
5.122701525688171387e-01 8.954496122896671295e-03 1.509892195463180542e-01 -6.287832558155059814e-02 -2.882271818816661835e-02 5.902710836380720139e-03 -1.096423505636271167e-01 -4.927609810743847907e-02 -9.927489214883030710e-01
5.093271136283874512e-01 7.706015370786190033e-03 1.512730717658996582e-01 -5.484357103705406189e-02 -2.111650258302688599e-02 5.451356526464223862e-03 -1.007301208471234610e-01 -4.376633108077663398e-02 -9.939506783617845231e-01
5.068447589874267578e-01 6.923291366547346115e-03 1.515180021524429321e-01 -4.445048421621322632e-02 -1.019245572388172150e-02 4.345804918557405472e-03 -8.954963354065595404e-02 -2.056182329618696028e-02 -9.957700912125603265e-01
5.049272775650024414e-01 6.746080238372087479e-03 1.516923904418945312e-01 -3.224924951791763306e-02 3.104002214968204498e-03 2.629516180604696274e-03 -4.178680388573503129e-02 -2.595813312468955164e-02 -9.987892862579653697e-01
5.036426186561584473e-01 7.261123042553663254e-03 1.517686843872070312e-01 -1.913594081997871399e-02 1.749770343303680420e-02 4.224531294312328100e-04 -4.178680388573503129e-02 -2.595813312468955164e-02 -9.987892862579653697e-01
5.030085444450378418e-01 8.486906066536903381e-03 1.517270803451538086e-01 -6.227088160812854767e-03 3.153360635042190552e-02 -2.086695982143282890e-03 -3.484773497344707122e-02 -4.736993671049728044e-02 -9.982693646813287636e-01
5.029841661453247070e-01 1.037200726568698883e-02 1.515588909387588501e-01 5.251311231404542923e-03 4.387045651674270630e-02 -4.640894010663032532e-03 -3.484773497344707122e-02 -4.736993671049728044e-02 -9.982693646813287636e-01
5.034670829772949219e-01 1.280733197927474976e-02 1.512689590454101562e-01 1.406450290232896805e-02 5.354252085089683533e-02 -6.956582423299551010e-03 -5.612642620340112937e-02 -8.794475095650504393e-02 -9.945428824635127452e-01
5.042968392372131348e-01 1.564841531217098236e-02 1.508766561746597290e-01 1.912588626146316528e-02 6.010080501437187195e-02 -8.735288865864276886e-03 -5.612642620340112937e-02 -8.794475095650504393e-02 -9.945428824635127452e-01
5.052686333656311035e-01 1.873838342726230621e-02 1.504162847995758057e-01 1.974693872034549713e-02 6.349790841341018677e-02 -9.679327718913555145e-03 -8.357806671366629914e-02 -1.824948606567673159e-01 -9.796480656829130718e-01
5.061587095260620117e-01 2.191785909235477448e-02 1.499326378107070923e-01 1.585531607270240784e-02 6.368109583854675293e-02 -9.666327387094497681e-03 -7.319184937886530351e-02 -1.812805934310018907e-01 -9.807039816518567932e-01
5.067564249038696289e-01 2.501549944281578064e-02 1.494732797145843506e-01 8.052944205701351166e-03 6.022453308105468750e-02 -8.708111010491847992e-03 -3.692175787233644563e-02 -9.304417409095605551e-02 -9.949771683115891108e-01
5.068942308425903320e-01 2.783083543181419373e-02 1.490836292505264282e-01 -2.540487796068191528e-03 5.238889157772064209e-02 -6.878018379211425781e-03 -2.159961424301253680e-02 -4.439329356450634478e-02 -9.987806026095262801e-01
5.064665675163269043e-01 3.013202361762523651e-02 1.488021314144134521e-01 -1.456554420292377472e-02 3.965863958001136780e-02 -4.381734412163496017e-03 -2.159961424301253680e-02 -4.439329356450634478e-02 -9.987806026095262801e-01
5.054358839988708496e-01 3.168234974145889282e-02 1.486555039882659912e-01 -2.666105702519416809e-02 2.235446311533451080e-02 -1.483111991547048092e-03 2.309638407846887134e-02 2.382617440270177328e-02 -9.994492835826298549e-01
5.038288235664367676e-01 3.228652104735374451e-02 1.486580669879913330e-01 -3.762139007449150085e-02 1.812355010770261288e-03 1.585430465638637543e-03 2.309638407846887134e-02 2.382617440270177328e-02 -9.994492835826298549e-01
5.017266869544982910e-01 3.183451667428016663e-02 1.488132923841476440e-01 -4.646326974034309387e-02 -1.989248767495155334e-02 4.623784217983484268e-03 -6.798784557950462992e-02 -7.286788290799943446e-02 -9.950215698626656557e-01
4.992539584636688232e-01 3.032648004591464996e-02 1.491131931543350220e-01 -5.244569107890129089e-02 -4.042898491024971008e-02 7.372015621513128281e-03 -9.604738758332742599e-02 -1.066932038540037292e-01 -9.896420866089850055e-01
4.965645074844360352e-01 2.787220105528831482e-02 1.495351642370223999e-01 -5.513240396976470947e-02 -5.774215236306190491e-02 9.506978094577789307e-03 -1.227261165603199811e-01 -1.064658527824085682e-01 -9.867133943062378343e-01
4.938249886035919189e-01 2.466702274978160858e-02 1.500428467988967896e-01 -5.444806441664695740e-02 -7.046493887901306152e-02 1.080022007226943970e-02 -1.062282015732810558e-01 -1.268999790401446615e-01 -9.862109127910302364e-01
4.911977648735046387e-01 2.095341309905052185e-02 1.505924314260482788e-01 -5.064034834504127502e-02 -7.807948440313339233e-02 1.118335779756307602e-02 -1.062282015732810558e-01 -1.268999790401446615e-01 -9.862109127910302364e-01
4.888280928134918213e-01 1.698128320276737213e-02 1.511402428150177002e-01 -4.414647445082664490e-02 -8.080572634935379028e-02 1.072883140295743942e-02 -1.654024616425498265e-02 -5.881989325427404436e-02 -9.981315746996394234e-01
4.868381917476654053e-01 1.297717727720737457e-02 1.516501307487487793e-01 -3.544917330145835876e-02 -7.935851812362670898e-02 9.666833095252513885e-03 -1.177599187130743130e-01 -1.067626644531924490e-01 -9.872863490505402462e-01
4.853263199329376221e-01 9.124445728957653046e-03 1.520977169275283813e-01 -2.502613887190818787e-02 -7.475073635578155518e-02 8.236581459641456604e-03 -1.177599187130743130e-01 -1.067626644531924490e-01 -9.872863490505402462e-01
4.843660891056060791e-01 5.551675334572792053e-03 1.524677276611328125e-01 -1.338255498558282852e-02 -6.816008687019348145e-02 6.563977804034948349e-03 -1.112157133304164242e-01 -1.095712400784680379e-01 -9.877374187779226489e-01
4.840039014816284180e-01 2.327714581042528152e-03 1.527493745088577271e-01 -1.104762777686119080e-03 -6.079833582043647766e-02 4.702097270637750626e-03 -1.112157133304164242e-01 -1.095712400784680379e-01 -9.877374187779226489e-01
4.842542111873626709e-01 -5.363274831324815750e-04 1.529341936111450195e-01 1.111679151654243469e-02 -5.376333743333816528e-02 2.690718043595552444e-03 -8.681133860747637654e-02 1.006674843706796552e-02 -9.961739065359435097e-01
4.850953817367553711e-01 -3.078052541241049767e-03 1.530163139104843140e-01 2.252969332039356232e-02 -4.790566116571426392e-02 5.940288538113236427e-04 -7.389533275483443908e-02 -4.502079718447811636e-03 -9.972558403304847552e-01
4.864693284034729004e-01 -5.369137506932020187e-03 1.529937386512756348e-01 3.242822736501693726e-02 -4.373772814869880676e-02 -1.497226068750023842e-03 -6.276153642624693330e-02 4.049320847101764431e-02 -9.972067436650935424e-01
4.882872998714447021e-01 -7.497182115912437439e-03 1.528699696063995361e-01 4.029092192649841309e-02 -4.138406366109848022e-02 -3.453319193795323372e-03 -5.045665516633102837e-02 7.613910166500550969e-02 -9.958197443036926888e-01
4.904420077800750732e-01 -9.546681307256221771e-03 1.526553928852081299e-01 4.589725658297538757e-02 -4.059589281678199768e-02 -5.129621364176273346e-03 -6.203742224294570701e-02 8.045033950673391443e-02 -9.948261662786629378e-01
4.928238391876220703e-01 -1.158285886049270630e-02 1.523675173521041870e-01 4.937543720006942749e-02 -4.085120931267738342e-02 -6.385605782270431519e-03 -3.092247461195455488e-02 9.343833630077949537e-02 -9.951447522201057883e-01
4.953369498252868652e-01 -1.364206802099943161e-02 1.520287692546844482e-01 5.114955082535743713e-02 -4.151717200875282288e-02 -7.164580281823873520e-03 -3.092247461195455488e-02 9.343833630077949537e-02 -9.951447522201057883e-01
4.979108273983001709e-01 -1.573147065937519073e-02 1.516611725091934204e-01 5.180558562278747559e-02 -4.205894097685813904e-02 -7.539115846157073975e-03 -6.474277105283940924e-03 6.456767249216449622e-02 -9.978923285620089345e-01
5.005040764808654785e-01 -1.783895492553710938e-02 1.512817144393920898e-01 5.192555859684944153e-02 -4.224040731787681580e-02 -7.639198563992977142e-03 -3.314397551599794121e-04 9.745982964542193594e-02 -9.952394042395901197e-01
