x y z nx ny nz
5.696845650672912598e-01 3.068489730358123779e-01 1.818140000104904175e-01 3.758415346965193748e-03 -2.328132651746273041e-02 -6.162111647427082062e-03 1.075764862636423153e-01 2.184296481379552901e-01 -9.699050409269442952e-01
5.696453452110290527e-01 3.056398630142211914e-01 1.814648211002349854e-01 -5.327879451215267181e-03 -2.508252672851085663e-02 -7.804866880178451538e-03 1.075764862636423153e-01 2.184296481379552901e-01 -9.699050409269442952e-01
5.691831707954406738e-01 3.044825196266174316e-01 1.810752749443054199e-01 -1.315847877413034439e-02 -2.121173776686191559e-02 -7.776956073939800262e-03 1.075764862636423153e-01 2.184296481379552901e-01 -9.699050409269442952e-01
5.683500766754150391e-01 3.036084473133087158e-01 1.807149350643157959e-01 -2.016595192253589630e-02 -1.375102903693914413e-02 -6.636354140937328339e-03 1.075764862636423153e-01 2.184296481379552901e-01 -9.699050409269442952e-01
5.671811699867248535e-01 3.031346797943115234e-01 1.804242879152297974e-01 -2.659140340983867645e-02 -5.199735984206199646e-03 -4.989273380488157272e-03 1.075764862636423153e-01 2.184296481379552901e-01 -9.699050409269442952e-01
5.657055377960205078e-01 3.030459284782409668e-01 1.802128851413726807e-01 -3.243278712034225464e-02 1.649189274758100510e-03 -3.466925816610455513e-03 1.075764862636423153e-01 2.184296481379552901e-01 -9.699050409269442952e-01
5.639586448669433594e-01 3.031842112541198730e-01 1.800586879253387451e-01 -3.744382038712501526e-02 3.882529446855187416e-03 -2.700953278690576553e-03 1.075764862636423153e-01 2.184296481379552901e-01 -9.699050409269442952e-01
5.619937181472778320e-01 3.032488822937011719e-01 1.799089163541793823e-01 -4.115220159292221069e-02 -1.296007889322936535e-03 -3.290047636255621910e-03 1.075764862636423153e-01 2.184296481379552901e-01 -9.699050409269442952e-01
5.598942041397094727e-01 3.028114736080169678e-01 1.796832978725433350e-01 -4.282790422439575195e-02 -1.620072498917579651e-02 -5.734627600759267807e-03 1.075764862636423153e-01 2.184296481379552901e-01 -9.699050409269442952e-01
5.577908158302307129e-01 3.013553619384765625e-01 1.792824566364288330e-01 -4.130859673023223877e-02 -4.204424843192100525e-02 -1.029930170625448227e-02 1.075764862636423153e-01 2.184296481379552901e-01 -9.699050409269442952e-01
5.558925867080688477e-01 2.983558177947998047e-01 1.786058247089385986e-01 -3.462025523185729980e-02 -7.793750613927841187e-02 -1.676583476364612579e-02 1.075764862636423153e-01 2.184296481379552901e-01 -9.699050409269442952e-01
5.545388460159301758e-01 2.934138774871826172e-01 1.775831580162048340e-01 -1.953038200736045837e-02 -1.197397112846374512e-01 -2.414074912667274475e-02 1.075764862636423153e-01 2.184296481379552901e-01 -9.699050409269442952e-01
5.542582869529724121e-01 2.864183485507965088e-01 1.762125194072723389e-01 8.307918906211853027e-03 -1.600816398859024048e-01 -3.068464621901512146e-02 1.075764862636423153e-01 2.184296481379552901e-01 -9.699050409269442952e-01
5.557805299758911133e-01 2.776224613189697266e-01 1.745738089084625244e-01 5.258117616176605225e-02 -1.917544007301330566e-01 -3.486365079879760742e-02 -1.028977282421638662e-01 1.822537167460028806e-01 -9.778525657034752294e-01
5.599232912063598633e-01 2.674959897994995117e-01 1.727856695652008057e-01 1.131295710802078247e-01 -2.133049517869949341e-01 -3.666166216135025024e-02 -1.028977282421638662e-01 1.822537167460028806e-01 -9.778525657034752294e-01
5.673499703407287598e-01 2.564311027526855469e-01 1.709378659725189209e-01 1.839374154806137085e-01 -2.292908132076263428e-01 -3.725060448050498962e-02 -1.028977282421638662e-01 1.822537167460028806e-01 -9.778525657034752294e-01
5.782873034477233887e-01 2.446213811635971069e-01 1.690717637538909912e-01 2.535556554794311523e-01 -2.430977225303649902e-01 -3.739320859313011169e-02 -1.028977282421638662e-01 1.822537167460028806e-01 -9.778525657034752294e-01
5.922685861587524414e-01 2.322613894939422607e-01 1.672210246324539185e-01 3.056953847408294678e-01 -2.513017654418945312e-01 -3.663609921932220459e-02 -1.028977282421638662e-01 1.822537167460028806e-01 -9.778525657034752294e-01
6.079416871070861816e-01 2.198627293109893799e-01 1.654579788446426392e-01 3.212277293205261230e-01 -2.446445822715759277e-01 -3.388579189777374268e-02 -1.308527028692980654e-01 1.098992186624331152e-01 -9.852916988827146172e-01
6.233496665954589844e-01 2.082674950361251831e-01 1.638968735933303833e-01 2.950920760631561279e-01 -2.191646397113800049e-01 -2.855830453336238861e-02 -1.815261523910099428e-01 9.728848358177219491e-02 -9.785618053850636544e-01
6.368141174316406250e-01 1.982507556676864624e-01 1.626430004835128784e-01 2.434855997562408447e-01 -1.815049201250076294e-01 -2.159655839204788208e-02 -1.815261523910099428e-01 9.728848358177219491e-02 -9.785618053850636544e-01
6.475449204444885254e-01 1.902181655168533325e-01 1.617323309183120728e-01 1.857461333274841309e-01 -1.397985070943832397e-01 -1.483030710369348526e-02 -1.158343709619668455e-01 6.682810565911098677e-02 -9.910178619963720958e-01
6.555162072181701660e-01 1.842541694641113281e-01 1.611304283142089844e-01 1.331043541431427002e-01 -9.876107424497604370e-02 -9.245584718883037567e-03 -5.372228523726885197e-02 5.690656151495330356e-02 -9.969330766523050169e-01
6.610788106918334961e-01 1.802853196859359741e-01 1.607753485441207886e-01 8.940022438764572144e-02 -5.999309569597244263e-02 -4.957683384418487549e-03 -5.372228523726885197e-02 5.690656151495330356e-02 -9.969330766523050169e-01
6.646850705146789551e-01 1.781929731369018555e-01 1.606069356203079224e-01 5.484908446669578552e-02 -2.370069548487663269e-02 -1.778725418262183666e-03 -5.372228523726885197e-02 5.690656151495330356e-02 -9.969330766523050169e-01
6.667394042015075684e-01 1.778485029935836792e-01 1.605772525072097778e-01 2.732373774051666260e-02 9.921692311763763428e-03 5.916539230383932590e-04 -5.372228523726885197e-02 5.690656151495330356e-02 -9.969330766523050169e-01
6.675091981887817383e-01 1.791095435619354248e-01 1.606549173593521118e-01 3.468314185738563538e-03 4.051969945430755615e-02 2.515226369723677635e-03 -5.372228523726885197e-02 5.690656151495330356e-02 -9.969330766523050169e-01
6.670933961868286133e-01 1.818188428878784180e-01 1.608278155326843262e-01 -2.010088227689266205e-02 6.785222142934799194e-02 4.400462843477725983e-03 -5.372228523726885197e-02 5.690656151495330356e-02 -9.969330766523050169e-01
6.654233932495117188e-01 1.858208328485488892e-01 1.611045897006988525e-01 -4.669840633869171143e-02 9.222721308469772339e-02 6.670795846730470657e-03 -4.279241364977725420e-02 4.207547968443176023e-02 -9.981976073610631106e-01
6.622653007507324219e-01 1.909946650266647339e-01 1.615147143602371216e-01 -7.962626963853836060e-02 1.147262528538703918e-01 9.734461084008216858e-03 -3.967198541089485969e-02 4.245763770103327256e-02 -9.983103137664188775e-01
6.572428345680236816e-01 1.972848027944564819e-01 1.621045321226119995e-01 -1.212731972336769104e-01 1.368793845176696777e-01 1.385809667408466339e-02 -7.088735710427816750e-02 1.060036347782727789e-01 -9.918357787529976655e-01
6.499224305152893066e-01 2.047129124402999878e-01 1.629246920347213745e-01 -1.715422421693801880e-01 1.602446883916854858e-01 1.894855685532093048e-02 -1.308527028692980654e-01 1.098992186624331152e-01 -9.852916988827146172e-01
6.399630308151245117e-01 2.133719176054000854e-01 1.640183180570602417e-01 -2.268341481685638428e-01 1.861157268285751343e-01 2.479672431945800781e-02 -1.308527028692980654e-01 1.098992186624331152e-01 -9.852916988827146172e-01
6.273347735404968262e-01 2.233673036098480225e-01 1.654142141342163086e-01 -2.782966196537017822e-01 2.136997431516647339e-01 3.103900328278541565e-02 -1.308527028692980654e-01 1.098992186624331152e-01 -9.852916988827146172e-01
6.126019358634948730e-01 2.346551418304443359e-01 1.671064198017120361e-01 -3.110176622867584229e-01 2.378135770559310913e-01 3.664920106530189514e-02 -1.308527028692980654e-01 1.098992186624331152e-01 -9.852916988827146172e-01
5.970993041992187500e-01 2.468613535165786743e-01 1.690407991409301758e-01 -3.090866506099700928e-01 2.504351437091827393e-01 4.072570055723190308e-02 -1.028977282421638662e-01 1.822537167460028806e-01 -9.778525657034752294e-01
5.825926661491394043e-01 2.593465149402618408e-01 1.711279153823852539e-01 -2.711791098117828369e-01 2.489717602729797363e-01 4.275888204574584961e-02 -1.028977282421638662e-01 1.822537167460028806e-01 -9.778525657034752294e-01
5.704970359802246094e-01 2.714821100234985352e-01 1.732574850320816040e-01 -2.126450687646865845e-01 2.364522516727447510e-01 4.242387786507606506e-02 -1.028977282421638662e-01 1.822537167460028806e-01 -9.778525657034752294e-01
5.614250302314758301e-01 2.827259600162506104e-01 1.753064990043640137e-01 -1.502349376678466797e-01 2.133012115955352783e-01 3.953678160905838013e-02 1.075764862636423153e-01 2.184296481379552901e-01 -9.699050409269442952e-01
5.553064346313476562e-01 2.925374209880828857e-01 1.771456599235534668e-01 -9.450936317443847656e-02 1.791568100452423096e-01 3.402969241142272949e-02 1.075764862636423153e-01 2.184296481379552901e-01 -9.699050409269442952e-01
5.517331957817077637e-01 3.004831671714782715e-01 1.786708235740661621e-01 -4.842083528637886047e-02 1.386728435754776001e-01 2.697666361927986145e-02 1.075764862636423153e-01 2.184296481379552901e-01 -9.699050409269442952e-01
5.502414107322692871e-01 3.064450621604919434e-01 1.798499524593353271e-01 -1.125009078532457352e-02 9.980335831642150879e-02 2.018867991864681244e-02 1.075764862636423153e-01 2.184296481379552901e-01 -9.699050409269442952e-01
5.504065752029418945e-01 3.106271326541900635e-01 1.807231158018112183e-01 1.785772480070590973e-02 6.747920811176300049e-02 1.473766006529331207e-02 1.075764862636423153e-01 2.184296481379552901e-01 -9.699050409269442952e-01
5.518280863761901855e-01 3.133706748485565186e-01 1.813567578792572021e-01 3.900208324193954468e-02 4.226287826895713806e-02 1.060800720006227493e-02 1.075764862636423153e-01 2.184296481379552901e-01 -9.699050409269442952e-01
5.540983676910400391e-01 3.149926960468292236e-01 1.818038672208786011e-01 5.180886387825012207e-02 2.261851355433464050e-02 7.276604417711496353e-03 1.075764862636423153e-01 2.184296481379552901e-01 -9.699050409269442952e-01
5.567945837974548340e-01 3.157276213169097900e-01 1.820913851261138916e-01 5.603902786970138550e-02 6.778464652597904205e-03 4.224073141813278198e-03 1.075764862636423153e-01 2.184296481379552901e-01 -9.699050409269442952e-01
5.594965815544128418e-01 3.157336115837097168e-01 1.822259128093719482e-01 5.204025283455848694e-02 -6.538593210279941559e-03 1.156918355263769627e-03 1.075764862636423153e-01 2.184296481379552901e-01 -9.699050409269442952e-01
5.618206262588500977e-01 3.151182532310485840e-01 1.822057515382766724e-01 4.092049226164817810e-02 -1.807632856070995331e-02 -1.963374437764286995e-03 1.075764862636423153e-01 2.184296481379552901e-01 -9.699050409269442952e-01
5.634551644325256348e-01 3.139592111110687256e-01 1.820317208766937256e-01 2.446046844124794006e-02 -2.828525193035602570e-02 -4.998143296688795090e-03 1.075764862636423153e-01 2.184296481379552901e-01 -9.699050409269442952e-01
5.641876459121704102e-01 3.123092055320739746e-01 1.817122250795364380e-01 4.839192610234022141e-03 -3.771470487117767334e-02 -7.781985681504011154e-03 1.075764862636423153e-01 2.184296481379552901e-01 -9.699050409269442952e-01
5.639156699180603027e-01 3.101803362369537354e-01 1.812605410814285278e-01 -1.571808569133281708e-02 -4.744021594524383545e-02 -1.028551440685987473e-02 1.075764862636423153e-01 2.184296481379552901e-01 -9.699050409269442952e-01
5.626413822174072266e-01 3.075117170810699463e-01 1.806842535734176636e-01 -3.525308892130851746e-02 -5.930399894714355469e-02 -1.276590023189783096e-02 1.075764862636423153e-01 2.184296481379552901e-01 -9.699050409269442952e-01
5.604553222656250000e-01 3.041391670703887939e-01 1.799710541963577271e-01 -5.218837782740592957e-02 -7.559814304113388062e-02 -1.576182246208190918e-02 1.075764862636423153e-01 2.184296481379552901e-01 -9.699050409269442952e-01
5.575251579284667969e-01 2.998059093952178955e-01 1.790826469659805298e-01 -6.501857936382293701e-02 -9.773226827383041382e-02 -1.977466978132724762e-02 1.075764862636423153e-01 2.184296481379552901e-01 -9.699050409269442952e-01
5.541104674339294434e-01 2.942615747451782227e-01 1.779750287532806396e-01 -7.156819105148315430e-02 -1.240411177277565002e-01 -2.452977932989597321e-02 1.075764862636423153e-01 2.184296481379552901e-01 -9.699050409269442952e-01
5.506057739257812500e-01 2.874454557895660400e-01 1.766444891691207886e-01 -6.861936300992965698e-02 -1.486038863658905029e-01 -2.869194746017456055e-02 1.075764862636423153e-01 2.184296481379552901e-01 -9.699050409269442952e-01
5.475668907165527344e-01 2.796291410923004150e-01 1.751554757356643677e-01 -5.293598398566246033e-02 -1.640482246875762939e-01 -3.086880967020988464e-02 -1.028977282421638662e-01 1.822537167460028806e-01 -9.778525657034752294e-01
5.456700921058654785e-01 2.713430225849151611e-01 1.736160963773727417e-01 -2.293535694479942322e-02 -1.673968285322189331e-01 -3.070660866796970367e-02 -1.028977282421638662e-01 1.822537167460028806e-01 -9.778525657034752294e-01
5.456177592277526855e-01 2.630964219570159912e-01 1.721237599849700928e-01 2.084275521337985992e-02 -1.624668389558792114e-01 -2.898705378174781799e-02 -1.028977282421638662e-01 1.822537167460028806e-01 -9.778525657034752294e-01
5.480468273162841797e-01 2.551250457763671875e-01 1.707248985767364502e-01 7.632050663232803345e-02 -1.563886255025863647e-01 -2.696747705340385437e-02 -1.028977282421638662e-01 1.822537167460028806e-01 -9.778525657034752294e-01
5.534582734107971191e-01 2.473416924476623535e-01 1.694091409444808960e-01 1.401364952325820923e-01 -1.549456566572189331e-01 -2.566267549991607666e-02 -1.028977282421638662e-01 1.822537167460028806e-01 -9.778525657034752294e-01
5.621423125267028809e-01 2.394645661115646362e-01 1.681319773197174072e-01 2.072250097990036011e-01 -1.601393073797225952e-01 -2.542408928275108337e-02 -1.028977282421638662e-01 1.822537167460028806e-01 -9.778525657034752294e-01
5.740672349929809570e-01 2.312203049659729004e-01 1.668496578931808472e-01 2.697708308696746826e-01 -1.696310192346572876e-01 -2.586856111884117126e-02 -1.028977282421638662e-01 1.822537167460028806e-01 -9.778525657034752294e-01
5.887091159820556641e-01 2.225554287433624268e-01 1.655535548925399780e-01 3.159042298793792725e-01 -1.769637316465377808e-01 -2.597557939589023590e-02 -1.028977282421638662e-01 1.822537167460028806e-01 -9.778525657034752294e-01
6.048742532730102539e-01 2.138073891401290894e-01 1.642895787954330444e-01 3.307018280029296875e-01 -1.729575544595718384e-01 -2.458325028419494629e-02 -1.815261523910099428e-01 9.728848358177219491e-02 -9.785618053850636544e-01
6.208278536796569824e-01 2.056704461574554443e-01 1.631439179182052612e-01 3.074418008327484131e-01 -1.525201201438903809e-01 -2.124290168285369873e-02 -1.815261523910099428e-01 9.728848358177219491e-02 -9.785618053850636544e-01
6.348939538002014160e-01 1.988808810710906982e-01 1.622022688388824463e-01 2.552015483379364014e-01 -1.190626919269561768e-01 -1.642301492393016815e-02 -1.815261523910099428e-01 9.728848358177219491e-02 -9.785618053850636544e-01
6.460367441177368164e-01 1.939082592725753784e-01 1.615154892206192017e-01 1.905100792646408081e-01 -7.984203845262527466e-02 -1.104793418198823929e-02 -1.815261523910099428e-01 9.728848358177219491e-02 -9.785618053850636544e-01
6.539931893348693848e-01 1.908743977546691895e-01 1.610887497663497925e-01 1.277488023042678833e-01 -4.151271283626556396e-02 -6.021606735885143280e-03 -8.913005683523665679e-02 5.764792392498454404e-02 -9.943503154490808127e-01
6.590559482574462891e-01 1.896186470985412598e-01 1.608895659446716309e-01 7.476113736629486084e-02 -8.717106655240058899e-03 -1.945578726008534431e-03 -4.279241364977725420e-02 4.207547968443176023e-02 -9.981976073610631106e-01
6.617720723152160645e-01 1.898011118173599243e-01 1.608636677265167236e-01 3.388458490371704102e-02 1.601589657366275787e-02 9.094869601540267467e-04 -3.967198541089485969e-02 4.245763770103327256e-02 -9.983103137664188775e-01
6.627332568168640137e-01 1.910052448511123657e-01 1.609509140253067017e-01 4.563246387988328934e-03 3.214933723211288452e-02 2.580290194600820541e-03 -3.967198541089485969e-02 4.245763770103327256e-02 -9.983103137664188775e-01
6.624728441238403320e-01 1.928236931562423706e-01 1.610983908176422119e-01 -1.497993711382150650e-02 4.058888554573059082e-02 3.318788018077611923e-03 -3.967198541089485969e-02 4.245763770103327256e-02 -9.983103137664188775e-01
6.614289879798889160e-01 1.949085295200347900e-01 1.612664461135864258e-01 -2.677411213517189026e-02 4.280449822545051575e-02 3.403278766199946404e-03 -3.967198541089485969e-02 4.245763770103327256e-02 -9.983103137664188775e-01
6.599409580230712891e-01 1.969840079545974731e-01 1.614277660846710205e-01 -3.274648264050483704e-02 4.021484404802322388e-02 3.049416001886129379e-03 -7.088735710427816750e-02 1.060036347782727789e-01 -9.918357787529976655e-01
6.582554578781127930e-01 1.988403648138046265e-01 1.615644842386245728e-01 -3.467254713177680969e-02 3.403956443071365356e-02 2.419572090730071068e-03 -7.223845547479970652e-02 1.413713081387070192e-01 -9.873174559298372177e-01
6.565370559692382812e-01 2.003254145383834839e-01 1.616662889719009399e-01 -3.406264632940292358e-02 2.536217868328094482e-02 1.652445411309599876e-03 -7.223845547479970652e-02 1.413713081387070192e-01 -9.873174559298372177e-01
6.548843979835510254e-01 2.013398408889770508e-01 1.617296338081359863e-01 -3.204485774040222168e-02 1.521466299891471863e-02 8.812023443169891834e-04 -5.881672666776398273e-02 1.218750091740537639e-01 -9.908012287037767374e-01
6.533501148223876953e-01 2.018353044986724854e-01 1.617568433284759521e-01 -2.932583913207054138e-02 4.604152869433164597e-03 2.073288924293592572e-04 -5.881672666776398273e-02 1.218750091740537639e-01 -9.908012287037767374e-01
6.519612669944763184e-01 2.018120139837265015e-01 1.617528200149536133e-01 -2.622828446328639984e-02 -5.535980220884084702e-03 -3.680893278215080500e-04 -1.308527028692980654e-01 1.098992186624331152e-01 -9.852916988827146172e-01
6.507361531257629395e-01 2.013127356767654419e-01 1.617211997509002686e-01 -2.277714572846889496e-02 -1.443533785641193390e-02 -8.966529276221990585e-04 -1.308527028692980654e-01 1.098992186624331152e-01 -9.852916988827146172e-01
6.496954560279846191e-01 2.004131227731704712e-01 1.616634428501129150e-01 -1.885074935853481293e-02 -2.154899947345256805e-02 -1.413841266185045242e-03 -1.308527028692980654e-01 1.098992186624331152e-01 -9.852916988827146172e-01
6.488655209541320801e-01 1.992097049951553345e-01 1.615800410509109497e-01 -1.434652693569660187e-02 -2.658800221979618073e-02 -1.922022085636854172e-03 -1.308527028692980654e-01 1.098992186624331152e-01 -9.852916988827146172e-01
6.482748389244079590e-01 1.978070139884948730e-01 1.614722460508346558e-01 -9.281195700168609619e-03 -2.951976656913757324e-02 -2.389757428318262100e-03 -1.815261523910099428e-01 9.728848358177219491e-02 -9.785618053850636544e-01
6.479474902153015137e-01 1.963056176900863647e-01 1.613439917564392090e-01 -3.813647897914052010e-03 -3.053601272404193878e-02 -2.740331226959824562e-03 -1.815261523910099428e-01 9.728848358177219491e-02 -9.785618053850636544e-01
6.478959918022155762e-01 1.947921514511108398e-01 1.612023115158081055e-01 1.754373544827103615e-03 -3.000241704285144806e-02 -2.926775021478533745e-03 -1.815261523910099428e-01 9.728848358177219491e-02 -9.785618053850636544e-01
6.481151580810546875e-01 1.933317780494689941e-01 1.610558331012725830e-01 7.011834532022476196e-03 -2.841239981353282928e-02 -2.932467730715870857e-03 -1.815261523910099428e-01 9.728848358177219491e-02 -9.785618053850636544e-01
6.485781669616699219e-01 1.919624656438827515e-01 1.609151065349578857e-01 1.150734629482030869e-02 -2.635993622243404388e-02 -2.696369541808962822e-03 -1.395803869570232947e-01 8.658961557009027532e-02 -9.864175353522216527e-01
6.492356061935424805e-01 1.906908452510833740e-01 1.607932448387145996e-01 1.478995755314826965e-02 -2.450494654476642609e-02 -2.178239868953824043e-03 -1.158343709619668455e-01 6.682810565911098677e-02 -9.910178619963720958e-01
6.500171422958374023e-01 1.894903033971786499e-01 1.607034057378768921e-01 1.647140644490718842e-02 -2.351677790284156799e-02 -1.415294362232089043e-03 -1.158343709619668455e-01 6.682810565911098677e-02 -9.910178619963720958e-01
6.508367061614990234e-01 1.883029341697692871e-01 1.606551110744476318e-01 1.631080172955989838e-02 -2.397776953876018524e-02 -5.165535258129239082e-04 -1.158343709619668455e-01 6.682810565911098677e-02 -9.910178619963720958e-01
6.516016125679016113e-01 1.870477348566055298e-01 1.606513559818267822e-01 1.428618840873241425e-02 -2.622993476688861847e-02 3.664706891868263483e-04 -1.158343709619668455e-01 6.682810565911098677e-02 -9.910178619963720958e-01
6.522247791290283203e-01 1.856377869844436646e-01 1.606866717338562012e-01 1.063992548733949661e-02 -3.016822226345539093e-02 1.046168385073542595e-03 -1.158343709619668455e-01 6.682810565911098677e-02 -9.910178619963720958e-01
6.526376605033874512e-01 1.840073913335800171e-01 1.607466638088226318e-01 5.874837748706340790e-03 -3.504772111773490906e-02 1.353535451926290989e-03 -5.372228523726885197e-02 5.690656151495330356e-02 -9.969330766523050169e-01
6.528022289276123047e-01 1.821452975273132324e-01 1.608104854822158813e-01 7.080275681801140308e-04 -3.943624347448348999e-02 1.199125312268733978e-03 -4.244205378428853731e-02 8.487148831033768104e-02 -9.954875702591969855e-01
6.527201533317565918e-01 1.801231950521469116e-01 1.608563959598541260e-01 -3.990825731307268143e-03 -4.144809395074844360e-02 6.370379705913364887e-04 -4.244205378428853731e-02 8.487148831033768104e-02 -9.954875702591969855e-01
6.524370312690734863e-01 1.781054139137268066e-01 1.608684062957763672e-01 -7.333297282457351685e-03 -3.926308080554008484e-02 -1.566710125189274549e-04 -4.244205378428853731e-02 8.487148831033768104e-02 -9.954875702591969855e-01
6.520382761955261230e-01 1.763300001621246338e-01 1.608396619558334351e-01 -8.616890758275985718e-03 -3.175373375415802002e-02 -9.931136155501008034e-04 -4.244205378428853731e-02 8.487148831033768104e-02 -9.954875702591969855e-01
6.516352295875549316e-01 1.750631183385848999e-01 1.607721149921417236e-01 -7.505209185183048248e-03 -1.892168074846267700e-02 -1.708809868432581425e-03 -2.890843926094688321e-02 7.812947823226544519e-02 -9.965240021036372298e-01
6.513444781303405762e-01 1.745417118072509766e-01 1.606749445199966431e-01 -4.124919418245553970e-03 -1.934697967953979969e-03 -2.178244292736053467e-03 -2.890843926094688321e-02 7.812947823226544519e-02 -9.965240021036372298e-01
6.512655615806579590e-01 1.749233603477478027e-01 1.605630666017532349e-01 9.679542854428291321e-04 1.720064319670200348e-02 -2.297076163813471794e-03 -2.890843926094688321e-02 7.812947823226544519e-02 -9.965240021036372298e-01
6.514632105827331543e-01 1.762575507164001465e-01 1.604565680027008057e-01 6.937286350876092911e-03 3.616701811552047729e-02 -1.962948823347687721e-03 -4.244205378428853731e-02 8.487148831033768104e-02 -9.954875702591969855e-01
6.519601345062255859e-01 1.784851700067520142e-01 1.603811532258987427e-01 1.293851248919963837e-02 5.293766781687736511e-02 -1.053604530170559883e-03 -4.244205378428853731e-02 8.487148831033768104e-02 -9.954875702591969855e-01
6.527479887008666992e-01 1.814689934253692627e-01 1.603698730468750000e-01 1.857511326670646667e-02 6.641519814729690552e-02 6.026207702234387398e-04 -4.244205378428853731e-02 8.487148831033768104e-02 -9.954875702591969855e-01
6.538265347480773926e-01 1.850546151399612427e-01 1.604661941528320312e-01 2.456758730113506317e-02 7.700974494218826294e-02 3.250083886086940765e-03 -5.372228523726885197e-02 5.690656151495330356e-02 -9.969330766523050169e-01
6.552756428718566895e-01 1.891521364450454712e-01 1.607252955436706543e-01 3.339780494570732117e-02 8.689106255769729614e-02 7.114098407328128815e-03 -4.279241364977725420e-02 4.207547968443176023e-02 -9.981976073610631106e-01
6.573433279991149902e-01 1.938143521547317505e-01 1.612066626548767090e-01 4.931045323610305786e-02 9.959774464368820190e-02 1.214075367897748947e-02 -8.913005683523665679e-02 5.764792392498454404e-02 -9.943503154490808127e-01
6.604979038238525391e-01 1.992741823196411133e-01 1.619585156440734863e-01 7.687173038721084595e-02 1.187956631183624268e-01 1.793331280350685120e-02 -7.223845547479970652e-02 1.413713081387070192e-01 -9.873174559298372177e-01
6.653706431388854980e-01 2.059013545513153076e-01 1.630096435546875000e-01 1.180379614233970642e-01 1.462910622358322144e-01 2.411166019737720490e-02 -2.926979315212886040e-02 1.384153113736338314e-01 -9.899416552424550320e-01
6.725449562072753906e-01 2.140611410140991211e-01 1.643715202808380127e-01 1.689344942569732666e-01 1.801005452871322632e-01 3.036325611174106598e-02 -2.926979315212886040e-02 1.384153113736338314e-01 -9.899416552424550320e-01
6.822335124015808105e-01 2.238992899656295776e-01 1.660291105508804321e-01 2.186077386140823364e-01 2.134255021810531616e-01 3.594056516885757446e-02 -2.926979315212886040e-02 1.384153113736338314e-01 -9.899416552424550320e-01
6.939811110496520996e-01 2.351126074790954590e-01 1.679128408432006836e-01 2.512952983379364014e-01 2.351072281599044800e-01 3.940858319401741028e-02 -2.926979315212886040e-02 1.384153113736338314e-01 -9.899416552424550320e-01
7.066093683242797852e-01 2.468587309122085571e-01 1.698776781558990479e-01 2.538343667984008789e-01 2.347375303506851196e-01 3.918519988656044006e-02 3.549494677329434467e-02 2.025915961862412018e-01 -9.786198209244856283e-01
7.185987830162048340e-01 2.580128014087677002e-01 1.717314124107360840e-01 2.257432341575622559e-01 2.114257365465164185e-01 3.496435657143592834e-02 3.549494677329434467e-02 2.025915961862412018e-01 -9.786198209244856283e-01
7.287225723266601562e-01 2.676400244235992432e-01 1.733116805553436279e-01 1.792076081037521362e-01 1.736626327037811279e-01 2.824632078409194946e-02 3.549494677329434467e-02 2.025915961862412018e-01 -9.786198209244856283e-01
7.364392280578613281e-01 2.752267420291900635e-01 1.745367646217346191e-01 1.294575035572052002e-01 1.298065185546875000e-01 2.075685933232307434e-02 3.549494677329434467e-02 2.025915961862412018e-01 -9.786198209244856283e-01
7.418154478073120117e-01 2.805725336074829102e-01 1.753871291875839233e-01 8.559116721153259277e-02 8.402494341135025024e-02 1.325759943574666977e-02 3.549494677329434467e-02 2.025915961862412018e-01 -9.786198209244856283e-01
7.451537847518920898e-01 2.836363911628723145e-01 1.758678853511810303e-01 4.794294014573097229e-02 3.852954134345054626e-02 5.972440354526042938e-03 3.549494677329434467e-02 2.025915961862412018e-01 -9.786198209244856283e-01
7.466880083084106445e-01 2.844763696193695068e-01 1.759948730468750000e-01 1.342687755823135376e-02 -4.930312279611825943e-03 -8.931102929636836052e-04 3.549494677329434467e-02 2.025915961862412018e-01 -9.786198209244856283e-01
7.465031147003173828e-01 2.832242548465728760e-01 1.757944971323013306e-01 -2.082361653447151184e-02 -4.515435546636581421e-02 -7.121853996068239212e-03 3.549494677329434467e-02 2.025915961862412018e-01 -9.786198209244856283e-01
7.445361018180847168e-01 2.800411581993103027e-01 1.752984374761581421e-01 -5.785620585083961487e-02 -8.216976374387741089e-02 -1.272081304341554642e-02 3.549494677329434467e-02 2.025915961862412018e-01 -9.786198209244856283e-01
7.405486106872558594e-01 2.750464379787445068e-01 1.745275557041168213e-01 -1.016432642936706543e-01 -1.176185011863708496e-01 -1.811454445123672485e-02 3.549494677329434467e-02 2.025915961862412018e-01 -9.786198209244856283e-01
7.341327667236328125e-01 2.682647407054901123e-01 1.734766364097595215e-01 -1.549907028675079346e-01 -1.536493301391601562e-01 -2.392232604324817657e-02 3.549494677329434467e-02 2.025915961862412018e-01 -9.786198209244856283e-01
7.249259948730468750e-01 2.596861124038696289e-01 1.721260845661163330e-01 -2.132793813943862915e-01 -1.894961297512054443e-01 -3.010000102221965790e-02 3.549494677329434467e-02 2.025915961862412018e-01 -9.786198209244856283e-01
7.130587697029113770e-01 2.495034933090209961e-01 1.704951077699661255e-01 -2.614084184169769287e-01 -2.178085297346115112e-01 -3.513910621404647827e-02 3.549494677329434467e-02 2.025915961862412018e-01 -9.786198209244856283e-01
6.994959712028503418e-01 2.383904904127120972e-01 1.686965525150299072e-01 -2.811025679111480713e-01 -2.267116308212280273e-01 -3.680294007062911987e-02 3.549494677329434467e-02 2.025915961862412018e-01 -9.786198209244856283e-01
6.858469843864440918e-01 2.274508327245712280e-01 1.669153124094009399e-01 -2.648577392101287842e-01 -2.108748555183410645e-01 -3.444652259349822998e-02 -2.926979315212886040e-02 1.384153113736338314e-01 -9.899416552424550320e-01
6.736713647842407227e-01 2.177188098430633545e-01 1.653148531913757324e-01 -2.221666276454925537e-01 -1.784059405326843262e-01 -2.957176417112350464e-02 -2.926979315212886040e-02 1.384153113736338314e-01 -9.899416552424550320e-01
6.638776063919067383e-01 2.097020596265792847e-01 1.639752984046936035e-01 -1.695826649665832520e-01 -1.422643363475799561e-01 -2.401026152074337006e-02 -2.926979315212886040e-02 1.384153113736338314e-01 -9.899416552424550320e-01
6.566447019577026367e-01 2.033832371234893799e-01 1.629049926996231079e-01 -1.197335273027420044e-01 -1.104886308312416077e-01 -1.880225166678428650e-02 -2.926979315212886040e-02 1.384153113736338314e-01 -9.899416552424550320e-01
6.517010331153869629e-01 1.985034197568893433e-01 1.620795130729675293e-01 -7.801245152950286865e-02 -8.470392227172851562e-02 -1.421702001243829727e-02 -1.308527028692980654e-01 1.098992186624331152e-01 -9.852916988827146172e-01
6.486574411392211914e-01 1.948231458663940430e-01 1.614669263362884521e-01 -4.373221099376678467e-02 -6.250718981027603149e-02 -1.028640847653150558e-02 -1.815261523910099428e-01 9.728848358177219491e-02 -9.785618053850636544e-01
6.472114920616149902e-01 1.922341883182525635e-01 1.610364317893981934e-01 -1.410515047609806061e-02 -4.105140268802642822e-02 -6.933269090950489044e-03 -1.815261523910099428e-01 9.728848358177219491e-02 -9.785618053850636544e-01
6.471894979476928711e-01 1.907387524843215942e-01 1.607682555913925171e-01 1.322483643889427185e-02 -1.876583881676197052e-02 -3.793874289840459824e-03 -1.158343709619668455e-01 6.682810565911098677e-02 -9.910178619963720958e-01
6.485190987586975098e-01 1.903921663761138916e-01 1.606640219688415527e-01 3.995858877897262573e-02 4.902364220470190048e-03 -3.751936019398272038e-04 -1.158343709619668455e-01 6.682810565911098677e-02 -9.910178619963720958e-01
6.512150764465332031e-01 1.912738680839538574e-01 1.607484370470046997e-01 6.788047403097152710e-02 3.036589547991752625e-02 3.751860698685050011e-03 -1.395803869570232947e-01 8.658961557009027532e-02 -9.864175353522216527e-01
6.554000377655029297e-01 1.935013681650161743e-01 1.610618680715560913e-01 9.951882809400558472e-02 5.873395502567291260e-02 8.785625919699668884e-03 -8.913005683523665679e-02 5.764792392498454404e-02 -9.943503154490808127e-01
6.613298654556274414e-01 1.972654312849044800e-01 1.616481393575668335e-01 1.376754343509674072e-01 9.182880818843841553e-02 1.466517057269811630e-02 -7.088735710427816750e-02 1.060036347782727789e-01 -9.918357787529976655e-01
6.693389415740966797e-01 2.028176635503768921e-01 1.625434905290603638e-01 1.826871335506439209e-01 1.302605122327804565e-01 2.114889211952686310e-02 -2.926979315212886040e-02 1.384153113736338314e-01 -9.899416552424550320e-01
6.796345710754394531e-01 2.103401571512222290e-01 1.637650877237319946e-01 2.291378080844879150e-01 1.706394553184509277e-01 2.771495468914508820e-02 -2.926979315212886040e-02 1.384153113736338314e-01 -9.899416552424550320e-01
6.920139193534851074e-01 2.197291105985641479e-01 1.652907282114028931e-01 2.660356163978576660e-01 2.049186229705810547e-01 3.331061825156211853e-02 -2.926979315212886040e-02 1.384153113736338314e-01 -9.899416552424550320e-01
7.056750655174255371e-01 2.304155528545379639e-01 1.670336723327636719e-01 2.804110348224639893e-01 2.225392758846282959e-01 3.640738129615783691e-02 3.549494677329434467e-02 2.025915961862412018e-01 -9.786198209244856283e-01
7.192960977554321289e-01 2.413991093635559082e-01 1.688394993543624878e-01 2.644300758838653564e-01 2.168029397726058960e-01 3.582557290792465210e-02 3.549494677329434467e-02 2.025915961862412018e-01 -9.786198209244856283e-01
7.314525842666625977e-01 2.515880465507507324e-01 1.705296635627746582e-01 2.218282222747802734e-01 1.907546818256378174e-01 3.178089857101440430e-02 3.549494677329434467e-02 2.025915961862412018e-01 -9.786198209244856283e-01
7.411249279975891113e-01 2.602119147777557373e-01 1.719695925712585449e-01 1.650665551424026489e-01 1.542001813650131226e-01 2.581601031124591827e-02 3.549494677329434467e-02 2.025915961862412018e-01 -9.786198209244856283e-01
7.479061484336853027e-01 2.669797539710998535e-01 1.731048524379730225e-01 1.061821579933166504e-01 1.165139377117156982e-01 1.959465257823467255e-02 3.549494677329434467e-02 2.025915961862412018e-01 -9.786198209244856283e-01
7.518567442893981934e-01 2.719673514366149902e-01 1.739450097084045410e-01 5.184272304177284241e-02 8.298997581005096436e-02 1.401188597083091736e-02 3.549494677329434467e-02 2.025915961862412018e-01 -9.786198209244856283e-01
7.532857656478881836e-01 2.754185795783996582e-01 1.745265275239944458e-01 5.317282862961292267e-03 5.505953729152679443e-02 9.248932823538780212e-03 3.549494677329434467e-02 2.025915961862412018e-01 -9.786198209244856283e-01
7.526425123214721680e-01 2.775929868221282959e-01 1.748862713575363159e-01 -3.104840032756328583e-02 3.191703185439109802e-02 5.140691995620727539e-03 3.549494677329434467e-02 2.025915961862412018e-01 -9.786198209244856283e-01
7.504803538322448730e-01 2.786955237388610840e-01 1.750518530607223511e-01 -5.543778836727142334e-02 1.218389905989170074e-02 1.482848543673753738e-03 3.549494677329434467e-02 2.025915961862412018e-01 -9.786198209244856283e-01
7.474197149276733398e-01 2.788721919059753418e-01 1.750433295965194702e-01 -6.698812544345855713e-02 -5.116811487823724747e-03 -1.823805505409836769e-03 3.549494677329434467e-02 2.025915961862412018e-01 -9.786198209244856283e-01
7.440906167030334473e-01 2.782391011714935303e-01 1.748790889978408813e-01 -6.617628037929534912e-02 -2.020654827356338501e-02 -4.745641723275184631e-03 3.549494677329434467e-02 2.025915961862412018e-01 -9.786198209244856283e-01
7.410655021667480469e-01 2.769184708595275879e-01 1.745819300413131714e-01 -5.482830479741096497e-02 -3.261847421526908875e-02 -7.140521425753831863e-03 3.549494677329434467e-02 2.025915961862412018e-01 -9.786198209244856283e-01
7.387987375259399414e-01 2.750637233257293701e-01 1.741824895143508911e-01 -3.584303706884384155e-02 -4.157107695937156677e-02 -8.837020955979824066e-03 3.549494677329434467e-02 2.025915961862412018e-01 -9.786198209244856283e-01
7.375826835632324219e-01 2.728635370731353760e-01 1.737182140350341797e-01 -1.280013937503099442e-02 -4.643581435084342957e-02 -9.734141640365123749e-03 3.549494677329434467e-02 2.025915961862412018e-01 -9.786198209244856283e-01
7.375268340110778809e-01 2.705271840095520020e-01 1.732288897037506104e-01 1.056563202291727066e-02 -4.701864346861839294e-02 -9.838655591011047363e-03 3.549494677329434467e-02 2.025915961862412018e-01 -9.786198209244856283e-01
7.385662794113159180e-01 2.682633101940155029e-01 1.727521419525146484e-01 3.101135417819023132e-02 -4.353602603077888489e-02 -9.230973199009895325e-03 3.549494677329434467e-02 2.025915961862412018e-01 -9.786198209244856283e-01
7.404987215995788574e-01 2.662654221057891846e-01 1.723216027021408081e-01 4.628676548600196838e-02 -3.637970238924026489e-02 -7.990747690200805664e-03 3.549494677329434467e-02 2.025915961862412018e-01 -9.786198209244856283e-01
7.430347800254821777e-01 2.647084593772888184e-01 1.719682514667510986e-01 5.515629425644874573e-02 -2.589863911271095276e-02 -6.143597885966300964e-03 3.549494677329434467e-02 2.025915961862412018e-01 -9.786198209244856283e-01
7.458376288414001465e-01 2.637505829334259033e-01 1.717227846384048462e-01 5.695836991071701050e-02 -1.241607684642076492e-02 -3.675356041640043259e-03 3.549494677329434467e-02 2.025915961862412018e-01 -9.786198209244856283e-01
7.485395073890686035e-01 2.635278999805450439e-01 1.716158241033554077e-01 5.111596360802650452e-02 3.508711466565728188e-03 -6.028442294336855412e-04 3.549494677329434467e-02 2.025915961862412018e-01 -9.786198209244856283e-01
7.507396340370178223e-01 2.641358971595764160e-01 1.716746687889099121e-01 3.688948601484298706e-02 2.081157453358173370e-02 2.956818323582410812e-03 3.549494677329434467e-02 2.025915961862412018e-01 -9.786198209244856283e-01
7.519916296005249023e-01 2.656030654907226562e-01 1.719175130128860474e-01 1.318920310586690903e-02 3.787510469555854797e-02 6.757019553333520889e-03 3.549494677329434467e-02 2.025915961862412018e-01 -9.786198209244856283e-01
7.517750263214111328e-01 2.678686380386352539e-01 1.723471879959106445e-01 -2.185369655489921570e-02 5.274829640984535217e-02 1.043008733540773392e-02 3.549494677329434467e-02 2.025915961862412018e-01 -9.786198209244856283e-01
7.494446039199829102e-01 2.707791328430175781e-01 1.729466170072555542e-01 -7.136426866054534912e-02 6.367135792970657349e-02 1.354703679680824280e-02 3.549494677329434467e-02 2.025915961862412018e-01 -9.786198209244856283e-01
7.441844344139099121e-01 2.741212844848632812e-01 1.736801564693450928e-01 -1.390432268381118774e-01 7.001483440399169922e-02 1.579474098980426788e-02 3.549494677329434467e-02 2.025915961862412018e-01 -9.786198209244856283e-01
7.350753545761108398e-01 2.777003943920135498e-01 1.745069324970245361e-01 -2.253193408250808716e-01 7.314933091402053833e-02 1.727632805705070496e-02 3.549494677329434467e-02 2.025915961862412018e-01 -9.786198209244856283e-01
7.214040160179138184e-01 2.814277112483978271e-01 1.754028499126434326e-01 -3.215335011482238770e-01 7.594356685876846313e-02 1.856061816215515137e-02 3.549494677329434467e-02 2.025915961862412018e-01 -9.786198209244856283e-01
7.030901312828063965e-01 2.853408157825469971e-01 1.763694286346435547e-01 -4.110226929187774658e-01 8.058024942874908447e-02 2.010223641991615295e-02 3.549494677329434467e-02 2.025915961862412018e-01 -9.786198209244856283e-01
6.808823347091674805e-01 2.895213961601257324e-01 1.774097383022308350e-01 -4.772880375385284424e-01 8.664324879646301270e-02 2.151014097034931183e-02 3.549494677329434467e-02 2.025915961862412018e-01 -9.786198209244856283e-01
6.562828421592712402e-01 2.939701676368713379e-01 1.784859150648117065e-01 -5.066918730735778809e-01 9.130705147981643677e-02 2.153680101037025452e-02 3.549494677329434467e-02 2.025915961862412018e-01 -9.786198209244856283e-01
6.312916278839111328e-01 2.985266745090484619e-01 1.795053780078887939e-01 -4.929563999176025391e-01 9.095284342765808105e-02 1.924179680645465851e-02 1.075764862636423153e-01 2.184296481379552901e-01 -9.699050409269442952e-01
6.078935265541076660e-01 3.028754591941833496e-01 1.803597658872604370e-01 -4.429664313793182373e-01 8.299849927425384521e-02 1.493394374847412109e-02 1.075764862636423153e-01 2.184296481379552901e-01 -9.699050409269442952e-01
5.875841379165649414e-01 3.066173493862152100e-01 1.809681504964828491e-01 -3.694089055061340332e-01 6.667723506689071655e-02 9.401486255228519440e-03 1.075764862636423153e-01 2.184296481379552901e-01 -9.699050409269442952e-01
5.712828040122985840e-01 3.093404471874237061e-01 1.812811195850372314e-01 -2.826443910598754883e-01 4.224618151783943176e-02 3.117395797744393349e-03 1.075764862636423153e-01 2.184296481379552901e-01 -9.699050409269442952e-01
5.594878196716308594e-01 3.106489181518554688e-01 1.812662035226821899e-01 -1.891556084156036377e-01 1.009249687194824219e-02 -3.713762387633323669e-03 1.075764862636423153e-01 2.184296481379552901e-01 -9.699050409269442952e-01
5.524590015411376953e-01 3.101949989795684814e-01 1.809030771255493164e-01 -9.199784696102142334e-02 -2.824974432587623596e-02 -1.081133447587490082e-02 1.075764862636423153e-01 2.184296481379552901e-01 -9.699050409269442952e-01
5.503231883049011230e-01 3.077621459960937500e-01 1.801917701959609985e-01 6.564744282513856888e-03 -6.906496733427047729e-02 -1.764123700559139252e-02 1.075764862636423153e-01 2.184296481379552901e-01 -9.699050409269442952e-01
5.530748367309570312e-01 3.033516108989715576e-01 1.791600286960601807e-01 1.035009324550628662e-01 -1.073559746146202087e-01 -2.362849935889244080e-02 1.075764862636423153e-01 2.184296481379552901e-01 -9.699050409269442952e-01
5.605735778808593750e-01 2.972238659858703613e-01 1.778673827648162842e-01 1.964485496282577515e-01 -1.377542912960052490e-01 -2.807721123099327087e-02 1.075764862636423153e-01 2.184296481379552901e-01 -9.699050409269442952e-01
5.725971460342407227e-01 2.898953258991241455e-01 1.764115095138549805e-01 2.844936251640319824e-01 -1.553874015808105469e-01 -3.015796467661857605e-02 1.075764862636423153e-01 2.184296481379552901e-01 -9.699050409269442952e-01
5.888351202011108398e-01 2.820864319801330566e-01 1.749274581670761108e-01 3.650264143943786621e-01 -1.569678187370300293e-01 -2.920397929847240448e-02 1.075764862636423153e-01 2.184296481379552901e-01 -9.699050409269442952e-01
6.087234020233154297e-01 2.746339142322540283e-01 1.735745966434478760e-01 4.305050373077392578e-01 -1.411327719688415527e-01 -2.491030283272266388e-02 1.075764862636423153e-01 2.184296481379552901e-01 -9.699050409269442952e-01
6.312413811683654785e-01 2.684076428413391113e-01 1.725131869316101074e-01 4.702147245407104492e-01 -1.079180985689163208e-01 -1.754588820040225983e-02 -2.926979315212886040e-02 1.384153113736338314e-01 -9.899416552424550320e-01
6.549192070960998535e-01 2.641839981079101562e-01 1.718634366989135742e-01 4.768994152545928955e-01 -6.102779880166053772e-02 -8.444137871265411377e-03 -2.926979315212886040e-02 1.384153113736338314e-01 -9.899416552424550320e-01
6.781206130981445312e-01 2.624024748802185059e-01 1.716647744178771973e-01 4.511561691761016846e-01 -1.023329049348831177e-02 4.977077478542923927e-04 3.549494677329434467e-02 2.025915961862412018e-01 -9.786198209244856283e-01
6.993230581283569336e-01 2.629487216472625732e-01 1.718640178442001343e-01 3.969426751136779785e-01 3.208373486995697021e-02 7.472275290638208389e-03 3.549494677329434467e-02 2.025915961862412018e-01 -9.786198209244856283e-01
7.172434926033020020e-01 2.651866376399993896e-01 1.723293066024780273e-01 3.198744654655456543e-01 5.743345245718955994e-02 1.113931834697723389e-02 3.549494677329434467e-02 2.025915961862412018e-01 -9.786198209244856283e-01
7.310097813606262207e-01 2.682330608367919922e-01 1.728931218385696411e-01 2.307761907577514648e-01 6.442341953516006470e-02 1.141332741826772690e-02 3.549494677329434467e-02 2.025915961862412018e-01 -9.786198209244856283e-01
7.403688430786132812e-01 2.712684571743011475e-01 1.734102219343185425e-01 1.435871422290802002e-01 5.699294805526733398e-02 9.270582348108291626e-03 3.549494677329434467e-02 2.025915961862412018e-01 -9.786198209244856283e-01
7.457038164138793945e-01 2.737264037132263184e-01 1.737924665212631226e-01 6.981066614389419556e-02 4.132445156574249268e-02 6.019170396029949188e-03 3.549494677329434467e-02 2.025915961862412018e-01 -9.786198209244856283e-01
7.478321194648742676e-01 2.753435075283050537e-01 1.740122884511947632e-01 1.532102189958095551e-02 2.335968613624572754e-02 2.773457439616322517e-03 3.549494677329434467e-02 2.025915961862412018e-01 -9.786198209244856283e-01
7.477355003356933594e-01 2.761124670505523682e-01 1.740877330303192139e-01 -1.918683573603630066e-02 7.398858200758695602e-03 2.440805546939373016e-04 3.549494677329434467e-02 2.025915961862412018e-01 -9.786198209244856283e-01
7.463495731353759766e-01 2.761933207511901855e-01 1.740628629922866821e-01 -3.624987974762916565e-02 -4.164972342550754547e-03 -1.239127712324261665e-03 3.549494677329434467e-02 2.025915961862412018e-01 -9.786198209244856283e-01
7.444409728050231934e-01 2.758254706859588623e-01 1.739908903837203979e-01 -4.009509086608886719e-02 -1.054866425693035126e-02 -1.639539608731865883e-03 3.549494677329434467e-02 2.025915961862412018e-01 -9.786198209244856283e-01
7.425421476364135742e-01 2.752537727355957031e-01 1.739204376935958862e-01 -3.585796058177947998e-02 -1.231885794550180435e-02 -1.178452861495316029e-03 3.549494677329434467e-02 2.025915961862412018e-01 -9.786198209244856283e-01
7.409272193908691406e-01 2.746688127517700195e-01 1.738836765289306641e-01 -2.873823419213294983e-02 -1.107977516949176788e-02 -2.922005369327962399e-04 3.549494677329434467e-02 2.025915961862412018e-01 -9.786198209244856283e-01
7.396404147148132324e-01 2.741708755493164062e-01 1.738901436328887939e-01 -2.273345366120338440e-02 -8.837651461362838745e-03 5.510728806257247925e-04 3.549494677329434467e-02 2.025915961862412018e-01 -9.786198209244856283e-01
7.385831475257873535e-01 2.737709879875183105e-01 1.739305257797241211e-01 -1.955693587660789490e-02 -7.157588843256235123e-03 1.064048963598906994e-03 3.549494677329434467e-02 2.025915961862412018e-01 -9.786198209244856283e-01
7.376260757446289062e-01 2.734270989894866943e-01 1.739875823259353638e-01 -1.872617378830909729e-02 -6.597892846912145615e-03 1.218289835378527641e-03 3.549494677329434467e-02 2.025915961862412018e-01 -9.786198209244856283e-01
