x y z nx ny nz
6.219881176948547363e-01 -3.710824251174926758e-02 2.211240828037261963e-01 4.026587586849927902e-03 4.076113179326057434e-02 -3.696331055834889412e-03 2.966755100064685791e-01 -7.131351164744652305e-02 -9.523119367186947404e-01
6.220502257347106934e-01 -3.424875438213348389e-02 2.208321690559387207e-01 -1.542546437121927738e-03 7.361833006143569946e-02 -7.980448193848133087e-03 2.724660686935961307e-01 1.107192364217105332e-02 -9.621016858500552882e-01
6.218045353889465332e-01 -3.010320477187633514e-02 2.203352451324462891e-01 -8.283976465463638306e-03 9.220363199710845947e-02 -1.189673226326704025e-02 5.236954710962412607e-01 -9.252450445022347703e-02 -8.468661462282730534e-01
6.212523579597473145e-01 -2.533037960529327393e-02 2.196782827377319336e-01 -1.380357984453439713e-02 9.870935231447219849e-02 -1.438166666775941849e-02 5.236954710962412607e-01 -9.252450445022347703e-02 -8.468661462282730534e-01
6.204892992973327637e-01 -2.045483514666557312e-02 2.189476937055587769e-01 -1.671913079917430878e-02 9.631243348121643066e-02 -1.484175771474838257e-02 5.236954710962412607e-01 -9.252450445022347703e-02 -8.468661462282730534e-01
6.196595430374145508e-01 -1.583034358918666840e-02 2.182436436414718628e-01 -1.647075824439525604e-02 8.866721391677856445e-02 -1.332004927098751068e-02 5.451641810300095203e-01 -8.598335797452034968e-02 -8.339081951098120671e-01
6.189248561859130859e-01 -1.163884066045284271e-02 2.176559418439865112e-01 -1.291745807975530624e-02 7.899292558431625366e-02 -1.018816791474819183e-02 5.451641810300095203e-01 -8.598335797452034968e-02 -8.339081951098120671e-01
6.184500455856323242e-01 -7.930120453238487244e-03 2.172538042068481445e-01 -6.076092831790447235e-03 6.935586780309677124e-02 -5.897526163607835770e-03 4.856285454818243807e-01 -1.256352257326240167e-02 -8.740749817445634395e-01
6.183922290802001953e-01 -4.683214239776134491e-03 2.170848548412322998e-01 3.762737615033984184e-03 6.052037701010704041e-02 -8.603834430687129498e-04 4.856285454818243807e-01 -1.256352257326240167e-02 -8.740749817445634395e-01
6.188812255859375000e-01 -1.862848061136901379e-03 2.171773910522460938e-01 1.579651050269603729e-02 5.229426547884941101e-02 4.561868496239185333e-03 4.856285454818243807e-01 -1.256352257326240167e-02 -8.740749817445634395e-01
6.199941635131835938e-01 5.454517668113112450e-04 2.175400108098983765e-01 2.872079983353614807e-02 4.403772577643394470e-02 9.943076409399509430e-03 4.856285454818243807e-01 -1.256352257326240167e-02 -8.740749817445634395e-01
6.217349171638488770e-01 2.524035051465034485e-03 2.181585580110549927e-01 4.090957343578338623e-02 3.510560095310211182e-02 1.479894481599330902e-02 4.304542515293610094e-01 -4.227610457462763899e-02 -9.016217989380539422e-01
6.240240931510925293e-01 4.030323587357997894e-03 2.189958244562149048e-01 5.065826326608657837e-02 2.514594234526157379e-02 1.869169250130653381e-02 2.969713084045338958e-01 -9.801055149425939861e-02 -9.498431311423430889e-01
6.267023086547851562e-01 5.014226306229829788e-03 2.199949026107788086e-01 5.647012218832969666e-02 1.421016454696655273e-02 2.127129212021827698e-02 2.969713084045338958e-01 -9.801055149425939861e-02 -9.498431311423430889e-01
6.295467615127563477e-01 5.437241401523351669e-03 2.210827916860580444e-01 5.730776488780975342e-02 2.710442757233977318e-03 2.224452607333660126e-02 2.969713084045338958e-01 -9.801055149425939861e-02 -9.498431311423430889e-01
6.322988271713256836e-01 5.287385545670986176e-03 2.221733182668685913e-01 5.277521163225173950e-02 -8.704672567546367645e-03 2.137625217437744141e-02 3.898100471266456868e-01 -5.400047159728645074e-02 -9.193106527308343434e-01
6.346987485885620117e-01 4.586771130561828613e-03 2.231724858283996582e-01 4.322063922882080078e-02 -1.931989751756191254e-02 1.859045587480068207e-02 4.805303362650942822e-01 -3.001784380861260981e-02 -8.764642177408253909e-01
6.365227103233337402e-01 3.389671677723526955e-03 2.239904105663299561e-01 2.973772212862968445e-02 -2.856408618390560150e-02 1.412645447999238968e-02 4.805303362650942822e-01 -3.001784380861260981e-02 -8.764642177408253909e-01
6.376174092292785645e-01 1.769551308825612068e-03 2.245588600635528564e-01 1.405108813196420670e-02 -3.624072670936584473e-02 8.611600846052169800e-03 4.805303362650942822e-01 -3.001784380861260981e-02 -8.764642177408253909e-01
6.379260420799255371e-01 -2.041892003035172820e-04 2.248486280441284180e-01 -1.706905197352170944e-03 -4.270889610052108765e-02 2.979182871058583260e-03 4.805303362650942822e-01 -3.001784380861260981e-02 -8.764642177408253909e-01
6.375011801719665527e-01 -2.494940068572759628e-03 2.248788475990295410e-01 -1.528653781861066818e-02 -4.892113059759140015e-02 -1.770425820723176003e-03 3.399537121340436840e-01 -4.175052893156937922e-02 -9.395149636584921859e-01
6.365014910697937012e-01 -5.123457871377468109e-03 2.247132807970046997e-01 -2.470184676349163055e-02 -5.621957406401634216e-02 -4.852424375712871552e-03 3.399537121340436840e-01 -4.175052893156937922e-02 -9.395149636584921859e-01
6.351662874221801758e-01 -8.174525573849678040e-03 2.244455516338348389e-01 -2.870544604957103729e-02 -6.582314521074295044e-02 -5.856694187968969345e-03 3.261970162601172674e-01 -4.615645935633157226e-02 -9.441742889110484871e-01
6.337682008743286133e-01 -1.177247148007154465e-02 2.241769134998321533e-01 -2.721770294010639191e-02 -7.809467613697052002e-02 -4.888854920864105225e-03 2.624583226363958466e-01 -7.261596617464778636e-02 -9.622071244453618277e-01
6.325484514236450195e-01 -1.602277718484401703e-02 2.239887565374374390e-01 -2.157159522175788879e-02 -9.191752225160598755e-02 -2.637168159708380699e-03 2.915777765073179761e-01 -7.713442261164464575e-02 -9.534320537371377968e-01
6.316480636596679688e-01 -2.093962021172046661e-02 2.239208072423934937e-01 -1.444435119628906250e-02 -1.047562062740325928e-01 -8.075188088696449995e-05 2.915777765073179761e-01 -7.713442261164464575e-02 -9.534320537371377968e-01
6.310574412345886230e-01 -2.640273980796337128e-02 2.239646166563034058e-01 -9.181121364235877991e-03 -1.137686073780059814e-01 1.832934562116861343e-03 2.504318531282645477e-01 -1.018538195194033718e-03 -9.681336940302657235e-01
6.306182742118835449e-01 -3.218048065900802612e-02 2.240717560052871704e-01 -8.385856635868549347e-03 -1.173409894108772278e-01 2.452775137498974800e-03 2.724660686935961307e-01 1.107192364217105332e-02 -9.621016858500552882e-01
6.300968527793884277e-01 -3.800734132528305054e-02 2.241756767034530640e-01 -1.247109472751617432e-02 -1.157334074378013611e-01 1.703761750832200050e-03 2.724660686935961307e-01 1.107192364217105332e-02 -9.621016858500552882e-01
6.292998194694519043e-01 -4.366048425436019897e-02 2.242191731929779053e-01 -1.941096782684326172e-02 -1.103923171758651733e-01 3.587504033930599689e-05 2.966755100064685791e-01 -7.131351164744652305e-02 -9.523119367186947404e-01
6.281645298004150391e-01 -4.899178817868232727e-02 2.241759300231933594e-01 -2.599956654012203217e-02 -1.028597950935363770e-01 -1.765582012012600899e-03 2.902575965583961137e-01 -8.387958704679988886e-02 -9.532653054186969177e-01
6.267769336700439453e-01 -5.391672998666763306e-02 2.240581512451171875e-01 -2.950477972626686096e-02 -9.413793683052062988e-02 -2.945644082501530647e-03 2.902575965583961137e-01 -8.387958704679988886e-02 -9.532653054186969177e-01
6.253222227096557617e-01 -5.838865786790847778e-02 2.239061146974563599e-01 -2.868412993848323822e-02 -8.473918586969375610e-02 -3.135754028335213661e-03 3.402417005455811716e-01 -6.925747653759115052e-02 -9.377840834389844504e-01
6.240078806877136230e-01 -6.238590925931930542e-02 2.237682342529296875e-01 -2.388840913772583008e-02 -7.515079528093338013e-02 -2.379279118031263351e-03 3.402417005455811716e-01 -6.925747653759115052e-02 -9.377840834389844504e-01
6.229996085166931152e-01 -6.591599434614181519e-02 2.236839979887008667e-01 -1.644279807806015015e-02 -6.605248898267745972e-02 -9.904416510835289955e-04 3.402417005455811716e-01 -6.925747653759115052e-02 -9.377840834389844504e-01
6.223924756050109863e-01 -6.902015209197998047e-02 2.236755788326263428e-01 -7.841963320970535278e-03 -5.811370536684989929e-02 6.535460706800222397e-04 3.402417005455811716e-01 -6.925747653759115052e-02 -9.377840834389844504e-01
6.222157478332519531e-01 -7.176473736763000488e-02 2.237490564584732056e-01 7.728260243311524391e-04 -5.166973173618316650e-02 2.285632304847240448e-03 3.402417005455811716e-01 -6.925747653759115052e-02 -9.377840834389844504e-01
6.224545240402221680e-01 -7.422056794166564941e-02 2.239013165235519409e-01 8.777745999395847321e-03 -4.656358808279037476e-02 3.804910462349653244e-03 2.889306512967387275e-01 1.303642763305104708e-02 -9.572612654306089652e-01
6.230729818344116211e-01 -7.644011825323104858e-02 2.241276502609252930e-01 1.596008427441120148e-02 -4.221827164292335510e-02 5.248413421213626862e-03 2.889306512967387275e-01 1.303642763305104708e-02 -9.572612654306089652e-01
6.240301132202148438e-01 -7.844197750091552734e-02 2.244262397289276123e-01 2.232450991868972778e-02 -3.785602003335952759e-02 6.695253308862447739e-03 2.889306512967387275e-01 1.303642763305104708e-02 -9.572612654306089652e-01
6.252861022949218750e-01 -8.020687848329544067e-02 2.247981578111648560e-01 2.791602350771427155e-02 -3.274005278944969177e-02 8.181747980415821075e-03 2.889306512967387275e-01 1.303642763305104708e-02 -9.572612654306089652e-01
6.268014311790466309e-01 -8.168425410985946655e-02 2.252444326877593994e-01 3.269751742482185364e-02 -2.635511197149753571e-02 9.669166058301925659e-03 3.005819499066521572e-01 -4.168106000697742453e-02 -9.528447830706792132e-01
6.285316944122314453e-01 -8.280558139085769653e-02 2.257620245218276978e-01 3.651283681392669678e-02 -1.849785819649696350e-02 1.103466935455799103e-02 3.005819499066521572e-01 -4.168106000697742453e-02 -9.528447830706792132e-01
6.304225325584411621e-01 -8.350016176700592041e-02 2.263403981924057007e-01 3.912082687020301819e-02 -9.285402484238147736e-03 1.210008282214403152e-02 3.005819499066521572e-01 -4.168106000697742453e-02 -9.528447830706792132e-01
6.324071884155273438e-01 -8.371004462242126465e-02 2.269600629806518555e-01 4.026490077376365662e-02 8.901786059141159058e-04 1.268675271421670914e-02 3.005819499066521572e-01 -4.168106000697742453e-02 -9.528447830706792132e-01
6.344074606895446777e-01 -8.340206742286682129e-02 2.275935113430023193e-01 3.974695131182670593e-02 1.142885629087686539e-02 1.265093591064214706e-02 3.005819499066521572e-01 -4.168106000697742453e-02 -9.528447830706792132e-01
6.363378763198852539e-01 -8.257640898227691650e-02 2.282077074050903320e-01 3.746881335973739624e-02 2.159737981855869293e-02 1.191684696823358536e-02 3.005819499066521572e-01 -4.168106000697742453e-02 -9.528447830706792132e-01
6.381100416183471680e-01 -8.127119392156600952e-02 2.287691235542297363e-01 3.341870754957199097e-02 3.061111830174922943e-02 1.054001972079277039e-02 3.191415338299904425e-01 -8.679591126792809280e-03 -9.476673182507205917e-01
6.396372318267822266e-01 -7.956299185752868652e-02 2.292494624853134155e-01 2.766875922679901123e-02 3.771685063838958740e-02 8.673569187521934509e-03 3.485576103262610914e-01 -1.135106768273148881e-02 -9.372186220643017318e-01
6.408391594886779785e-01 -7.756280899047851562e-02 2.296273708343505859e-01 2.040784806013107300e-02 4.229046404361724854e-02 6.442957092076539993e-03 3.485576103262610914e-01 -1.135106768273148881e-02 -9.372186220643017318e-01
6.416483521461486816e-01 -7.540647685527801514e-02 2.298858910799026489e-01 1.195939164608716965e-02 4.396283254027366638e-02 3.897590795531868935e-03 3.485576103262610914e-01 -1.135106768273148881e-02 -9.372186220643017318e-01
6.420165896415710449e-01 -7.323874533176422119e-02 2.300104349851608276e-01 2.769334241747856140e-03 4.274649173021316528e-02 1.084065879695117474e-03 3.289752928614051997e-01 5.530734520439153402e-03 -9.443223325011523839e-01
6.419207453727722168e-01 -7.119276374578475952e-02 2.299904525279998779e-01 -6.602916400879621506e-03 3.909275308251380920e-02 -1.883129472844302654e-03 3.289752928614051997e-01 5.530734520439153402e-03 -9.443223325011523839e-01
6.413687467575073242e-01 -6.936968863010406494e-02 2.298229187726974487e-01 -1.547664869576692581e-02 3.383016958832740784e-02 -4.818235058337450027e-03 3.289752928614051997e-01 5.530734520439153402e-03 -9.443223325011523839e-01
6.404048204421997070e-01 -6.782389432191848755e-02 2.295157015323638916e-01 -2.308042906224727631e-02 2.800162695348262787e-02 -7.470596581697463989e-03 3.289752928614051997e-01 5.530734520439153402e-03 -9.443223325011523839e-01
6.391118168830871582e-01 -6.655763089656829834e-02 2.290899008512496948e-01 -2.863917872309684753e-02 2.264896221458911896e-02 -9.561587125062942505e-03 3.289752928614051997e-01 5.530734520439153402e-03 -9.443223325011523839e-01
6.376083493232727051e-01 -6.552609056234359741e-02 2.285799235105514526e-01 -3.149938210844993591e-02 1.861272566020488739e-02 -1.083742361515760422e-02 2.875902826794579648e-01 -6.804385383308117485e-02 -9.553333780737965908e-01
6.360395550727844238e-01 -6.465075165033340454e-02 2.280306369066238403e-01 -3.125201165676116943e-02 1.640087366104125977e-02 -1.113403216004371643e-02 2.875902826794579648e-01 -6.804385383308117485e-02 -9.553333780737965908e-01
6.345626115798950195e-01 -6.383714079856872559e-02 2.274913638830184937e-01 -2.782572619616985321e-02 1.614350266754627228e-02 -1.043717470020055771e-02 2.875902826794579648e-01 -6.804385383308117485e-02 -9.553333780737965908e-01
6.333288550376892090e-01 -6.299261748790740967e-02 2.270089536905288696e-01 -2.152455225586891174e-02 1.763752102851867676e-02 -8.859322406351566315e-03 2.875902826794579648e-01 -6.804385383308117485e-02 -9.553333780737965908e-01
6.324661374092102051e-01 -6.204047799110412598e-02 2.266229093074798584e-01 -1.298378594219684601e-02 2.044799365103244781e-02 -6.582491099834442139e-03 2.875902826794579648e-01 -6.804385383308117485e-02 -9.553333780737965908e-01
6.320645213127136230e-01 -6.092893704771995544e-02 2.263622879981994629e-01 -3.081856528297066689e-03 2.401359751820564270e-02 -3.842193167656660080e-03 2.844220059422652436e-01 -8.707630983794172053e-02 -9.547365284720099599e-01
6.321665644645690918e-01 -5.963508039712905884e-02 2.262434959411621094e-01 7.164436858147382736e-03 2.774068713188171387e-02 -9.095806162804365158e-04 2.844220059422652436e-01 -8.707630983794172053e-02 -9.547365284720099599e-01
6.327635645866394043e-01 -5.816433951258659363e-02 2.262690365314483643e-01 1.671653240919113159e-02 3.108894079923629761e-02 1.931443228386342525e-03 2.844220059422652436e-01 -8.707630983794172053e-02 -9.547365284720099599e-01
6.337972879409790039e-01 -5.654572322964668274e-02 2.264278680086135864e-01 2.463308349251747131e-02 3.365576267242431641e-02 4.421559628099203110e-03 3.017341328007860923e-01 -8.453577064494280369e-02 -9.496368867006078629e-01
6.351683735847473145e-01 -5.482288077473640442e-02 2.266974598169326782e-01 3.020974621176719666e-02 3.525796532630920410e-02 6.362173706293106079e-03 3.048918420700970078e-01 -8.217766078719522527e-02 -9.488349681080727738e-01
6.367513537406921387e-01 -5.304158851504325867e-02 2.270474582910537720e-01 3.310996666550636292e-02 3.599379584193229675e-02 7.637940812855958939e-03 3.048918420700970078e-01 -8.217766078719522527e-02 -9.488349681080727738e-01
6.384149193763732910e-01 -5.123565346002578735e-02 2.274441421031951904e-01 3.343332186341285706e-02 3.624366968870162964e-02 8.229656144976615906e-03 3.048918420700970078e-01 -8.217766078719522527e-02 -9.488349681080727738e-01
6.400428414344787598e-01 -4.941494762897491455e-02 2.278548628091812134e-01 3.168371319770812988e-02 3.658448532223701477e-02 8.198959752917289734e-03 3.278809981827947584e-01 -6.962278703273894198e-02 -9.421500509761956410e-01
6.415501832962036133e-01 -4.755934327840805054e-02 2.282510250806808472e-01 2.860907092690467834e-02 3.763967007398605347e-02 7.647606078535318375e-03 3.278809981827947584e-01 -6.962278703273894198e-02 -9.421500509761956410e-01
6.428893208503723145e-01 -4.562106728553771973e-02 2.286093831062316895e-01 2.495538443326950073e-02 3.989132493734359741e-02 6.686827167868614197e-03 3.278809981827947584e-01 -6.962278703273894198e-02 -9.421500509761956410e-01
6.440436244010925293e-01 -4.353580996394157410e-02 2.289116382598876953e-01 2.121705189347267151e-02 4.351891949772834778e-02 5.403642542660236359e-03 3.278809981827947584e-01 -6.962278703273894198e-02 -9.421500509761956410e-01
6.450107693672180176e-01 -4.123997315764427185e-02 2.291426211595535278e-01 1.746927946805953979e-02 4.831451550126075745e-02 3.835496027022600174e-03 3.278809981827947584e-01 -6.962278703273894198e-02 -9.421500509761956410e-01
6.457819938659667969e-01 -3.869051113724708557e-02 2.292871326208114624e-01 1.337983552366495132e-02 5.366396903991699219e-02 1.944707822985947132e-03 3.814147918008133353e-01 -4.265655511685442769e-02 -9.234192844526830646e-01
6.463267207145690918e-01 -3.588415682315826416e-02 2.293266654014587402e-01 8.408250287175178528e-03 5.859014019370079041e-02 -3.631904546637088060e-04 3.814147918008133353e-01 -4.265655511685442769e-02 -9.234192844526830646e-01
6.465899348258972168e-01 -3.287269920110702515e-02 2.292395085096359253e-01 2.121126046404242516e-03 6.186809390783309937e-02 -3.123329486697912216e-03 3.814147918008133353e-01 -4.265655511685442769e-02 -9.234192844526830646e-01
6.465047001838684082e-01 -2.977159619331359863e-02 2.290067970752716064e-01 -5.530709400773048401e-03 6.217600032687187195e-02 -6.184956990182399750e-03 3.814147918008133353e-01 -4.265655511685442769e-02 -9.234192844526830646e-01
6.460142731666564941e-01 -2.675935812294483185e-02 2.286230176687240601e-01 -1.408527418971061707e-02 5.831347778439521790e-02 -9.165989235043525696e-03 3.814147918008133353e-01 -4.265655511685442769e-02 -9.234192844526830646e-01
6.450970172882080078e-01 -2.406320534646511078e-02 2.281060367822647095e-01 -2.260391414165496826e-02 4.953263700008392334e-02 -1.151329930871725082e-02 2.814122931098995140e-01 -8.859291534164293047e-02 -9.554885748327377470e-01
6.437848806381225586e-01 -2.192902751266956329e-02 2.275016754865646362e-01 -2.988053299486637115e-02 3.583445399999618530e-02 -1.266106124967336655e-02 2.814122931098995140e-01 -8.859291534164293047e-02 -9.554885748327377470e-01
6.421700716018676758e-01 -2.058120630681514740e-02 2.268765717744827271e-01 -3.471150249242782593e-02 1.807837933301925659e-02 -1.234297268092632294e-02 2.814122931098995140e-01 -8.859291534164293047e-02 -9.554885748327377470e-01
6.403958797454833984e-01 -2.018253132700920105e-02 2.263009548187255859e-01 -3.625577315688133240e-02 -2.131378278136253357e-03 -1.068186294287443161e-02 2.814122931098995140e-01 -8.859291534164293047e-02 -9.554885748327377470e-01
6.386294364929199219e-01 -2.080409601330757141e-02 2.258320897817611694e-01 -3.440236300230026245e-02 -2.273117564618587494e-02 -8.072835393249988556e-03 2.814122931098995140e-01 -8.859291534164293047e-02 -9.554885748327377470e-01
6.370204091072082520e-01 -2.241147868335247040e-02 2.255004346370697021e-01 -2.995915524661540985e-02 -4.156410694122314453e-02 -5.193595774471759796e-03 2.435824339102862501e-01 -4.010975954752555445e-02 -9.690504657020607704e-01
6.356551051139831543e-01 -2.486931905150413513e-02 2.252973765134811401e-01 -2.465280145406723022e-02 -5.674953013658523560e-02 -2.928969683125615120e-03 2.435824339102862501e-01 -4.010975954752555445e-02 -9.690504657020607704e-01
6.345172524452209473e-01 -2.796326950192451477e-02 2.251688987016677856e-01 -2.086046338081359863e-02 -6.700846552848815918e-02 -2.210309961810708046e-03 2.708286406246625533e-01 -2.691636637363317708e-02 -9.622511920681822151e-01
6.334695816040039062e-01 -3.143572434782981873e-02 2.250181585550308228e-01 -2.104540169239044189e-02 -7.188972830772399902e-02 -3.819412784650921822e-03 2.811555677014845323e-01 4.421609497601025444e-03 -9.596520182430224866e-01
6.322693228721618652e-01 -3.502802178263664246e-02 2.247172147035598755e-01 -2.696476131677627563e-02 -7.180216163396835327e-02 -8.218490518629550934e-03 2.724660686935961307e-01 1.107192364217105332e-02 -9.621016858500552882e-01
6.306231021881103516e-01 -3.851781412959098816e-02 2.241268604993820190e-01 -3.888478130102157593e-02 -6.778957694768905640e-02 -1.539551466703414917e-02 2.724660686935961307e-01 1.107192364217105332e-02 -9.621016858500552882e-01
6.282728910446166992e-01 -4.174144193530082703e-02 2.231237739324569702e-01 -5.512330308556556702e-02 -6.115556880831718445e-02 -2.472780644893646240e-02 2.966755100064685791e-01 -7.131351164744652305e-02 -9.523119367186947404e-01
6.250900626182556152e-01 -4.460019618272781372e-02 2.216324210166931152e-01 -7.218935340642929077e-02 -5.319453403353691101e-02 -3.492617979645729065e-02 2.966755100064685791e-01 -7.131351164744652305e-02 -9.523119367186947404e-01
6.211426258087158203e-01 -4.705946147441864014e-02 2.196558862924575806e-01 -8.570817857980728149e-02 -4.517609626054763794e-02 -4.413508996367454529e-02 2.966755100064685791e-01 -7.131351164744652305e-02 -9.523119367186947404e-01
6.167017221450805664e-01 -4.915197566151618958e-02 2.172957211732864380e-01 -9.192787110805511475e-02 -3.852444142103195190e-02 -5.027156695723533630e-02 2.966755100064685791e-01 -7.131351164744652305e-02 -9.523119367186947404e-01
6.121768355369567871e-01 -5.098804086446762085e-02 2.147541046142578125e-01 -8.906787633895874023e-02 -3.491821140050888062e-02 -5.139283835887908936e-02 6.635407597148831327e-01 -1.450057427851819958e-01 -7.339529921965803894e-01
6.080015897750854492e-01 -5.276092141866683960e-02 2.123015969991683960e-01 -7.794079929590225220e-02 -3.599702194333076477e-02 -4.670725017786026001e-02 6.635407597148831327e-01 -1.450057427851819958e-01 -7.339529921965803894e-01
6.045229434967041016e-01 -5.473241955041885376e-02 2.102050781250000000e-01 -6.120480597019195557e-02 -4.286284744739532471e-02 -3.715349361300468445e-02 6.569928193676094486e-01 -1.285480706319956645e-01 -7.428565331436421948e-01
6.019397377967834473e-01 -5.719338729977607727e-02 2.086581289768218994e-01 -4.212444648146629333e-02 -5.557584017515182495e-02 -2.472439594566822052e-02 6.782417529291776548e-01 -1.124049409036212005e-01 -7.261909210682886417e-01
6.002889275550842285e-01 -6.040260940790176392e-02 2.077438682317733765e-01 -2.390846423804759979e-02 -7.279296964406967163e-02 -1.184575259685516357e-02 7.103497997887354698e-01 -8.883754812129487921e-02 -6.982199166322171635e-01
5.994624495506286621e-01 -6.451818346977233887e-02 2.074286043643951416e-01 -9.151230566203594208e-03 -9.182986617088317871e-02 -7.645472069270908833e-04 7.130070144486647665e-01 -8.528873683568825859e-02 -6.959503062101304316e-01
5.992464423179626465e-01 -6.954454630613327026e-02 2.075831890106201172e-01 5.108912591822445393e-04 -1.092247143387794495e-01 6.948203314095735550e-03 7.130070144486647665e-01 -8.528873683568825859e-02 -6.959503062101304316e-01
5.993727445602416992e-01 -7.531913369894027710e-02 2.080235630273818970e-01 4.541825503110885620e-03 -1.217587515711784363e-01 1.066694688051939011e-02 7.130070144486647665e-01 -8.528873683568825859e-02 -6.959503062101304316e-01
5.995739698410034180e-01 -8.155231177806854248e-02 2.085573375225067139e-01 3.507329383864998817e-03 -1.275683343410491943e-01 1.068423036485910416e-02 6.594186306250959806e-01 -7.059051379278480365e-02 -7.484544401264472402e-01
5.996345877647399902e-01 -8.790772408246994019e-02 2.090248465538024902e-01 -1.082986826077103615e-03 -1.266482323408126831e-01 8.016102015972137451e-03 6.594186306250959806e-01 -7.059051379278480365e-02 -7.484544401264472402e-01
5.994294881820678711e-01 -9.408051520586013794e-02 2.093296200037002563e-01 -7.121038623154163361e-03 -1.202634423971176147e-01 4.175086040049791336e-03 6.594186306250959806e-01 -7.059051379278480365e-02 -7.484544401264472402e-01
5.989438891410827637e-01 -9.983163326978683472e-02 2.094545513391494751e-01 -1.230242103338241577e-02 -1.097813993692398071e-01 8.221176103688776493e-04 6.261921178675481370e-01 -8.702308043278883520e-02 -7.747970153469508903e-01
5.982723236083984375e-01 -1.049756184220314026e-01 2.094580233097076416e-01 -1.456109993159770966e-02 -9.597810357809066772e-02 -6.834591040387749672e-04 6.261921178675481370e-01 -8.702308043278883520e-02 -7.747970153469508903e-01
5.975942015647888184e-01 -1.093556731939315796e-01 2.094513475894927979e-01 -1.256349775940179825e-02 -7.922419905662536621e-02 4.163605626672506332e-04 6.268326807221595853e-01 -1.086732303759235796e-01 -7.715380219900587200e-01
5.971294641494750977e-01 -1.128374040126800537e-01 2.095664441585540771e-01 -6.024998612701892853e-03 -6.004490703344345093e-02 4.187505692243576050e-03 6.191619520385861497e-01 -1.058243901118532670e-01 -7.781000421560338998e-01
5.970869064331054688e-01 -1.153234988451004028e-01 2.099225223064422607e-01 4.322930704802274704e-03 -3.939894959330558777e-02 1.005546282976865768e-02 6.191619520385861497e-01 -1.058243901118532670e-01 -7.781000421560338998e-01
5.976220369338989258e-01 -1.167728826403617859e-01 2.105987071990966797e-01 1.708234287798404694e-02 -1.857641711831092834e-02 1.699183881282806396e-02 6.191619520385861497e-01 -1.058243901118532670e-01 -7.781000421560338998e-01
5.988151431083679199e-01 -1.172114312648773193e-01 2.116191387176513672e-01 3.064114786684513092e-02 1.034369692206382751e-03 2.382520027458667755e-02 6.191619520385861497e-01 -1.058243901118532670e-01 -7.781000421560338998e-01
6.006708741188049316e-01 -1.167319416999816895e-01 2.129547446966171265e-01 4.358727484941482544e-02 1.814528182148933411e-02 2.959885634481906891e-02 6.230581095392648816e-01 -1.069945127373285454e-01 -7.748230548837965470e-01
6.031373143196105957e-01 -1.154853627085685730e-01 2.145401537418365479e-01 5.506935715675354004e-02 3.171786293387413025e-02 3.381774201989173889e-02 6.019738334949011893e-01 -9.852797325763799907e-02 -7.924138705696631702e-01
6.061366796493530273e-01 -1.136648654937744141e-01 2.162981629371643066e-01 6.490533053874969482e-02 4.110202565789222717e-02 3.650259226560592651e-02 6.019738334949011893e-01 -9.852797325763799907e-02 -7.924138705696631702e-01
6.095901727676391602e-01 -1.114841103553771973e-01 2.181602865457534790e-01 7.323473691940307617e-02 4.612827673554420471e-02 3.798261284828186035e-02 6.019738334949011893e-01 -9.852797325763799907e-02 -7.924138705696631702e-01
6.134173870086669922e-01 -1.091543808579444885e-01 2.200715988874435425e-01 7.985468953847885132e-02 4.706075415015220642e-02 3.847001865506172180e-02 6.019738334949011893e-01 -9.852797325763799907e-02 -7.924138705696631702e-01
6.175094842910766602e-01 -1.068670302629470825e-01 2.219797372817993164e-01 8.383034169673919678e-02 4.443314298987388611e-02 3.785529732704162598e-02 6.092164492416779487e-01 -3.602115365408036646e-02 -7.921854545879969400e-01
6.217029690742492676e-01 -1.047833636403083801e-01 2.238272875547409058e-01 8.390789479017257690e-02 3.891357034444808960e-02 3.604657202959060669e-02 4.536571250110513209e-01 4.471490710150414875e-03 -8.911650905951916668e-01
6.257907152175903320e-01 -1.030305922031402588e-01 2.255595624446868896e-01 7.960276305675506592e-02 3.119739331305027008e-02 3.324414789676666260e-02 4.536571250110513209e-01 4.471490710150414875e-03 -8.911650905951916668e-01
6.295771598815917969e-01 -1.017042249441146851e-01 2.271338403224945068e-01 7.185518741607666016e-02 2.185738086700439453e-02 2.972671203315258026e-02 4.536571250110513209e-01 4.471490710150414875e-03 -8.911650905951916668e-01
6.329334974288940430e-01 -1.008766889572143555e-01 2.285216450691223145e-01 6.239846348762512207e-02 1.124408282339572906e-02 2.578544057905673981e-02 4.536571250110513209e-01 4.471490710150414875e-03 -8.911650905951916668e-01
6.358134150505065918e-01 -1.006065979599952698e-01 2.297099083662033081e-01 5.279934778809547424e-02 -4.404010542202740908e-04 2.174489013850688934e-02 4.500306945954111737e-01 5.836205512241374183e-02 -8.911039470465047518e-01
6.382369399070739746e-01 -1.009410470724105835e-01 2.306991964578628540e-01 4.414060339331626892e-02 -1.293767988681793213e-02 1.782685704529285431e-02 4.484858868314953728e-01 4.568518079090305023e-02 -8.926215735501071835e-01
6.402652859687805176e-01 -1.019078269600868225e-01 2.315001636743545532e-01 3.699334338307380676e-02 -2.573336660861968994e-02 1.421197503805160522e-02 4.484858868314953728e-01 4.568518079090305023e-02 -8.926215735501071835e-01
6.419760584831237793e-01 -1.035004183650016785e-01 2.321332395076751709e-01 3.143662214279174805e-02 -3.797030821442604065e-02 1.111097075045108795e-02 4.484858868314953728e-01 4.568518079090305023e-02 -8.926215735501071835e-01
6.434404253959655762e-01 -1.056629419326782227e-01 2.326285094022750854e-01 2.713923715054988861e-02 -4.853070527315139771e-02 8.699608035385608673e-03 2.900989142248054931e-01 -3.314019911504664101e-02 -9.564226822729603450e-01
6.447047591209411621e-01 -1.082823649048805237e-01 2.330190539360046387e-01 2.343485504388809204e-02 -5.624621361494064331e-02 6.921934895217418671e-03 2.323785647095538143e-01 -3.646733662604729337e-02 -9.719415291162993853e-01
6.457759737968444824e-01 -1.111924350261688232e-01 2.333286404609680176e-01 1.941389776766300201e-02 -6.015654653310775757e-02 5.461589898914098740e-03 2.323785647095538143e-01 -3.646733662604729337e-02 -9.719415291162993853e-01
6.466132402420043945e-01 -1.141901090741157532e-01 2.335639446973800659e-01 1.407638750970363617e-02 -5.975051224231719971e-02 3.950325306504964828e-03 2.323785647095538143e-01 -3.646733662604729337e-02 -9.719415291162993853e-01
6.471315026283264160e-01 -1.170620471239089966e-01 2.337153255939483643e-01 6.654893979430198669e-03 -5.512709543108940125e-02 2.104793442413210869e-03 2.105775584895830388e-01 -2.558806466096909954e-02 -9.772422129674260827e-01
6.472222208976745605e-01 -1.196158751845359802e-01 2.337633371353149414e-01 -3.025389276444911957e-03 -4.702614620327949524e-02 -1.841606426751241088e-04 2.105775584895830388e-01 -2.558806466096909954e-02 -9.772422129674260827e-01
6.467870473861694336e-01 -1.217089146375656128e-01 2.336879670619964600e-01 -1.438144408166408539e-02 -3.669537231326103210e-02 -2.830911893397569656e-03 2.105775584895830388e-01 -2.558806466096909954e-02 -9.772422129674260827e-01
6.457728147506713867e-01 -1.232665330171585083e-01 2.334771603345870972e-01 -2.618676424026489258e-02 -2.560927346348762512e-02 -5.601118318736553192e-03 2.105775584895830388e-01 -2.558806466096909954e-02 -9.772422129674260827e-01
6.441949605941772461e-01 -1.242862045764923096e-01 2.331321537494659424e-01 -3.692777082324028015e-02 -1.517768297344446182e-02 -8.198941126465797424e-03 2.105775584895830388e-01 -2.558806466096909954e-02 -9.772422129674260827e-01
6.421394944190979004e-01 -1.248292401432991028e-01 2.326678782701492310e-01 -4.529014602303504944e-02 -6.543652620166540146e-03 -1.037218235433101654e-02 2.247780916774076154e-01 -2.587354971978150092e-02 -9.740664088884090077e-01
6.397423744201660156e-01 -1.250050067901611328e-01 2.321081310510635376e-01 -5.059484019875526428e-02 -4.870500124525278807e-04 -1.201781630516052246e-02 2.255138437774083238e-01 -3.153302607598221924e-02 -9.737295181564694646e-01
6.371519565582275391e-01 -1.249520927667617798e-01 2.314764410257339478e-01 -5.302162095904350281e-02 2.603680128231644630e-03 -1.324973721057176590e-02 2.255138437774083238e-01 -3.153302607598221924e-02 -9.737295181564694646e-01
6.344881653785705566e-01 -1.248181387782096863e-01 2.307852357625961304e-01 -5.352984368801116943e-02 2.754376502707600594e-03 -1.439863815903663635e-02 2.805136152403638339e-01 -3.295155684965289655e-02 -9.592842678601400941e-01
6.318128705024719238e-01 -1.247386857867240906e-01 2.300279140472412109e-01 -5.348092690110206604e-02 4.236241802573204041e-04 -1.589436270296573639e-02 2.805136152403638339e-01 -3.295155684965289655e-02 -9.592842678601400941e-01
6.291235685348510742e-01 -1.248162165284156799e-01 2.291790693998336792e-01 -5.409180000424385071e-02 -3.524930682033300400e-03 -1.805951446294784546e-02 2.805136152403638339e-01 -3.295155684965289655e-02 -9.592842678601400941e-01
6.263733506202697754e-01 -1.251027584075927734e-01 2.282035052776336670e-01 -5.591781437397003174e-02 -7.936821319162845612e-03 -2.096286229789257050e-02 2.805136152403638339e-01 -3.295155684965289655e-02 -9.592842678601400941e-01
6.235102415084838867e-01 -1.255905628204345703e-01 2.270705699920654297e-01 -5.860541015863418579e-02 -1.157530397176742554e-02 -2.435459941625595093e-02 2.805136152403638339e-01 -3.295155684965289655e-02 -9.592842678601400941e-01
6.205188632011413574e-01 -1.262146085500717163e-01 2.257696837186813354e-01 -6.104863807559013367e-02 -1.338647119700908661e-02 -2.768069505691528320e-02 2.805136152403638339e-01 -3.295155684965289655e-02 -9.592842678601400941e-01
6.174451708793640137e-01 -1.268680542707443237e-01 2.243227958679199219e-01 -6.189972534775733948e-02 -1.275113597512245178e-02 -3.019468672573566437e-02 5.059691159952454109e-01 -1.101310291464783764e-01 -8.554919111693150002e-01
6.143928766250610352e-01 -1.274279803037643433e-01 2.227832525968551636e-01 -6.019161641597747803e-02 -9.646059013903141022e-03 -3.138708695769309998e-02 5.059691159952454109e-01 -1.101310291464783764e-01 -8.554919111693150002e-01
6.114879846572875977e-01 -1.277862638235092163e-01 2.212161868810653687e-01 -5.600403621792793274e-02 -4.685202613472938538e-03 -3.129570558667182922e-02 5.504807244697361712e-01 -4.370662144920143405e-02 -8.337030066077311119e-01
6.088267564773559570e-01 -1.278772056102752686e-01 2.196758091449737549e-01 -5.044427141547203064e-02 1.047594589181244373e-03 -3.031965158879756927e-02 5.504807244697361712e-01 -4.370662144920143405e-02 -8.337030066077311119e-01
6.064451932907104492e-01 -1.276936382055282593e-01 2.181933075189590454e-01 -4.481747001409530640e-02 6.294821389019489288e-03 -2.898034453392028809e-02 5.504807244697361712e-01 -4.370662144920143405e-02 -8.337030066077311119e-01
6.043245792388916016e-01 -1.272898018360137939e-01 2.167774140834808350e-01 -4.000625759363174438e-02 9.858365170657634735e-03 -2.765557728707790375e-02 5.504807244697361712e-01 -4.370662144920143405e-02 -8.337030066077311119e-01
6.024187803268432617e-01 -1.267738193273544312e-01 2.154258787631988525e-01 -3.622525185346603394e-02 1.078118942677974701e-02 -2.640588954091072083e-02 5.822022404886514346e-01 -7.877697539821547357e-02 -8.092185979790031958e-01
6.006854772567749023e-01 -1.262928992509841919e-01 2.141407579183578491e-01 -3.310677781701087952e-02 8.455743081867694855e-03 -2.499919384717941284e-02 5.851644933269536386e-01 -8.058115811074750834e-02 -8.069009807311802174e-01
5.991079211235046387e-01 -1.260152459144592285e-01 2.129392474889755249e-01 -2.999538928270339966e-02 2.650239970535039902e-03 -2.306140772998332977e-02 5.870337379550987222e-01 -7.596449516949373149e-02 -8.059905619634191165e-01
5.977011322975158691e-01 -1.261110454797744751e-01 2.118560224771499634e-01 -2.627670578658580780e-02 -6.481980439275503159e-03 -2.026781626045703888e-02 5.870337379550987222e-01 -7.596449516949373149e-02 -8.059905619634191165e-01
5.965038537979125977e-01 -1.267325282096862793e-01 2.109376192092895508e-01 -2.161379717290401459e-02 -1.837710291147232056e-02 -1.646807603538036346e-02 5.870337379550987222e-01 -7.596449516949373149e-02 -8.059905619634191165e-01
5.955638885498046875e-01 -1.279939115047454834e-01 2.102325409650802612e-01 -1.598415896296501160e-02 -3.207814693450927734e-02 -1.173488050699234009e-02 5.870337379550987222e-01 -7.596449516949373149e-02 -8.059905619634191165e-01
5.949249267578125000e-01 -1.299532651901245117e-01 2.097806334495544434e-01 -9.573560208082199097e-03 -4.629576578736305237e-02 -6.341588683426380157e-03 5.870337379550987222e-01 -7.596449516949373149e-02 -8.059905619634191165e-01
5.946194529533386230e-01 -1.325983107089996338e-01 2.096060067415237427e-01 -2.646456006914377213e-03 -5.950587987899780273e-02 -6.435378454625606537e-04 5.870337379550987222e-01 -7.596449516949373149e-02 -8.059905619634191165e-01
5.946681499481201172e-01 -1.358385831117630005e-01 2.097155451774597168e-01 4.595230333507061005e-03 -7.010491192340850830e-02 5.024816840887069702e-03 6.035662793621996425e-01 -2.058340486111980006e-02 -7.970470938778927428e-01
5.950828790664672852e-01 -1.395060420036315918e-01 2.101001888513565063e-01 1.199415791779756546e-02 -7.659365981817245483e-02 1.036121882498264313e-02 6.035662793621996425e-01 -2.058340486111980006e-02 -7.970470938778927428e-01
5.958649516105651855e-01 -1.433647572994232178e-01 2.107362747192382812e-01 1.928783394396305084e-02 -7.775510102510452271e-02 1.508203707635402679e-02 6.035662793621996425e-01 -2.058340486111980006e-02 -7.970470938778927428e-01
5.969970226287841797e-01 -1.471294611692428589e-01 2.115855216979980469e-01 2.599552832543849945e-02 -7.283323258161544800e-02 1.888776011765003204e-02 6.035662793621996425e-01 -2.058340486111980006e-02 -7.970470938778927428e-01
5.984301567077636719e-01 -1.504943370819091797e-01 2.125951498746871948e-01 3.132963180541992188e-02 -6.176166236400604248e-02 2.149729803204536438e-02 5.228965193438297465e-01 1.834413867385114097e-02 -8.521987577041065798e-01
6.000727415084838867e-01 -1.531726717948913574e-01 2.136997878551483154e-01 3.437384217977523804e-02 -4.537200555205345154e-02 2.268807403743267059e-02 5.228965193438297465e-01 1.834413867385114097e-02 -8.521987577041065798e-01
6.017944812774658203e-01 -1.549420356750488281e-01 2.148249000310897827e-01 3.449624404311180115e-02 -2.540238015353679657e-02 2.231621555984020233e-02 5.054239199712149411e-01 1.551286638354853337e-02 -8.627317150166076143e-01
6.034469604492187500e-01 -1.556828469038009644e-01 2.158942967653274536e-01 3.160202503204345703e-02 -4.229853395372629166e-03 2.045956254005432129e-02 5.054239199712149411e-01 1.551286638354853337e-02 -8.627317150166076143e-01
6.048923730850219727e-01 -1.553992331027984619e-01 2.168418616056442261e-01 2.621495351195335388e-02 1.557431463152170181e-02 1.744283363223075867e-02 4.902591199686866519e-01 3.816360664346701848e-02 -8.707407963415355612e-01
6.060330271720886230e-01 -1.542174965143203735e-01 2.176226228475570679e-01 1.941024139523506165e-02 3.169533982872962952e-02 1.378754992038011551e-02 4.902591199686866519e-01 3.816360664346701848e-02 -8.707407963415355612e-01
6.068332195281982422e-01 -1.523639261722564697e-01 2.182215005159378052e-01 1.259847357869148254e-02 4.244748502969741821e-02 1.016784366220235825e-02 4.984690460838397397e-01 4.933872639918929909e-02 -8.655023397839967103e-01
6.073287725448608398e-01 -1.501266658306121826e-01 2.186581343412399292e-01 7.224258035421371460e-03 4.704317077994346619e-02 7.297256030142307281e-03 4.984690460838397397e-01 4.933872639918929909e-02 -8.655023397839967103e-01
6.076202988624572754e-01 -1.478085070848464966e-01 2.189850509166717529e-01 4.436754621565341949e-03 4.568343982100486755e-02 5.779589526355266571e-03 5.075119189149419618e-01 3.620262002700092713e-02 -8.608838611917718486e-01
6.078525185585021973e-01 -1.456801444292068481e-01 2.192788124084472656e-01 4.851419012993574142e-03 3.945115953683853149e-02 5.970823112875223160e-03 5.075119189149419618e-01 3.620262002700092713e-02 -8.608838611917718486e-01
6.081856489181518555e-01 -1.439429968595504761e-01 2.196253687143325806e-01 8.472804911434650421e-03 3.003451228141784668e-02 7.891526445746421814e-03 4.976424002231832344e-01 3.725824376120340925e-02 -8.665817126906958379e-01
6.087664365768432617e-01 -1.427083909511566162e-01 2.201033234596252441e-01 1.475789491087198257e-02 1.934956572949886322e-02 1.122664567083120346e-02 4.951720690682037684e-01 -3.486006572316599494e-02 -8.680952700196508109e-01
6.097050905227661133e-01 -1.419950127601623535e-01 2.207683026790618896e-01 2.278914116322994232e-02 9.185651317238807678e-03 1.537268329411745071e-02 5.148829871981385198e-01 -1.047540007478117846e-01 -8.508361233629240239e-01
6.110618710517883301e-01 -1.417412906885147095e-01 2.216411232948303223e-01 3.148190304636955261e-02 9.633722365833818913e-04 1.953996531665325165e-02 5.254578387685810981e-01 -1.231950639801241559e-01 -8.418533339516954817e-01
6.128429770469665527e-01 -1.418269425630569458e-01 2.227036654949188232e-01 3.976214304566383362e-02 -4.389640409499406815e-03 2.296168357133865356e-02 5.254578387685810981e-01 -1.231950639801241559e-01 -8.418533339516954817e-01
6.150054931640625000e-01 -1.420984268188476562e-01 2.239049673080444336e-01 4.673903062939643860e-02 -6.469463463872671127e-03 2.509043738245964050e-02 5.254578387685810981e-01 -1.231950639801241559e-01 -8.418533339516954817e-01
6.174702644348144531e-01 -1.423946619033813477e-01 2.251743972301483154e-01 5.185125395655632019e-02 -5.380121059715747833e-03 2.568665146827697754e-02 5.060662265526882919e-01 -1.202704196962515321e-01 -8.540679132755254477e-01
6.201390624046325684e-01 -1.425705850124359131e-01 2.264372557401657104e-01 5.490092560648918152e-02 -1.656545558944344521e-03 2.482796646654605865e-02 5.060662265526882919e-01 -1.202704196962515321e-01 -8.540679132755254477e-01
6.229118108749389648e-01 -1.425150930881500244e-01 2.276293188333511353e-01 5.600868538022041321e-02 3.876504022628068924e-03 2.285477332770824432e-02 5.060662265526882919e-01 -1.202704196962515321e-01 -8.540679132755254477e-01
6.257002353668212891e-01 -1.421619057655334473e-01 2.287071645259857178e-01 5.552902817726135254e-02 1.025073602795600891e-02 2.025911211967468262e-02 5.060662265526882919e-01 -1.202704196962515321e-01 -8.540679132755254477e-01
6.284370422363281250e-01 -1.414939016103744507e-01 2.296513170003890991e-01 5.394410714507102966e-02 1.646953076124191284e-02 1.750673726201057434e-02 2.647189116284762167e-01 -3.699166015903713328e-02 -9.636158544269149973e-01
6.310785412788391113e-01 -1.405421197414398193e-01 2.304615527391433716e-01 5.171575397253036499e-02 2.160169929265975952e-02 1.490268390625715256e-02 2.647189116284762167e-01 -3.699166015903713328e-02 -9.636158544269149973e-01
6.335993409156799316e-01 -1.393802762031555176e-01 2.311490625143051147e-01 4.911610856652259827e-02 2.487197145819664001e-02 1.259784400463104248e-02 2.647189116284762167e-01 -3.699166015903713328e-02 -9.636158544269149973e-01
6.359819769859313965e-01 -1.381156444549560547e-01 2.317302525043487549e-01 4.618876799941062927e-02 2.571354992687702179e-02 1.064988784492015839e-02 2.647189116284762167e-01 -3.699166015903713328e-02 -9.636158544269149973e-01
6.382074952125549316e-01 -1.368762999773025513e-01 2.322227507829666138e-01 4.283217713236808777e-02 2.386014722287654877e-02 9.049881249666213989e-03 2.312144610619625840e-01 -4.403244271428508744e-02 -9.719058683753480921e-01
6.402519345283508301e-01 -1.357947885990142822e-01 2.326432168483734131e-01 3.894538804888725281e-02 1.940038241446018219e-02 7.768972311168909073e-03 2.242375561549758700e-01 -4.912094544919785172e-02 -9.732957675474711579e-01
6.420895457267761230e-01 -1.349918991327285767e-01 2.330074161291122437e-01 3.456018120050430298e-02 1.271513663232326508e-02 6.799178663641214371e-03 2.242375561549758700e-01 -4.912094544919785172e-02 -9.732957675474711579e-01
6.437014341354370117e-01 -1.345639675855636597e-01 2.333311140537261963e-01 2.991615049540996552e-02 4.401864018291234970e-03 6.148676853626966476e-03 2.115891647899326156e-01 -4.534266783713199189e-02 -9.763063391246161737e-01
6.450865268707275391e-01 -1.345745623111724854e-01 2.336302250623703003e-01 2.548674307763576508e-02 -4.825584124773740768e-03 5.815881770104169846e-03 2.067057412554484663e-01 -4.008125290299006244e-02 -9.775818276214846003e-01
6.462717056274414062e-01 -1.350511014461517334e-01 2.339196503162384033e-01 2.191977947950363159e-02 -1.423625089228153229e-02 5.761084612458944321e-03 2.067057412554484663e-01 -4.008125290299006244e-02 -9.775818276214846003e-01
6.473175287246704102e-01 -1.359863728284835815e-01 2.342117577791213989e-01 1.991197839379310608e-02 -2.317463979125022888e-02 5.922933109104633331e-03 1.768591302170425539e-01 -4.203196645676732929e-02 -9.833382743759383482e-01
6.483167409896850586e-01 -1.373443752527236938e-01 2.345157265663146973e-01 2.005559764802455902e-02 -3.114552795886993408e-02 6.235891021788120270e-03 1.768591302170425539e-01 -4.203196645676732929e-02 -9.833382743759383482e-01
6.493838429450988770e-01 -1.390695571899414062e-01 2.348369807004928589e-01 2.262778766453266144e-02 -3.786200657486915588e-02 6.614551879465579987e-03 1.768591302170425539e-01 -4.203196645676732929e-02 -9.833382743759383482e-01
6.506339311599731445e-01 -1.410974413156509399e-01 2.351760119199752808e-01 2.737576700747013092e-02 -4.325358197093009949e-02 6.946920417249202728e-03 2.010285867445909813e-01 -3.946049428142291843e-02 -9.787902618541615141e-01
6.521547436714172363e-01 -1.433643102645874023e-01 2.355272322893142700e-01 3.345762938261032104e-02 -4.742125049233436584e-02 7.101715076714754105e-03 2.010285867445909813e-01 -3.946049428142291843e-02 -9.787902618541615141e-01
6.539814472198486328e-01 -1.458127200603485107e-01 2.358795404434204102e-01 3.961130976676940918e-02 -5.051504075527191162e-02 6.990402936935424805e-03 1.885738092827101697e-01 -3.643618863702368510e-02 -9.813828623978591015e-01
6.560849547386169434e-01 -1.483911126852035522e-01 2.362215667963027954e-01 4.452912509441375732e-02 -5.262074247002601624e-02 6.690826732665300369e-03 1.885738092827101697e-01 -3.643618863702368510e-02 -9.813828623978591015e-01
6.583823561668395996e-01 -1.510508954524993896e-01 2.365494370460510254e-01 4.736701771616935730e-02 -5.377067998051643372e-02 6.424028426408767700e-03 4.239834309727439493e-02 -8.502604432799791209e-03 -9.990646056279168796e-01
6.607717275619506836e-01 -1.537478566169738770e-01 2.368682622909545898e-01 4.820716753602027893e-02 -5.410789325833320618e-02 6.328826770186424255e-03 4.239834309727439493e-02 -8.502604432799791209e-03 -9.990646056279168796e-01
