x y z nx ny nz
5.768901705741882324e-01 3.172737061977386475e-01 1.534316390752792358e-01 3.138772025704383850e-02 3.055178374052047729e-02 5.917412272538058460e-05 -2.709601001088568495e-01 2.145044969699129722e-01 -9.383860852158256716e-01
5.789065361022949219e-01 3.193219602108001709e-01 1.534419655799865723e-01 4.926685243844985962e-02 5.137886106967926025e-02 3.538706223480403423e-04 -2.709601001083695171e-01 2.145044969709167804e-01 -9.383860852157369647e-01
5.816202759742736816e-01 3.222568035125732422e-01 1.534743607044219971e-01 5.928157642483711243e-02 6.601469218730926514e-02 9.417233522981405258e-04 -2.766703561060123162e-01 2.096105470303405161e-01 -9.378256408436557168e-01
5.846437811851501465e-01 3.257596492767333984e-01 1.535426825284957886e-01 6.165836751461029053e-02 7.409925013780593872e-02 1.790919573977589607e-03 -2.757559966474381619e-01 1.559768210630625429e-01 -9.484881979244862427e-01
5.876350998878479004e-01 3.295352458953857422e-01 1.536577343940734863e-01 5.799393728375434875e-02 7.692453265190124512e-02 2.811053534969687462e-03 -2.030760476635597445e-01 1.226960748115357297e-01 -9.714452079706757948e-01
5.903480052947998047e-01 3.333736062049865723e-01 1.538220047950744629e-01 5.052291601896286011e-02 7.660958915948867798e-02 3.759527346119284630e-03 -1.221718561869193920e-01 1.704589814792426550e-01 -9.777616136804009317e-01
5.926420688629150391e-01 3.371607363224029541e-01 1.540246009826660156e-01 4.124018177390098572e-02 7.487606257200241089e-02 4.344429820775985718e-03 -8.650095835917524789e-02 1.854518617380783163e-01 -9.788386951785391643e-01
5.944622755050659180e-01 3.408459722995758057e-01 1.542425751686096191e-01 3.156723827123641968e-02 7.253277301788330078e-02 4.374368116259574890e-03 -8.099587407627702185e-02 1.675942762059124402e-01 -9.825231941097553046e-01
5.958133935928344727e-01 3.444028794765472412e-01 1.544481515884399414e-01 2.247816883027553558e-02 6.974403560161590576e-02 3.848675871267914772e-03 -9.250058492780247055e-02 1.002051928892675331e-01 -9.906576407135004869e-01
5.967427492141723633e-01 3.478089272975921631e-01 1.546158045530319214e-01 1.469662226736545563e-02 6.649796664714813232e-02 2.857606625184416771e-03 -1.200548619427720953e-01 7.503329830128505074e-02 -9.899276914340421341e-01
5.973308682441711426e-01 3.510424196720123291e-01 1.547243744134902954e-01 8.828288875520229340e-03 6.284198909997940063e-02 1.485425978899002075e-03 -1.319766560582391612e-01 4.410477737924130281e-02 -9.902711400752891580e-01
5.976864695549011230e-01 3.540833890438079834e-01 1.547579169273376465e-01 5.394586361944675446e-03 5.879684537649154663e-02 -1.438248145859688520e-04 -1.387057047797298492e-01 1.933530933829443951e-02 -9.901448748907155650e-01
5.979400873184204102e-01 3.569088280200958252e-01 1.547080725431442261e-01 4.749725107103586197e-03 5.422111600637435913e-02 -1.850238069891929626e-03 -1.544656397192729902e-01 -3.838448682044418026e-02 -9.872522460423408530e-01
5.982323288917541504e-01 3.594852089881896973e-01 1.545746028423309326e-01 6.940428167581558228e-03 4.883376881480216980e-02 -3.488398855552077293e-03 -1.609600876966503502e-01 -3.494529544302832358e-02 -9.863420687028847667e-01
5.986965298652648926e-01 3.617659509181976318e-01 1.543628424406051636e-01 1.162664033472537994e-02 4.239634424448013306e-02 -4.982136189937591553e-03 -1.550892728713690327e-01 -4.736167625468269693e-02 -9.867645053712544856e-01
5.994402766227722168e-01 3.636985719203948975e-01 1.540821939706802368e-01 1.812317036092281342e-02 3.490900620818138123e-02 -6.243888288736343384e-03 -1.550892728713690327e-01 -4.736167625468269693e-02 -9.867645053712544856e-01
6.005312800407409668e-01 3.652386069297790527e-01 1.537471115589141846e-01 2.551715262234210968e-02 2.669181115925312042e-02 -7.159603759646415710e-03 -1.564856769827659144e-01 -5.607847985855501927e-02 -9.860869317631173470e-01
6.019898653030395508e-01 3.663642704486846924e-01 1.533768326044082642e-01 3.282527625560760498e-02 1.833418570458889008e-02 -7.651842199265956879e-03 -1.542284204034841955e-01 -5.407725559446928398e-02 -9.865542279901376999e-01
6.037898063659667969e-01 3.670864105224609375e-01 1.529926210641860962e-01 3.917194157838821411e-02 1.055188849568367004e-02 -7.716362830251455307e-03 -1.559415821564882065e-01 -5.919925696396383108e-02 -9.859907052946521588e-01
6.058678030967712402e-01 3.674505352973937988e-01 1.526144444942474365e-01 4.394901171326637268e-02 4.012837074697017670e-03 -7.410884834825992584e-03 -1.559415821564882065e-01 -5.919925696396383108e-02 -9.859907052946521588e-01
6.081395149230957031e-01 3.675303757190704346e-01 1.522586047649383545e-01 4.692064970731735229e-02 -8.187329513020813465e-04 -6.822761613875627518e-03 -1.452030802800818310e-01 -4.651493351836914064e-02 -9.883078601503468841e-01
6.105186343193054199e-01 3.674154579639434814e-01 1.519383341073989868e-01 4.824336990714073181e-02 -3.778011770918965340e-03 -5.987975280731916428e-03 -1.330080126368041460e-01 -4.400506564587909619e-02 -9.901375776981246046e-01
6.129336953163146973e-01 3.671956956386566162e-01 1.516664773225784302e-01 4.835921153426170349e-02 -5.013001151382923126e-03 -4.886496346443891525e-03 -9.932925343107415483e-02 -1.621997747695898273e-02 -9.949224149356934443e-01
6.153376102447509766e-01 3.669473826885223389e-01 1.514553576707839966e-01 4.779740422964096069e-02 -4.919921979308128357e-03 -3.558343974873423576e-03 -9.932925343107415483e-02 -1.621997747695898273e-02 -9.949224149356934443e-01
6.177072525024414062e-01 3.667237758636474609e-01 1.513130217790603638e-01 4.698843136429786682e-02 -4.024305380880832672e-03 -2.135151531547307968e-03 -7.458785659780825528e-02 -4.566707854267560915e-03 -9.972039895756125150e-01
6.200358867645263672e-01 3.665519654750823975e-01 1.512413620948791504e-01 4.615687578916549683e-02 -2.848189324140548706e-03 -7.315086550079286098e-04 -2.471140409263101675e-02 -3.981733100260315128e-03 -9.996866970742828151e-01
6.223222613334655762e-01 3.664354979991912842e-01 1.512374430894851685e-01 4.529854655265808105e-02 -1.810242305509746075e-03 5.745405796915292740e-04 6.042617036367940904e-03 -1.378936107474794046e-02 -9.998866637266955459e-01
6.245612502098083496e-01 3.663609027862548828e-01 1.512948721647262573e-01 4.426110535860061646e-02 -1.174087869003415108e-03 1.722814864479005337e-03 6.042617036367940904e-03 -1.378936107474794046e-02 -9.998866637266955459e-01
6.267397999763488770e-01 3.663052320480346680e-01 1.514045149087905884e-01 4.288089647889137268e-02 -1.052967389114201069e-03 2.662651473656296730e-03 4.346411872297425288e-02 -2.948295766044355809e-02 -9.986198604019587144e-01
6.288393139839172363e-01 3.662426471710205078e-01 1.515543162822723389e-01 4.109990224242210388e-02 -1.450094045139849186e-03 3.329206258058547974e-03 5.420534554464728066e-02 -4.105261360163357798e-02 -9.976855533828584699e-01
6.308425664901733398e-01 3.661484420299530029e-01 1.517290920019149780e-01 3.903127461671829224e-02 -2.318281913176178932e-03 3.661569440737366676e-03 5.325649870433633165e-02 -4.997197998067712948e-02 -9.973297080507357304e-01
6.327421665191650391e-01 3.659999370574951172e-01 1.519117802381515503e-01 3.695372492074966431e-02 -3.621975891292095184e-03 3.646159078925848007e-03 5.325649870433633165e-02 -4.997197998067712948e-02 -9.973297080507357304e-01
6.345469355583190918e-01 3.657749593257904053e-01 1.520855277776718140e-01 3.523603081703186035e-02 -5.376652814447879791e-03 3.303854260593652725e-03 4.536980736774982176e-02 -5.532175031461177700e-02 -9.974372584376126616e-01
6.362832784652709961e-01 3.654491901397705078e-01 1.522352248430252075e-01 3.421865031123161316e-02 -7.654638960957527161e-03 2.683963626623153687e-03 4.774598482072850425e-02 -3.598939756520757455e-02 -9.982109417324537270e-01
6.379910111427307129e-01 3.649937212467193604e-01 1.523489654064178467e-01 3.409044072031974792e-02 -1.056362967938184738e-02 1.865942496806383133e-03 2.726564962907250186e-02 -2.822755680597085690e-02 -9.992295979328627009e-01
6.397129893302917480e-01 3.643744885921478271e-01 1.524196416139602661e-01 3.478843346238136292e-02 -1.420517172664403915e-02 9.611286805011332035e-04 2.726564962907250186e-02 -2.822755680597085690e-02 -9.992295979328627009e-01
6.414813995361328125e-01 3.635540008544921875e-01 1.524466723203659058e-01 3.594781458377838135e-02 -1.861447468400001526e-02 1.198306708829477429e-04 8.734908000308004919e-03 -1.730348109580310753e-02 -9.998121278131173462e-01
6.433032155036926270e-01 3.624963760375976562e-01 1.524355262517929077e-01 3.692368045449256897e-02 -2.369086071848869324e-02 -5.655082641169428825e-04 -1.076743515502625453e-02 -3.638303913070267247e-03 -9.999354104555047140e-01
6.451483368873596191e-01 3.611755669116973877e-01 1.523938328027725220e-01 3.688045218586921692e-02 -2.914118580520153046e-02 -1.102255308069288731e-03 -1.496884681391233776e-02 7.110030508824334051e-03 -9.998626811163747741e-01
6.469437479972839355e-01 3.595853149890899658e-01 1.523287147283554077e-01 3.493582829833030701e-02 -3.446925431489944458e-02 -1.502341474406421185e-03 -2.150059127619446259e-02 7.529532190849819694e-03 -9.997404816840022024e-01
6.485759615898132324e-01 3.577479422092437744e-01 1.522469222545623779e-01 3.035358525812625885e-02 -3.902591392397880554e-02 -1.769139664247632027e-03 -3.296515508726656496e-02 2.136059378244769755e-02 -9.992282139638241079e-01
6.499037146568298340e-01 3.557192981243133545e-01 1.521557271480560303e-01 2.275701612234115601e-02 -4.211967065930366516e-02 -1.878838054835796356e-03 -3.296515508726656496e-02 2.136059378244769755e-02 -9.992282139638241079e-01
6.507797241210937500e-01 3.535868823528289795e-01 1.520647555589675903e-01 1.228232868015766144e-02 -4.317668080329895020e-02 -1.759767998009920120e-03 -3.055154665843080874e-02 2.932841761661835259e-02 -9.991028209923555892e-01
6.510776281356811523e-01 3.514602184295654297e-01 1.519864052534103394e-01 -3.660095389932394028e-04 -4.188971221446990967e-02 -1.373989274725317955e-03 -3.254061174844705140e-02 4.541772879314483202e-02 -9.984379492468767880e-01
6.507191658020019531e-01 3.494555354118347168e-01 1.519325375556945801e-01 -1.397188752889633179e-02 -3.829704597592353821e-02 -7.808641530573368073e-04 -3.254061174844705140e-02 4.541772879314483202e-02 -9.984379492468767880e-01
6.496950984001159668e-01 3.476790189743041992e-01 1.519096791744232178e-01 -2.699036896228790283e-02 -3.276345878839492798e-02 -1.336258719675242901e-04 -4.383128664768509708e-02 7.515781818783723311e-02 -9.962078702128650542e-01
6.480745673179626465e-01 3.462130427360534668e-01 1.519165337085723877e-01 -3.783029690384864807e-02 -2.587590739130973816e-02 4.080153012182563543e-04 -3.667433038641874227e-02 6.766185570483904121e-02 -9.970340349111886935e-01
6.459992527961730957e-01 3.451085686683654785e-01 1.519452631473541260e-01 -4.518327116966247559e-02 -1.830319128930568695e-02 7.411797996610403061e-04 -3.401473232080533260e-02 8.873513310359334993e-02 -9.954742960700850851e-01
6.436613202095031738e-01 3.443844318389892578e-01 1.519838720560073853e-01 -4.833467304706573486e-02 -1.066280342638492584e-02 8.033656631596386433e-04 -3.598534307862850945e-02 1.049717797486207221e-01 -9.938239182762308443e-01
6.412693262100219727e-01 3.440317213535308838e-01 1.520186960697174072e-01 -4.734479263424873352e-02 -3.445407142862677574e-03 5.893056513741612434e-04 -1.926407246857650066e-02 1.077914424089681522e-01 -9.939868713686914603e-01
6.390107274055480957e-01 3.440206646919250488e-01 1.520371288061141968e-01 -4.300025478005409241e-02 3.003566060215234756e-03 1.479180355090647936e-04 -1.472105182737033606e-02 1.043276237289915975e-01 -9.944340287611630469e-01
6.370217204093933105e-01 3.443073928356170654e-01 1.520299613475799561e-01 -3.655998036265373230e-02 8.465992286801338196e-03 -4.344421031419187784e-04 1.010748469289998903e-02 5.968800999860893186e-02 -9.981659081603562189e-01
6.353721022605895996e-01 3.448396921157836914e-01 1.519930064678192139e-01 -2.942382358014583588e-02 1.282601989805698395e-02 -1.043797004967927933e-03 1.010748469289998903e-02 5.968800999860893186e-02 -9.981659081603562189e-01
6.340651512145996094e-01 3.455618321895599365e-01 1.519281119108200073e-01 -2.285405062139034271e-02 1.605911925435066223e-02 -1.551793655380606651e-03 1.010748469289998903e-02 5.968800999860893186e-02 -9.981659081603562189e-01
6.330487728118896484e-01 3.464186191558837891e-01 1.518436819314956665e-01 -1.780122891068458557e-02 1.821222528815269470e-02 -1.825136714614927769e-03 3.777245717031625649e-02 2.359714471045288101e-02 -9.990077158054538886e-01
6.322332620620727539e-01 3.473587930202484131e-01 1.517522186040878296e-01 -1.481886487454175949e-02 1.939453370869159698e-02 -1.833339920267462730e-03 3.777245717031625649e-02 2.359714471045288101e-02 -9.990077158054538886e-01
6.315113902091979980e-01 3.483377993106842041e-01 1.516645550727844238e-01 -1.405569445341825485e-02 1.976578682661056519e-02 -1.673311926424503326e-03 3.777245717031625649e-02 2.359714471045288101e-02 -9.990077158054538886e-01
6.307774782180786133e-01 3.493195474147796631e-01 1.515869200229644775e-01 -1.530021801590919495e-02 1.950367540121078491e-02 -1.432216493412852287e-03 4.105502950300082138e-02 -9.725535050130268422e-03 -9.991095528111502144e-01
6.299436092376708984e-01 3.502764105796813965e-01 1.515224426984786987e-01 -1.805557310581207275e-02 1.877073757350444794e-02 -1.147060538642108440e-03 4.105502950300082138e-02 -9.725535050130268422e-03 -9.991095528111502144e-01
6.289510130882263184e-01 3.511879444122314453e-01 1.514735072851181030e-01 -2.164829894900321960e-02 1.769039034843444824e-02 -8.101873099803924561e-04 4.105502950300082138e-02 -9.725535050130268422e-03 -9.991095528111502144e-01
6.277760267257690430e-01 3.520382642745971680e-01 1.514435410499572754e-01 -2.535147219896316528e-02 1.632187701761722565e-02 -3.886175691150128841e-04 5.491275074515789695e-02 2.247660951140390342e-02 -9.982381438456816580e-01
6.264296174049377441e-01 3.528123795986175537e-01 1.514374613761901855e-01 -2.850606292486190796e-02 1.464269496500492096e-02 1.452612486900761724e-04 2.844562077241132025e-02 1.562530556800191192e-02 -9.994732094872672556e-01
6.249515414237976074e-01 3.534922301769256592e-01 1.514609307050704956e-01 -3.061664290726184845e-02 1.255142875015735626e-02 7.936456822790205479e-04 2.844562077241132025e-02 1.562530556800191192e-02 -9.994732094872672556e-01
6.234005689620971680e-01 3.540529608726501465e-01 1.515186578035354614e-01 -3.142340108752250671e-02 9.877238422632217407e-03 1.515428884886205196e-03 3.652695751900450830e-03 4.736483259188453351e-03 -9.999821116090424900e-01
6.218416094779968262e-01 3.544597923755645752e-01 1.516125649213790894e-01 -3.093495406210422516e-02 6.396218203008174896e-03 2.240845700725913048e-03 -3.212652191278624753e-02 -1.121863155257231187e-03 -9.994831804542027021e-01
6.203328967094421387e-01 3.546659946441650391e-01 1.517404317855834961e-01 -2.941385284066200256e-02 1.851986045949161053e-03 2.873968333005905151e-03 -3.212652191278624753e-02 -1.121863155257231187e-03 -9.994831804542027021e-01
6.189146041870117188e-01 3.546120822429656982e-01 1.518951207399368286e-01 -2.731873840093612671e-02 -4.008640069514513016e-03 3.313798690214753151e-03 -8.376990460962971397e-02 -2.122779340215994251e-02 -9.962589943719297736e-01
6.176018714904785156e-01 3.542277514934539795e-01 1.520645618438720703e-01 -2.519059926271438599e-02 -1.136496383696794510e-02 3.463600995019078255e-03 -8.376990460962971397e-02 -2.122779340215994251e-02 -9.962589943719297736e-01
6.163840293884277344e-01 3.534380197525024414e-01 1.522321552038192749e-01 -2.352397888898849487e-02 -2.022437937557697296e-02 3.240024438127875328e-03 -8.988279566476159443e-02 -1.359007695711340197e-02 -9.958596250726234889e-01
6.152302026748657227e-01 3.521745204925537109e-01 1.523791253566741943e-01 -2.263014577329158783e-02 -3.031544014811515808e-02 2.638819394633173943e-03 -1.069333889140242078e-01 -1.097749649874694630e-02 -9.942055848284004904e-01
6.141012907028198242e-01 3.503911793231964111e-01 1.524875164031982422e-01 -2.252616360783576965e-02 -4.101853072643280029e-02 1.696556573733687401e-03 -1.069333889140242078e-01 -1.097749649874694630e-02 -9.942055848284004904e-01
6.129658222198486328e-01 3.480805158615112305e-01 1.525401622056961060e-01 -2.289152704179286957e-02 -5.140772461891174316e-02 4.090170550625771284e-04 -9.700696634024379150e-02 -2.208501104028873577e-02 -9.950386428510267223e-01
6.118156909942626953e-01 3.452842533588409424e-01 1.525207310914993286e-01 -2.311374805867671967e-02 -6.044329702854156494e-02 -1.186011708341538906e-03 -9.647947931776676422e-02 1.227116112744649871e-02 -9.952593273479817260e-01
6.106765270233154297e-01 3.420913815498352051e-01 1.524190306663513184e-01 -2.245258912444114685e-02 -6.727100163698196411e-02 -2.881845459342002869e-03 -9.647947931776676422e-02 1.227116112744649871e-02 -9.952593273479817260e-01
6.096081733703613281e-01 3.386238813400268555e-01 1.522374749183654785e-01 -2.028218843042850494e-02 -7.142956554889678955e-02 -4.380196798592805862e-03 -7.941320432467648127e-02 8.873499028362456797e-02 -9.928845071186539473e-01
6.086940169334411621e-01 3.350199759006500244e-01 1.519919037818908691e-01 -1.628412120044231415e-02 -7.272618263959884644e-02 -5.442784167826175690e-03 -1.382120558864952803e-02 1.183531948477942880e-01 -9.928753675781247789e-01
6.080248951911926270e-01 3.314295113086700439e-01 1.517068892717361450e-01 -1.048079319298267365e-02 -7.089298218488693237e-02 -5.957616493105888367e-03 3.046966194966561469e-03 1.190614405748412624e-01 -9.928822132374263143e-01
6.076832413673400879e-01 3.280203640460968018e-01 1.514107882976531982e-01 -3.186372807249426842e-03 -6.547319144010543823e-02 -5.886547267436981201e-03 3.465445880667432366e-02 9.977047689373168271e-02 -9.944068183712407860e-01
6.077300310134887695e-01 3.249815404415130615e-01 1.511338204145431519e-01 5.057538393884897232e-03 -5.607967078685760498e-02 -5.192168056964874268e-03 3.802189173828425528e-02 1.036818827817702210e-01 -9.938834956520152808e-01
6.081956028938293457e-01 3.225098550319671631e-01 1.509061902761459351e-01 1.356472633779048920e-02 -4.278729483485221863e-02 -3.912852145731449127e-03 3.449403567711388507e-02 1.059708572472026905e-01 -9.937707677905398551e-01
6.090744733810424805e-01 3.207812011241912842e-01 1.507532447576522827e-01 2.158943749964237213e-02 -2.635855413973331451e-02 -2.204774878919124603e-03 3.449403567711388507e-02 1.059708572472026905e-01 -9.937707677905398551e-01
6.103246808052062988e-01 3.199179172515869141e-01 1.506905406713485718e-01 2.841861359775066376e-02 -8.172386325895786285e-03 -3.031418600585311651e-04 3.449403567711388507e-02 1.059708572472026905e-01 -9.937707677905398551e-01
6.118720173835754395e-01 3.199647367000579834e-01 1.507213264703750610e-01 3.347414731979370117e-02 1.004464644938707352e-02 1.534601789899170399e-03 2.194491478323865041e-02 1.092458489321294357e-01 -9.937724916721405455e-01
6.136192679405212402e-01 3.208793997764587402e-01 1.508364081382751465e-01 3.641588613390922546e-02 2.654182724654674530e-02 3.068845020607113838e-03 3.662844533325926560e-03 1.079708040026221977e-01 -9.941473175797196360e-01
6.154600381851196289e-01 3.225382268428802490e-01 1.510160565376281738e-01 3.721541166305541992e-02 3.981142863631248474e-02 4.117381758987903595e-03 3.662844533325926560e-03 1.079708040026221977e-01 -9.941473175797196360e-01
6.172941327095031738e-01 3.247523605823516846e-01 1.512332856655120850e-01 3.614786267280578613e-02 4.875341802835464478e-02 4.572007339447736740e-03 -3.507102819711949843e-02 9.382841434792058011e-02 -9.949704777731606109e-01
6.190394163131713867e-01 3.272894918918609619e-01 1.514578908681869507e-01 3.366395458579063416e-02 5.273218452930450439e-02 4.412271548062562943e-03 -6.811622276345304094e-02 8.609843459454084857e-02 -9.939553509865566294e-01
6.206365823745727539e-01 3.298969566822052002e-01 1.516605317592620850e-01 3.022280335426330566e-02 5.156652256846427917e-02 3.693310311064124107e-03 -6.540257386027166497e-02 7.721166034378158793e-02 -9.948672589031202218e-01
6.220471262931823730e-01 3.323241770267486572e-01 1.518164873123168945e-01 2.619838714599609375e-02 4.552245512604713440e-02 2.545201219618320465e-03 -6.540257386027166497e-02 7.721166034378158793e-02 -9.948672589031202218e-01
6.232496500015258789e-01 3.343448340892791748e-01 1.519085466861724854e-01 2.190148830413818359e-02 3.530379384756088257e-02 1.136984210461378098e-03 -6.909757980441497138e-02 8.794555261066068497e-02 -9.937258697644829608e-01
6.242383718490600586e-01 3.357773721218109131e-01 1.519270986318588257e-01 1.764666847884654999e-02 2.199753001332283020e-02 -3.947709337808191776e-04 -6.909757980441497138e-02 8.794555261066068497e-02 -9.937258697644829608e-01
6.250240206718444824e-01 3.365011513233184814e-01 1.518686264753341675e-01 1.377869211137294769e-02 6.953550502657890320e-03 -1.944157877005636692e-03 -6.909757980441497138e-02 8.794555261066068497e-02 -9.937258697644829608e-01
6.256347894668579102e-01 3.364658355712890625e-01 1.517345011234283447e-01 1.065237820148468018e-02 -8.366771042346954346e-03 -3.420641412958502769e-03 -6.909757980441497138e-02 8.794555261066068497e-02 -9.937258697644829608e-01
6.261162161827087402e-01 3.356936275959014893e-01 1.515302062034606934e-01 8.604975417256355286e-03 -2.252180315554141998e-02 -4.751212894916534424e-03 -8.959954853419777043e-02 9.855280864470419844e-02 -9.910899378001514215e-01
6.265296339988708496e-01 3.342756330966949463e-01 1.512650102376937866e-01 7.930801250040531158e-03 -3.419746086001396179e-02 -5.856641568243503571e-03 -8.959954853419777043e-02 9.855280864470419844e-02 -9.910899378001514215e-01
6.269493699073791504e-01 3.323632180690765381e-01 1.509522199630737305e-01 8.857476525008678436e-03 -4.229880496859550476e-02 -6.654712371528148651e-03 -8.959954853419777043e-02 9.855280864470419844e-02 -9.910899378001514215e-01
6.274589896202087402e-01 3.301544785499572754e-01 1.506088525056838989e-01 1.152768079191446304e-02 -4.605029895901679993e-02 -7.079987786710262299e-03 -1.141185191745721222e-01 9.738005740700426960e-02 -9.886830068322258747e-01
6.281463503837585449e-01 3.278754353523254395e-01 1.502547562122344971e-01 1.596761867403984070e-02 -4.511165991425514221e-02 -7.083877921104431152e-03 -1.063047138365420807e-01 9.930416995695434679e-02 -9.893624157220100024e-01
6.290964484214782715e-01 3.257558643817901611e-01 1.499116271734237671e-01 2.203576453030109406e-02 -3.967076167464256287e-02 -6.641168612986803055e-03 -1.061816773522906571e-01 1.047245639888371022e-01 -9.888165740368645151e-01
6.303814053535461426e-01 3.240028321743011475e-01 1.496012657880783081e-01 2.936246059834957123e-02 -3.045105561614036560e-02 -5.773376673460006714e-03 -1.061816773522906571e-01 1.047245639888371022e-01 -9.888165740368645151e-01
6.320481896400451660e-01 3.227764368057250977e-01 1.493421494960784912e-01 3.730794787406921387e-02 -1.860441081225872040e-02 -4.591236822307109833e-03 -9.491299540509354205e-02 9.093577069852173955e-02 -9.913234633098818582e-01
6.341053843498229980e-01 3.221738040447235107e-01 1.491463482379913330e-01 4.498062282800674438e-02 -5.501083098351955414e-03 -3.240919671952724457e-03 -9.491299540509354205e-02 9.093577069852173955e-02 -9.913234633098818582e-01
6.365129351615905762e-01 3.222240805625915527e-01 1.490195393562316895e-01 5.132028087973594666e-02 7.511716336011886597e-03 -1.831148052588105202e-03 -7.460638956919604659e-02 9.685673393770777295e-02 -9.924981912952636209e-01
6.391763687133789062e-01 3.228942751884460449e-01 1.489630788564682007e-01 5.521642044186592102e-02 1.929659582674503326e-02 -4.272123042028397322e-04 -6.151760874538138302e-02 1.085835620973986532e-01 -9.921820366517881684e-01
6.419482231140136719e-01 3.241021931171417236e-01 1.489760726690292358e-01 5.565660446882247925e-02 2.902000769972801208e-02 9.467792697250843048e-04 -4.397955361011750275e-02 1.291928218749614499e-01 -9.906437369903667856e-01
6.446367502212524414e-01 3.257315754890441895e-01 1.490564197301864624e-01 5.188363417983055115e-02 3.615510091185569763e-02 2.267115516588091850e-03 -4.397955361011750275e-02 1.291928218749614499e-01 -9.906437369903667856e-01
6.470227837562561035e-01 3.276460468769073486e-01 1.492005288600921631e-01 4.355691745877265930e-02 4.042352735996246338e-02 3.497503697872161865e-03 -3.841610894529731007e-02 1.541355115687085831e-01 -9.873026114849263735e-01
6.488844752311706543e-01 3.297005295753479004e-01 1.494019478559494019e-01 3.091184794902801514e-02 4.175606369972229004e-02 4.558974411338567734e-03 -3.841610894602955073e-02 1.541355115687989830e-01 -9.873026114848836299e-01
6.500287652015686035e-01 3.317519426345825195e-01 1.496493667364120483e-01 1.485941652208566666e-02 4.030098766088485718e-02 5.337696056813001633e-03 -3.677510168924138373e-02 1.590634710892569748e-01 -9.865831967243223755e-01
6.503237485885620117e-01 3.336703181266784668e-01 1.499269604682922363e-01 -3.060863353312015533e-03 3.643437102437019348e-02 5.765808280557394028e-03 -3.677510168924138373e-02 1.590634710892569748e-01 -9.865831967243223755e-01
6.497243642807006836e-01 3.353497385978698730e-01 1.502168923616409302e-01 -2.091525308787822723e-02 3.074274957180023193e-02 5.831493064761161804e-03 -3.265170638690467753e-02 1.626645796538197519e-01 -9.861410145582980569e-01
6.482825875282287598e-01 3.367172777652740479e-01 1.505017727613449097e-01 -3.675559535622596741e-02 2.395915240049362183e-02 5.563930142670869827e-03 -3.265170638690467753e-02 1.626645796538197519e-01 -9.861410145582980569e-01
6.461372375488281250e-01 3.377386033535003662e-01 1.507663726806640625e-01 -4.905873164534568787e-02 1.689375564455986023e-02 5.019780248403549194e-03 -3.198643640238581221e-02 1.651278035920592802e-01 -9.857533547318712008e-01
6.434832811355590820e-01 3.384199440479278564e-01 1.509996801614761353e-01 -5.709863081574440002e-02 1.036016177386045456e-02 4.312225151807069778e-03 -2.554346646621419303e-02 1.649814374338957612e-01 -9.859658496221535007e-01
6.405286788940429688e-01 3.388065397739410400e-01 1.511972248554229736e-01 -6.108614802360534668e-02 5.103964358568191528e-03 3.589842701330780983e-03 -2.524640858073722710e-02 1.695879211990090341e-01 -9.851916340667803418e-01
6.374522447586059570e-01 3.389773666858673096e-01 1.513606607913970947e-01 -6.197194755077362061e-02 1.729204785078763962e-03 2.947769593447446823e-03 -2.665608320470035791e-02 1.465546836935689434e-01 -9.888433535771283811e-01
6.343775391578674316e-01 3.390355110168457031e-01 1.514956206083297729e-01 -6.101732701063156128e-02 5.968642653897404671e-04 2.450827509164810181e-03 -2.665608320470035791e-02 1.465546836935689434e-01 -9.888433535771283811e-01
6.313673853874206543e-01 3.390940725803375244e-01 1.516108810901641846e-01 -5.938892811536788940e-02 1.745589310303330421e-03 2.159306779503822327e-03 -4.718727081340073903e-02 1.203681349877656070e-01 -9.916072173752820129e-01
6.284338831901550293e-01 3.392596840858459473e-01 1.517174988985061646e-01 -5.795072764158248901e-02 4.879465326666831970e-03 2.105613006278872490e-03 -6.505849500124669116e-02 7.493236074884690456e-02 -9.950640851416441279e-01
6.255537867546081543e-01 3.396174013614654541e-01 1.518276333808898926e-01 -5.725396797060966492e-02 9.429178200662136078e-03 2.299995627254247665e-03 -5.198782028427685609e-02 4.042629609200126123e-02 -9.978291342330968261e-01
6.226825714111328125e-01 3.402196168899536133e-01 1.519543975591659546e-01 -5.759561434388160706e-02 1.465989369899034500e-02 2.770507941022515297e-03 -3.238136274951762539e-02 8.635921317412881206e-05 -9.994755824363946717e-01
6.197662949562072754e-01 3.410807251930236816e-01 1.521129459142684937e-01 -5.905624479055404663e-02 1.978411339223384857e-02 3.571255365386605263e-03 -3.556950336797614493e-02 -7.586961213783249489e-03 -9.993384053701208636e-01
6.167517304420471191e-01 3.421772122383117676e-01 1.523202061653137207e-01 -6.152690574526786804e-02 2.407566457986831665e-02 4.719156306236982346e-03 -4.615490061799686766e-02 5.231942179086902702e-04 -9.989341576974696268e-01
6.135957241058349609e-01 3.434538841247558594e-01 1.525911986827850342e-01 -6.471404433250427246e-02 2.699099108576774597e-02 6.120349746197462082e-03 -9.647947931776676422e-02 1.227116112744649871e-02 -9.952593273479817260e-01
6.102745532989501953e-01 3.448352217674255371e-01 1.529345214366912842e-01 -6.813392043113708496e-02 2.826267480850219727e-02 7.612743414938449860e-03 -9.647947931776676422e-02 1.227116112744649871e-02 -9.952593273479817260e-01
6.067926287651062012e-01 3.462398350238800049e-01 1.533497124910354614e-01 -7.114380598068237305e-02 2.792233042418956757e-02 8.994793519377708435e-03 -1.278063000400342375e-01 2.756912284234044538e-02 -9.914159032080231970e-01
6.031891107559204102e-01 3.475923538208007812e-01 1.538244336843490601e-01 -7.299634814262390137e-02 2.617890946567058563e-02 9.993894957005977631e-03 -1.403404840776882323e-01 4.415861938526116637e-02 -9.891180742766899625e-01
5.995412468910217285e-01 3.488265573978424072e-01 1.543332934379577637e-01 -7.291784137487411499e-02 2.318953722715377808e-02 1.036061812192201614e-02 -1.444451802281190578e-01 5.681669043423493576e-02 -9.878802830277393365e-01
5.959611535072326660e-01 3.498799204826354980e-01 1.548410952091217041e-01 -7.028637826442718506e-02 1.894465833902359009e-02 9.951388463377952576e-03 -1.319766560582391612e-01 4.410477737924130281e-02 -9.902711400752891580e-01
5.925830602645874023e-01 3.506887257099151611e-01 1.553098112344741821e-01 -6.483758240938186646e-02 1.340802200138568878e-02 8.797120302915573120e-03 -1.076687127163983154e-01 6.279487653145804371e-02 -9.922017192997563129e-01
5.895436406135559082e-01 3.511928915977478027e-01 1.557065546512603760e-01 -5.674034729599952698e-02 6.759167648851871490e-03 7.072332780808210373e-03 -1.067609499025015118e-01 4.356871723251128092e-02 -9.933296866864640418e-01
5.869624614715576172e-01 3.513484001159667969e-01 1.560083776712417603e-01 -4.650675132870674133e-02 -5.382372764870524406e-04 5.000307224690914154e-03 -1.136102035821433959e-01 6.030708903219091782e-02 -9.916933884283424261e-01
5.849295854568481445e-01 3.511375784873962402e-01 1.562029719352722168e-01 -3.480867668986320496e-02 -7.894209586083889008e-03 2.783702686429023743e-03 -1.507926555326281615e-01 6.205597161366196296e-02 -9.866157465916012281e-01
5.835009813308715820e-01 3.505703508853912354e-01 1.562862992286682129e-01 -2.233485504984855652e-02 -1.479481440037488937e-02 5.493649514392018318e-04 -1.572210872829556405e-01 4.363868965213365397e-02 -9.865988011735115082e-01
5.826994180679321289e-01 3.496775627136230469e-01 1.562600880861282349e-01 -9.726542979478836060e-03 -2.091677673161029816e-02 -1.597555470652878284e-03 -1.572210872829556405e-01 4.363868965213365397e-02 -9.865988011735115082e-01
5.825170874595642090e-01 3.485018908977508545e-01 1.561314016580581665e-01 2.434232970699667931e-03 -2.611039392650127411e-02 -3.550035413354635239e-03 -1.772979642527789945e-01 9.496313150166783845e-02 -9.795649215469168780e-01
5.829187035560607910e-01 3.470911681652069092e-01 1.559123098850250244e-01 1.363127958029508591e-02 -3.031793609261512756e-02 -5.213573575019836426e-03 -1.772979642527789945e-01 9.496313150166783845e-02 -9.795649215469168780e-01
5.838453769683837891e-01 3.454959094524383545e-01 1.556187421083450317e-01 2.343650907278060913e-02 -3.349298611283302307e-02 -6.528927944600582123e-03 -2.044953539142255472e-01 8.577348067727359748e-02 -9.751023332132895405e-01
5.852199196815490723e-01 3.437697887420654297e-01 1.552677601575851440e-01 3.154499828815460205e-02 -3.555211052298545837e-02 -7.510320749133825302e-03 -1.634569714384028483e-01 1.114386379316143066e-01 -9.802363227620835007e-01
5.869539976119995117e-01 3.419716060161590576e-01 1.548749059438705444e-01 3.781719878315925598e-02 -3.637472540140151978e-02 -8.203805424273014069e-03 -1.216422459179321985e-01 1.192268146554004288e-01 -9.853872998335060363e-01
5.889572501182556152e-01 3.401668369770050049e-01 1.544552445411682129e-01 4.231249168515205383e-02 -3.581551462411880493e-02 -8.582811802625656128e-03 -7.810618931233768991e-02 1.384650563185135796e-01 -9.872825590315146282e-01
5.911465287208557129e-01 3.384290039539337158e-01 1.540260314941406250e-01 4.525765404105186462e-02 -3.369826823472976685e-02 -8.585481904447078705e-03 -8.664238432966103742e-02 1.700456911757983192e-01 -9.816198654001538904e-01
5.934518575668334961e-01 3.368409276008605957e-01 1.536064594984054565e-01 4.695555195212364197e-02 -2.982531115412712097e-02 -8.197645656764507294e-03 -8.650095835917524789e-02 1.854518617380783163e-01 -9.788386951785391643e-01
5.958175659179687500e-01 3.354942500591278076e-01 1.532154381275177002e-01 4.767393693327903748e-02 -2.404161728918552399e-02 -7.443299051374197006e-03 -8.870886749101414281e-02 2.121437521091844303e-01 -9.732038662415487540e-01
5.981976389884948730e-01 3.344847857952117920e-01 1.528707444667816162e-01 4.752805829048156738e-02 -1.633675955235958099e-02 -6.344734225422143936e-03 -7.820155900972132479e-02 2.039013559086518823e-01 -9.758630811876541911e-01
6.005461812019348145e-01 3.339037299156188965e-01 1.525886654853820801e-01 4.641431942582130432e-02 -6.905491463840007782e-03 -4.938216414302587509e-03 -4.895227366254206042e-02 1.923241866345541118e-01 -9.801097296408320947e-01
6.028069853782653809e-01 3.338275551795959473e-01 1.523818671703338623e-01 4.401787742972373962e-02 3.858746262267231941e-03 -3.333760891109704971e-03 -4.895227366254206042e-02 1.923241866345541118e-01 -9.801097296408320947e-01
6.049048304557800293e-01 3.343093693256378174e-01 1.522568017244338989e-01 3.989496082067489624e-02 1.541380025446414948e-02 -1.668662414886057377e-03 -1.835293946456455563e-02 1.545683400306306909e-01 -9.878116206398797061e-01
6.067422032356262207e-01 3.353728950023651123e-01 1.522140949964523315e-01 3.359880298376083374e-02 2.712780609726905823e-02 -3.951266990043222904e-05 -1.835293946456455563e-02 1.545683400306306909e-01 -9.878116206398797061e-01
6.082023978233337402e-01 3.370090425014495850e-01 1.522504687309265137e-01 2.480797842144966125e-02 3.831749781966209412e-02 1.494677970185875893e-03 -4.071942089653285413e-02 1.270313631837469148e-01 -9.910625416831825296e-01
6.091585159301757812e-01 3.391740620136260986e-01 1.523609459400177002e-01 1.343641150742769241e-02 4.828347265720367432e-02 2.924215048551559448e-03 -7.941320432467648127e-02 8.873499028362456797e-02 -9.928845071186539473e-01
6.094872951507568359e-01 3.417908549308776855e-01 1.525412499904632568e-01 -2.848488220479339361e-04 5.638876184821128845e-02 4.287686664611101151e-03 -1.072464205385064151e-01 1.700006061910334237e-02 -9.940871205375434450e-01
6.090859174728393555e-01 3.447548151016235352e-01 1.527898907661437988e-01 -1.577084138989448547e-02 6.216999143362045288e-02 5.657662637531757355e-03 -1.072464205385064151e-01 1.700006061910334237e-02 -9.940871205375434450e-01
6.078894138336181641e-01 3.479444384574890137e-01 1.531079113483428955e-01 -3.208967670798301697e-02 6.541541218757629395e-02 7.063130848109722137e-03 -1.257844865756357622e-01 1.579300445005355283e-02 -9.919318746493350769e-01
6.058875322341918945e-01 3.512324690818786621e-01 1.534943878650665283e-01 -4.798525944352149963e-02 6.610522419214248657e-02 8.396013639867305756e-03 -1.524331257998841616e-01 1.959714034868290447e-02 -9.881194736705832815e-01
6.031390428543090820e-01 3.544885516166687012e-01 1.539412736892700195e-01 -6.195427477359771729e-02 6.413748860359191895e-02 9.479306638240814209e-03 -1.551303176685231711e-01 1.099771344246091978e-05 -9.878940147693543450e-01
5.997775793075561523e-01 3.575685918331146240e-01 1.544339209794998169e-01 -7.250478118658065796e-02 5.906371027231216431e-02 1.022645551711320877e-02 -1.609600876966503502e-01 -3.494529544302832358e-02 -9.863420687028847667e-01
5.959974527359008789e-01 3.603020608425140381e-01 1.549561321735382080e-01 -7.870083302259445190e-02 5.027451366186141968e-02 1.066186558455228806e-02 -1.431748230669397381e-01 -3.882383949238410459e-02 -9.889356296164175664e-01
5.920136570930480957e-01 3.625003397464752197e-01 1.554931849241256714e-01 -8.065208792686462402e-02 3.765694424510002136e-02 1.082047168165445328e-02 -1.342922991685071010e-01 -4.206547185915807813e-02 -9.900485212651461975e-01
5.880149602890014648e-01 3.639932274818420410e-01 1.560326963663101196e-01 -7.929506897926330566e-02 2.205813862383365631e-02 1.075993943959474564e-02 -1.281988759236681319e-01 -1.685660570978865166e-02 -9.916052153220317189e-01
5.841439962387084961e-01 3.646717965602874756e-01 1.565654426813125610e-01 -7.554312050342559814e-02 5.085121840238571167e-03 1.054974738508462906e-02 -1.376982479642493706e-01 1.208272386585194404e-02 -9.904005251864305137e-01
5.805153250694274902e-01 3.645123839378356934e-01 1.570831984281539917e-01 -6.960457563400268555e-02 -1.146195549517869949e-02 1.016043219715356827e-02 -1.523002603768832119e-01 1.143387488110606323e-02 -9.882681302118049294e-01
5.772508382797241211e-01 3.635744154453277588e-01 1.575723141431808472e-01 -6.097597628831863403e-02 -2.605632878839969635e-02 9.404207579791545868e-03 -1.614987734019992238e-01 2.472412993433339631e-02 -9.865631574241153778e-01
5.745022892951965332e-01 3.619814217090606689e-01 1.580079942941665649e-01 -4.896527156233787537e-02 -3.766378387808799744e-02 8.022925816476345062e-03 -1.614987734019992238e-01 2.472412993433339631e-02 -9.865631574241153778e-01
5.724450945854187012e-01 3.598947823047637939e-01 1.583545804023742676e-01 -3.332306817173957825e-02 -4.580122977495193481e-02 5.840305238962173462e-03 -1.614987734048493051e-01 2.472412993432659620e-02 -9.865631574236489731e-01
5.712465047836303711e-01 3.574868142604827881e-01 1.585715115070343018e-01 -1.462007500231266022e-02 -5.051736161112785339e-02 2.836892614141106606e-03 -1.744245317790041883e-01 2.835462912788542719e-02 -9.842622098397840746e-01
5.710250139236450195e-01 3.549158573150634766e-01 1.586217135190963745e-01 5.759743507951498032e-03 -5.232141166925430298e-02 -8.289514807984232903e-04 -1.733368075656460117e-01 2.458183194463463631e-02 -9.845557803797587715e-01
5.718168616294860840e-01 3.523064553737640381e-01 1.584792584180831909e-01 2.591436728835105896e-02 -5.205501243472099304e-02 -4.869308788329362869e-03 -1.738433961854615739e-01 2.661462873280526914e-02 -9.844135996308255310e-01
5.735612511634826660e-01 3.497372567653656006e-01 1.581343561410903931e-01 4.386065527796745300e-02 -5.071266368031501770e-02 -8.926838636398315430e-03 -1.766529368862049809e-01 3.621965454795390837e-02 -9.836065659154098473e-01
5.761071443557739258e-01 3.472383022308349609e-01 1.575948297977447510e-01 5.797543376684188843e-02 -4.924605786800384521e-02 -1.265440415591001511e-02 -1.927449779268001762e-01 6.320059655896323458e-02 -9.792114470718713548e-01
5.792388916015625000e-01 3.447974026203155518e-01 1.568841040134429932e-01 6.729471683502197266e-02 -4.838993772864341736e-02 -1.577462628483772278e-02 -1.989170857741863474e-01 6.674275419402642129e-02 -9.777409665896692470e-01
5.827099084854125977e-01 3.423734009265899658e-01 1.560373455286026001e-01 7.154560834169387817e-02 -4.857012256979942322e-02 -1.809544861316680908e-02 -2.169127319306132506e-01 1.009172683280001592e-01 -9.709606437325934980e-01
5.862712264060974121e-01 3.399114310741424561e-01 1.550961881875991821e-01 7.090676575899124146e-02 -4.990843683481216431e-02 -1.955095864832401276e-02 -1.495705507561034264e-01 1.409048320935037679e-01 -9.786595315211604751e-01
5.896869897842407227e-01 3.373573124408721924e-01 1.541047096252441406e-01 6.572397798299789429e-02 -5.225641280412673950e-02 -2.010810188949108124e-02 -8.664238432966103742e-02 1.700456911757983192e-01 -9.816198654001538904e-01
5.927396416664123535e-01 3.346720933914184570e-01 1.531094014644622803e-01 5.638143420219421387e-02 -5.515238642692565918e-02 -1.970433257520198822e-02 -9.772619439362432991e-02 1.973005708992191520e-01 -9.754599303150190970e-01
5.952341556549072266e-01 3.318497836589813232e-01 1.521596014499664307e-01 4.339848458766937256e-02 -5.773940682411193848e-02 -1.828795112669467926e-02 -9.980849923100733323e-02 1.915326746314380546e-01 -9.763982271736167950e-01
5.970099568367004395e-01 3.289358913898468018e-01 1.513063013553619385e-01 2.763392776250839233e-02 -5.881621688604354858e-02 -1.584409549832344055e-02 -7.629838273815743588e-02 1.617764096017904052e-01 -9.838734421082293569e-01
5.979592800140380859e-01 3.260384500026702881e-01 1.505993008613586426e-01 1.033943798393011093e-02 -5.708108469843864441e-02 -1.243609003722667694e-02 -7.629838273815743588e-02 1.617764096017904052e-01 -9.838734421082293569e-01
5.980433821678161621e-01 3.233234584331512451e-01 1.500845402479171753e-01 -6.975914351642131805e-03 -5.151854455471038818e-02 -8.154074661433696747e-03 -6.214377708115970816e-02 1.352490606341302526e-01 -9.888608813001312781e-01
5.972989201545715332e-01 3.209909200668334961e-01 1.498019844293594360e-01 -2.280252054333686829e-02 -4.178299382328987122e-02 -3.148356685414910316e-03 -7.468801656182420812e-02 1.251945179835495803e-01 -9.893169526733722741e-01
5.958322882652282715e-01 3.192364275455474854e-01 1.497803330421447754e-01 -3.586279973387718201e-02 -2.839701250195503235e-02 2.282439265400171280e-03 -7.468801656182420812e-02 1.251945179835495803e-01 -9.893169526733722741e-01
5.938051939010620117e-01 3.182090222835540771e-01 1.500293016433715820e-01 -4.522070661187171936e-02 -1.269870065152645111e-02 7.676290348172187805e-03 -1.246760487795461753e-01 1.384387281767816003e-01 -9.824920363033561310e-01
5.914161205291748047e-01 3.179776668548583984e-01 1.505324393510818481e-01 -5.034297704696655273e-02 3.444794332608580589e-03 1.244946010410785675e-02 -1.246760487795461753e-01 1.384387281767816003e-01 -9.824920363033561310e-01
5.888782143592834473e-01 3.185156285762786865e-01 1.512430906295776367e-01 -5.117218568921089172e-02 1.807333342730998993e-02 1.597687415778636932e-02 -2.216656489353651394e-01 1.687884481958684957e-01 -9.604034568011998729e-01
5.863943696022033691e-01 3.197066485881805420e-01 1.520866155624389648e-01 -4.818269982933998108e-02 2.956800162792205811e-02 1.776389591395854950e-02 -2.467468248204454373e-01 1.992880161424214203e-01 -9.483671710160820334e-01
5.841306447982788086e-01 3.213703930377960205e-01 1.529722362756729126e-01 -4.236552864313125610e-02 3.698176518082618713e-02 1.766117103397846222e-02 -2.585818510535005665e-01 1.963564631484944478e-01 -9.458221638783684826e-01
5.821943879127502441e-01 3.232995271682739258e-01 1.538127660751342773e-01 -3.508501872420310974e-02 4.018358886241912842e-02 1.596018299460411072e-02 -2.766703561060123162e-01 2.096105470303405161e-01 -9.378256408436557168e-01
5.806220173835754395e-01 3.252982795238494873e-01 1.545438766479492188e-01 -2.781016379594802856e-02 3.976675495505332947e-02 1.328404620289802551e-02 -2.766990204041002710e-01 1.553734479330227125e-01 -9.483125770455728132e-01
5.793818235397338867e-01 3.272119164466857910e-01 1.551343202590942383e-01 -2.179658971726894379e-02 3.677926957607269287e-02 1.033340021967887878e-02 -2.585213525039500304e-01 7.423753675860012002e-02 -9.631487415937083352e-01
5.783910155296325684e-01 3.289409875869750977e-01 1.555853784084320068e-01 -1.783544942736625671e-02 3.238318115472793579e-02 7.708743680268526077e-03 -2.585213525039500304e-01 7.423753675860012002e-02 -9.631487415937083352e-01
5.775403380393981934e-01 3.304407000541687012e-01 1.559234261512756348e-01 -1.619241386651992798e-02 2.760548144578933716e-02 5.812900140881538391e-03 -2.571307290118019506e-01 7.436487596257089494e-02 -9.635111070553006307e-01
5.767174959182739258e-01 3.317114412784576416e-01 1.561885774135589600e-01 -1.672124862670898438e-02 2.322422899305820465e-02 4.793144762516021729e-03 -2.571307290118019506e-01 7.436487596257089494e-02 -9.635111070553006307e-01
5.758237242698669434e-01 3.327850401401519775e-01 1.564229577779769897e-01 -1.902862638235092163e-02 1.971985958516597748e-02 4.581873305141925812e-03 -2.340567317661063906e-01 7.737428531431536638e-02 -9.691391367007462510e-01
5.747831463813781738e-01 3.337101042270660400e-01 1.566619724035263062e-01 -2.259523980319499969e-02 1.728313229978084564e-02 4.978944081813097000e-03 -2.340567317661063906e-01 7.737428531431536638e-02 -9.691391367007462510e-01
5.735471248626708984e-01 3.345389664173126221e-01 1.569301187992095947e-01 -2.684587612748146057e-02 1.587121933698654175e-02 5.747196730226278305e-03 -2.202004259071851655e-01 7.652608818201998842e-02 -9.724482146910713443e-01
5.720965266227722168e-01 3.353180289268493652e-01 1.572402864694595337e-01 -3.117768466472625732e-02 1.529096439480781555e-02 6.659380160272121429e-03 -2.202004259071851655e-01 7.652608818201998842e-02 -9.724482146910713443e-01
5.704422593116760254e-01 3.360820114612579346e-01 1.575945168733596802e-01 -3.499414771795272827e-02 1.526850275695323944e-02 7.510068360716104507e-03 -2.202004259071851655e-01 7.652608818201998842e-02 -9.724482146910713443e-01
5.686221718788146973e-01 3.368512988090515137e-01 1.579858958721160889e-01 -3.780898451805114746e-02 1.550338696688413620e-02 8.144852705299854279e-03 -1.918971664101177255e-01 7.392130353277497068e-02 -9.786271600593265951e-01
5.666924715042114258e-01 3.376321494579315186e-01 1.584018319845199585e-01 -3.937914595007896423e-02 1.573042199015617371e-02 8.492656983435153961e-03 -1.918971664101177255e-01 7.392130353277497068e-02 -9.786271600593265951e-01
5.647119283676147461e-01 3.384206295013427734e-01 1.588289439678192139e-01 -3.984221443533897400e-02 1.580879837274551392e-02 8.591695688664913177e-03 -1.918971664101177255e-01 7.392130353277497068e-02 -9.786271600593265951e-01
