x y z nx ny nz
5.851591229438781738e-01 2.370023727416992188e-01 1.665690690279006958e-01 4.324688389897346497e-02 -2.264077775180339813e-02 -2.149981912225484848e-03 -1.414959082385898459e-01 1.164006660194952941e-03 -9.899381561684706954e-01
5.880403518676757812e-01 2.354956269264221191e-01 1.664381921291351318e-01 7.200182229280471802e-02 -3.762898966670036316e-02 -3.085139207541942596e-03 -1.143482058686915159e-01 -3.211650854307401132e-02 -9.929214559528934947e-01
5.921692252159118652e-01 2.334763407707214355e-01 1.662743687629699707e-01 9.315238893032073975e-02 -4.314223676919937134e-02 -3.467555856332182884e-03 -1.143482058686915159e-01 -3.211650854307401132e-02 -9.929214559528934947e-01
5.971739888191223145e-01 2.313649058341979980e-01 1.661002933979034424e-01 1.070393100380897522e-01 -4.131522402167320251e-02 -3.495736280456185341e-03 -6.501863561106090150e-02 -1.118637502003031609e-01 -9.915942105581294630e-01
6.027153730392456055e-01 2.294707000255584717e-01 1.659257560968399048e-01 1.146158725023269653e-01 -3.445324301719665527e-02 -3.485729219391942024e-03 -1.135763795383813723e-02 -1.253853028307820583e-01 -9.920431088879870796e-01
6.085036993026733398e-01 2.279900312423706055e-01 1.657489240169525146e-01 1.169168278574943542e-01 -2.477323636412620544e-02 -3.587737912312150002e-03 -2.417442557507152538e-03 -1.217001489599655456e-01 -9.925639675671302786e-01
6.142913699150085449e-01 2.270213514566421509e-01 1.655669361352920532e-01 1.145898401737213135e-01 -1.397387869656085968e-02 -3.691837191581726074e-03 -1.653811330006086863e-02 -9.846708424848693575e-02 -9.950028764411064097e-01
6.198521256446838379e-01 2.265946418046951294e-01 1.653817296028137207e-01 1.078392714262008667e-01 -3.094485960900783539e-03 -3.716352861374616623e-03 -7.775888671171018183e-04 -6.884798020144622388e-02 -9.976268595901651715e-01
6.249658465385437012e-01 2.267015874385833740e-01 1.651967614889144897e-01 9.670959413051605225e-02 7.372049149125814438e-03 -3.682426409795880318e-03 6.972617661045159981e-03 -5.940432769046616324e-02 -9.982096515525166192e-01
6.294192671775817871e-01 2.273162305355072021e-01 1.650135368108749390e-01 8.142758160829544067e-02 1.721361838281154633e-02 -3.646534634754061699e-03 -7.174150330594393499e-02 -6.790997187500456833e-02 -9.951087339689764777e-01
6.330217719078063965e-01 2.284017205238342285e-01 1.648323833942413330e-01 6.267214566469192505e-02 2.620595134794712067e-02 -3.599304007366299629e-03 -7.174150330594393499e-02 -6.790997187500456833e-02 -9.951087339689764777e-01
6.356294155120849609e-01 2.299051284790039062e-01 1.646555513143539429e-01 4.163262248039245605e-02 3.393040969967842102e-02 -3.473847173154354095e-03 -1.734752966051378575e-01 -1.128227774366313829e-01 -9.783544052935233548e-01
6.371659040451049805e-01 2.317485809326171875e-01 1.644887477159500122e-01 1.982630975544452667e-02 3.980755433440208435e-02 -3.198251593858003616e-03 -1.734752966051378575e-01 -1.128227774366313829e-01 -9.783544052935233548e-01
6.376321911811828613e-01 2.338267117738723755e-01 1.643407642841339111e-01 -1.174682169221341610e-03 4.331745952367782593e-02 -2.720826305449008942e-03 -1.734752966051378575e-01 -1.128227774366313829e-01 -9.783544052935233548e-01
6.371039152145385742e-01 2.360162585973739624e-01 1.642209440469741821e-01 -1.995703205466270447e-02 4.426412656903266907e-02 -2.072230912744998932e-03 -1.686936021537221719e-01 -1.164154851778000099e-01 -9.787695864713098493e-01
6.357209682464599609e-01 2.381959110498428345e-01 1.641353815793991089e-01 -3.536097705364227295e-02 4.292172193527221680e-02 -1.350474311038851738e-03 -1.637513827642286535e-01 -9.935378571854711072e-02 -9.814857665316376600e-01
6.336736679077148438e-01 2.402679920196533203e-01 1.640841215848922729e-01 -4.653076082468032837e-02 3.996133804321289062e-02 -7.000674959272146225e-04 -1.675833226267816056e-01 -5.807429963933655181e-02 -9.841459270335719545e-01
6.311862468719482422e-01 2.421723604202270508e-01 1.640606671571731567e-01 -5.296584963798522949e-02 3.621333837509155273e-02 -2.381837985012680292e-04 -9.567591169264882955e-02 -5.001056274357738168e-02 -9.941554523985930425e-01
6.284976005554199219e-01 2.438878566026687622e-01 1.640551090240478516e-01 -5.458039045333862305e-02 3.240624070167541504e-02 1.601729127287399024e-05 -4.500723221872412333e-02 -2.521495433353283105e-02 -9.986683909706802753e-01
6.258397698402404785e-01 2.454236298799514771e-01 1.640586704015731812e-01 -5.173226818442344666e-02 2.902484126389026642e-02 1.265825849259272218e-04 1.738741894585625614e-02 1.441069403548145972e-03 -9.998477889055790158e-01
6.234174966812133789e-01 2.468070685863494873e-01 1.640656292438507080e-01 -4.515966773033142090e-02 2.631260268390178680e-02 1.515853800810873508e-04 4.911184926903586212e-02 3.437185516290023691e-04 -9.987932259066102381e-01
6.213928461074829102e-01 2.480735927820205688e-01 1.640729010105133057e-01 -3.582653030753135681e-02 2.434818446636199951e-02 1.393102138536050916e-04 4.365443859274867333e-02 -2.765153019236887486e-03 -9.990428639042131520e-01
6.198784708976745605e-01 2.492603808641433716e-01 1.640795320272445679e-01 -2.474898286163806915e-02 2.312356047332286835e-02 1.260758290300145745e-04 4.365443859274867333e-02 -2.765153019236887486e-03 -9.990428639042131520e-01
6.189378499984741211e-01 2.504031956195831299e-01 1.640846878290176392e-01 -1.287495251744985580e-02 2.258908562362194061e-02 8.012870966922491789e-05 7.756214107446349204e-02 -1.236050451948197786e-02 -9.969108948135581016e-01
6.185903549194335938e-01 2.515346705913543701e-01 1.640855967998504639e-01 -1.025316538289189339e-03 2.267046086490154266e-02 -4.393566632643342018e-05 7.756214107446349204e-02 -1.236050451948197786e-02 -9.969108948135581016e-01
6.188179254531860352e-01 2.526829838752746582e-01 1.640778481960296631e-01 1.012737862765789032e-02 2.326246351003646851e-02 -2.662696933839470148e-04 7.935223565953830605e-02 -6.393475545184242395e-03 -9.968261363769944650e-01
6.195727586746215820e-01 2.538702487945556641e-01 1.640559881925582886e-01 2.006480470299720764e-02 2.422798238694667816e-02 -6.082166801206767559e-04 7.935223565953830605e-02 -6.393475545184242395e-03 -9.968261363769944650e-01
6.207851171493530273e-01 2.551113069057464600e-01 1.640134900808334351e-01 2.842841111123561859e-02 2.541464008390903473e-02 -1.091972459107637405e-03 3.881299925925923988e-02 -5.379245173068427505e-02 -9.977975361882303051e-01
6.223711371421813965e-01 2.564133405685424805e-01 1.639436334371566772e-01 3.501233085989952087e-02 2.666662633419036865e-02 -1.702416571788489819e-03 3.881299925925923988e-02 -5.379245173068427505e-02 -9.977975361882303051e-01
6.242399811744689941e-01 2.577764093875885010e-01 1.638412922620773315e-01 3.974157944321632385e-02 2.785568870604038239e-02 -2.391075715422630310e-03 -1.847596674987498841e-02 -5.720818099462391532e-02 -9.981912956332286146e-01
6.262988448143005371e-01 2.591948509216308594e-01 1.637047678232192993e-01 4.261389747262001038e-02 2.888170629739761353e-02 -3.070177277550101280e-03 -4.577036193531974773e-02 -8.981455299425897265e-02 -9.949062368066405870e-01
6.284543275833129883e-01 2.606569230556488037e-01 1.635368019342422485e-01 4.360643774271011353e-02 2.960154414176940918e-02 -3.648443846032023430e-03 -7.635997715461206869e-02 -9.397968816055761454e-02 -9.926414116387607400e-01
6.306113600730895996e-01 2.621416449546813965e-01 1.633440256118774414e-01 4.267442971467971802e-02 2.978677302598953247e-02 -4.062662832438945770e-03 -9.387875290277442053e-02 -7.431902237518994703e-02 -9.928058534600892049e-01
6.326756477355957031e-01 2.636148333549499512e-01 1.631360054016113281e-01 3.989588841795921326e-02 2.914085797965526581e-02 -4.258154425770044327e-03 -9.387875290277442053e-02 -7.431902237518994703e-02 -9.928058534600892049e-01
6.345646381378173828e-01 2.650277018547058105e-01 1.629234850406646729e-01 3.566417470574378967e-02 2.737357839941978455e-02 -4.242733586579561234e-03 -8.339381346608112922e-02 -3.955955562527470326e-02 -9.957311451553151338e-01
6.362252235412597656e-01 2.663193941116333008e-01 1.627142131328582764e-01 3.075928241014480591e-02 2.429375611245632172e-02 -4.128411412239074707e-03 -1.402597708523652398e-01 -2.995991989861453500e-02 -9.896613561608388343e-01
6.376486420631408691e-01 2.674228847026824951e-01 1.625091731548309326e-01 2.617718465626239777e-02 1.984589919447898865e-02 -4.073039628565311432e-03 -1.446357684126365062e-01 -1.208855355485993419e-02 -9.894111184773685119e-01
6.388745307922363281e-01 2.682716250419616699e-01 1.623020470142364502e-01 2.285869792103767395e-02 1.410358399152755737e-02 -4.212241619825363159e-03 -1.446357684126365062e-01 -1.208855355485993419e-02 -9.894111184773685119e-01
6.399827003479003906e-01 2.688050866127014160e-01 1.620809584856033325e-01 2.146848104894161224e-02 7.234648335725069046e-03 -4.631576128304004669e-03 -1.742721930241640793e-01 -2.196561529034911711e-02 -9.844524947814723426e-01
6.410757899284362793e-01 2.689728736877441406e-01 1.618317514657974243e-01 2.225489355623722076e-02 -5.228076479397714138e-04 -5.336862523108720779e-03 -1.742721930241640793e-01 -2.196561529034911711e-02 -9.844524947814723426e-01
6.422581076622009277e-01 2.687384486198425293e-01 1.615416854619979858e-01 2.503779530525207520e-02 -8.854628540575504303e-03 -6.265536416321992874e-03 -1.910503262252572498e-01 -2.143531245398240179e-02 -9.813461673778640648e-01
6.436158418655395508e-01 2.680827081203460693e-01 1.612024307250976562e-01 2.927093207836151123e-02 -1.737458258867263794e-02 -7.304772734642028809e-03 -1.910503262252572498e-01 -2.143531245398240179e-02 -9.813461673778640648e-01
6.452009081840515137e-01 2.670070827007293701e-01 1.608129292726516724e-01 3.413257002830505371e-02 -2.565099671483039856e-02 -8.275005966424942017e-03 -1.913633005486028715e-01 -9.474901814679049031e-03 -9.814735418933855371e-01
6.470200419425964355e-01 2.655343711376190186e-01 1.603828221559524536e-01 3.863320872187614441e-02 -3.325777873396873474e-02 -8.929525502026081085e-03 -2.010881415277459838e-01 -2.515840768535309267e-03 -9.795699208735150210e-01
6.490295529365539551e-01 2.637065649032592773e-01 1.599345505237579346e-01 4.174816235899925232e-02 -3.985411301255226135e-02 -9.001278318464756012e-03 -1.957275495511024976e-01 1.821069334673096340e-02 -9.804892130934189654e-01
6.511378288269042969e-01 2.615784406661987305e-01 1.595019102096557617e-01 4.258318245410919189e-02 -4.527085646986961365e-02 -8.304124698042869568e-03 -1.969382765923272660e-01 4.031699297748142508e-02 -9.795865736565082527e-01
6.532166004180908203e-01 2.592078447341918945e-01 1.591246277093887329e-01 4.056808724999427795e-02 -4.955239593982696533e-02 -6.787025369703769684e-03 -2.185802688455111276e-01 3.213754012756239037e-02 -9.752896208737041883e-01
6.551203131675720215e-01 2.566465735435485840e-01 1.588420271873474121e-01 3.558031097054481506e-02 -5.289829894900321960e-02 -4.516760818660259247e-03 -2.031402848128996685e-01 1.338386520029056018e-02 -9.790581682599018842e-01
6.567079424858093262e-01 2.539363205432891846e-01 1.586868017911911011e-01 2.792376652359962463e-02 -5.551196262240409851e-02 -1.692206249572336674e-03 -1.777668168308235153e-01 -3.780592814847211908e-02 -9.833461601230102378e-01
6.578612327575683594e-01 2.511129975318908691e-01 1.586784869432449341e-01 1.820826716721057892e-02 -5.742130428552627563e-02 1.359764952212572098e-03 -1.777668168308235153e-01 -3.780592814847211908e-02 -9.833461601230102378e-01
6.584969162940979004e-01 2.482181191444396973e-01 1.588188707828521729e-01 7.218239363282918930e-03 -5.837374925613403320e-02 4.255350679159164429e-03 -1.273877556846131909e-01 -8.649070022750450504e-02 -9.880747534846708868e-01
6.585729718208312988e-01 2.453125417232513428e-01 1.590926945209503174e-01 -4.176171030849218369e-03 -5.784942954778671265e-02 6.697438191622495651e-03 -1.273877556846131909e-01 -8.649070022750450504e-02 -9.880747534846708868e-01
6.580916047096252441e-01 2.424864768981933594e-01 1.594725847244262695e-01 -1.507745869457721710e-02 -5.519336089491844177e-02 8.498096838593482971e-03 -1.312763295965801991e-01 -1.218873110922878977e-01 -9.838241756941846772e-01
6.570995450019836426e-01 2.398607581853866577e-01 1.599227637052536011e-01 -2.460472099483013153e-02 -4.983535036444664001e-02 9.509084746241569519e-03 -1.347854091747223981e-01 -1.278921503623681177e-01 -9.825866329984811465e-01
6.556853652000427246e-01 2.375770211219787598e-01 1.604012995958328247e-01 -3.196229040622711182e-02 -4.151409491896629333e-02 9.632349014282226562e-03 -1.449636287959162051e-01 -1.488068564201633359e-01 -9.781830430991270697e-01
6.539727449417114258e-01 2.357784062623977661e-01 1.608632504940032959e-01 -3.654258698225021362e-02 -3.043053485453128815e-02 8.845646865665912628e-03 -1.449636287959162051e-01 -1.488068564201633359e-01 -9.781830430991270697e-01
6.521083116531372070e-01 2.345859259366989136e-01 1.612655669450759888e-01 -3.803509846329689026e-02 -1.726867072284221649e-02 7.247258909046649933e-03 -1.560965521517586607e-01 -1.588019149353500359e-01 -9.748927213889736487e-01
6.502448916435241699e-01 2.340771257877349854e-01 1.615739166736602783e-01 -3.650187700986862183e-02 -3.083287738263607025e-03 5.086919292807579041e-03 -1.630763878823316970e-01 -1.644468473121133978e-01 -9.728120713284542642e-01
6.485221982002258301e-01 2.342729568481445312e-01 1.617699712514877319e-01 -3.240622580051422119e-02 1.091640349477529526e-02 2.755006775259971619e-03 -1.630763878823316970e-01 -1.644468473121133978e-01 -9.728120713284542642e-01
6.470471024513244629e-01 2.351364195346832275e-01 1.618560552597045898e-01 -2.659652568399906158e-02 2.362191863358020782e-02 6.883387686684727669e-04 -1.765958709339261468e-01 -1.854096222483626599e-01 -9.666629041940149047e-01
6.458764076232910156e-01 2.365834414958953857e-01 1.618548482656478882e-01 -2.023216523230075836e-02 3.425916656851768494e-02 -7.364317425526678562e-04 -1.765958709339261468e-01 -1.854096222483626599e-01 -9.666629041940149047e-01
6.450043916702270508e-01 2.385026663541793823e-01 1.618029326200485229e-01 -1.464857347309589386e-02 4.250981286168098450e-02 -1.340303104370832443e-03 -2.113634836747022849e-01 -1.397877660793042653e-01 -9.673597356833968375e-01
6.443604826927185059e-01 2.407780140638351440e-01 1.617408990859985352e-01 -1.110670901834964752e-02 4.850417748093605042e-02 -1.141168642789125443e-03 -2.113634836747022849e-01 -1.397877660793042653e-01 -9.673597356833968375e-01
6.438206434249877930e-01 2.433077096939086914e-01 1.617052555084228516e-01 -1.048663165420293808e-02 5.268346518278121948e-02 -2.848092117346823215e-04 -2.188444574282077393e-01 -5.520093215597593472e-02 -9.741970850603406396e-01
6.432327032089233398e-01 2.460128962993621826e-01 1.617223024368286133e-01 -1.303180586546659470e-02 5.552418529987335205e-02 9.667475824244320393e-04 -2.461220600427826977e-01 -9.807054754159496082e-03 -9.691892246797555455e-01
6.424514055252075195e-01 2.488338500261306763e-01 1.618034243583679199e-01 -1.821904629468917847e-02 5.731402710080146790e-02 2.278296742588281631e-03 -2.461220600427826977e-01 -9.807054754159496082e-03 -9.691892246797555455e-01
6.413736343383789062e-01 2.517203390598297119e-01 1.619425266981124878e-01 -2.489072270691394806e-02 5.814570188522338867e-02 3.286013612523674965e-03 -2.621032556116239531e-01 1.024999672646958321e-02 -9.649853993521845252e-01
6.399614214897155762e-01 2.546263933181762695e-01 1.621187180280685425e-01 -3.159895911812782288e-02 5.809589475393295288e-02 3.761682892218232155e-03 -2.539295642604554870e-01 -5.224834616921340651e-03 -9.672086008176938865e-01
6.382462978363037109e-01 2.575142085552215576e-01 1.623050421476364136e-01 -3.700553253293037415e-02 5.741683021187782288e-02 3.691491903737187386e-03 -2.148017044282477805e-01 -4.331307675807011953e-02 -9.756967793092633512e-01
6.363176703453063965e-01 2.603626251220703125e-01 1.624769419431686401e-01 -4.013844206929206848e-02 5.651928856968879700e-02 3.184504574164748192e-03 -1.893686990290459893e-01 -5.071517756998970838e-02 -9.805954653118129638e-01
6.343041062355041504e-01 2.631684839725494385e-01 1.626163423061370850e-01 -4.040423035621643066e-02 5.571529641747474670e-02 2.391458954662084579e-03 -1.241074680715479328e-01 -5.218365855418584387e-02 -9.908956565384519077e-01
6.323568224906921387e-01 2.659351527690887451e-01 1.627127230167388916e-01 -3.748768568038940430e-02 5.495098233222961426e-02 1.463595079258084297e-03 -8.339381346608112922e-02 -3.955955562527470326e-02 -9.957311451553151338e-01
6.306364536285400391e-01 2.686534225940704346e-01 1.627622693777084351e-01 -3.132807835936546326e-02 5.377971008419990540e-02 5.181269953027367592e-04 -4.926621658412400073e-02 -5.620694173628215662e-02 -9.972028979110220126e-01
6.292985081672668457e-01 2.712875902652740479e-01 1.627667844295501709e-01 -2.219024300575256348e-02 5.158736929297447205e-02 -3.376177628524601460e-04 -1.141975101051039693e-02 -5.868765593228825878e-02 -9.982110740349613431e-01
6.284758448600769043e-01 2.737741172313690186e-01 1.627343595027923584e-01 -1.071640942245721817e-02 4.787342995405197144e-02 -9.595181327313184738e-04 -1.141975101051039693e-02 -5.868765593228825878e-02 -9.982110740349613431e-01
6.282608509063720703e-01 2.760318815708160400e-01 1.626787781715393066e-01 2.115475013852119446e-03 4.243722185492515564e-02 -1.264018821530044079e-03 -1.098014149420843168e-02 -5.721315540780783776e-02 -9.983016033940089740e-01
6.286920309066772461e-01 2.779788076877593994e-01 1.626140177249908447e-01 1.513130310922861099e-02 3.543971106410026550e-02 -1.326612895354628563e-03 -1.305977338897426664e-03 -7.394048074643082280e-02 -9.972618009971989661e-01
6.297491192817687988e-01 2.795494496822357178e-01 1.625479608774185181e-01 2.715188823640346527e-02 2.738543041050434113e-02 -1.315470784902572632e-03 -1.305977338897426664e-03 -7.394048074643082280e-02 -9.972618009971989661e-01
6.313576698303222656e-01 2.807099819183349609e-01 1.624791473150253296e-01 3.719049692153930664e-02 1.903554238379001617e-02 -1.437350292690098286e-03 -3.137590167494620774e-02 -7.288675389273024940e-02 -9.968465648729820661e-01
6.334032416343688965e-01 2.814666926860809326e-01 1.623969227075576782e-01 4.463325813412666321e-02 1.123307179659605026e-02 -1.851569046266376972e-03 -4.238057743307101916e-02 -7.276234489178964870e-02 -9.964484571819495207e-01
6.357528567314147949e-01 2.818641066551208496e-01 1.622863709926605225e-01 4.935180395841598511e-02 4.663802683353424072e-03 -2.570537850260734558e-03 -4.238057743307101916e-02 -7.276234489178964870e-02 -9.964484571819495207e-01
6.382786035537719727e-01 2.819714844226837158e-01 1.621347963809967041e-01 5.167844146490097046e-02 -3.681181115098297596e-04 -3.492665477097034454e-03 -9.135469578295975224e-02 -2.327683207967725168e-02 -9.955463367642598538e-01
6.408762335777282715e-01 2.818613946437835693e-01 1.619354933500289917e-01 5.222786590456962585e-02 -4.035715479403734207e-03 -4.479405004531145096e-03 -1.430550692966889026e-01 1.936410452952147879e-02 -9.895252794154827392e-01
6.434727907180786133e-01 2.815878987312316895e-01 1.616879701614379883e-01 5.163401365280151367e-02 -6.903609726577997208e-03 -5.421680863946676254e-03 -1.430550692966889026e-01 1.936410452952147879e-02 -9.895252794154827392e-01
6.460218429565429688e-01 2.811725437641143799e-01 1.613955348730087280e-01 5.032904073596000671e-02 -9.710527025163173676e-03 -6.275750696659088135e-03 -1.598519734367897793e-01 4.991224953770579537e-02 -9.858783464162551580e-01
6.484912633895874023e-01 2.806017696857452393e-01 1.610638648271560669e-01 4.844701662659645081e-02 -1.311998628079891205e-02 -6.991018075495958328e-03 -1.402356862335621124e-01 7.162941632789225632e-02 -9.875237612438130252e-01
6.508482694625854492e-01 2.798355221748352051e-01 1.607025414705276489e-01 4.583434015512466431e-02 -1.752941124141216278e-02 -7.462190929800271988e-03 -1.321235294739567800e-01 6.332345339371536763e-02 -9.892085286771633568e-01
6.530470252037048340e-01 2.788227498531341553e-01 1.603255867958068848e-01 4.211607947945594788e-02 -2.298153378069400787e-02 -7.616214454174041748e-03 -1.321235294739567800e-01 6.332345339371536763e-02 -9.892085286771633568e-01
6.550205349922180176e-01 2.775187194347381592e-01 1.599490344524383545e-01 3.682510554790496826e-02 -2.917987853288650513e-02 -7.446140516549348831e-03 -1.202105569157456977e-01 6.953217292400891425e-02 -9.903104053439365506e-01
6.566807627677917480e-01 2.758995592594146729e-01 1.595897674560546875e-01 2.958500385284423828e-02 -3.558706119656562805e-02 -6.924423854798078537e-03 -1.203529788774781312e-01 7.054640963501004891e-02 -9.902213714927217136e-01
6.579273343086242676e-01 2.739709019660949707e-01 1.592668443918228149e-01 2.027820423245429993e-02 -4.155872017145156860e-02 -5.992440041154623032e-03 -1.270826567712037281e-01 5.912347310483355434e-02 -9.901284832151807658e-01
6.586632132530212402e-01 2.717700600624084473e-01 1.590015143156051636e-01 9.156038053333759308e-03 -4.647439345717430115e-02 -4.620689433068037033e-03 -1.270826567712037281e-01 5.912347310483355434e-02 -9.901284832151807658e-01
6.588140726089477539e-01 2.693619132041931152e-01 1.588151007890701294e-01 -3.120591863989830017e-03 -4.985136911273002625e-02 -2.836050698533654213e-03 -1.314903462825962044e-01 5.132206539161248554e-02 -9.899880476230112913e-01
6.583477258682250977e-01 2.668307423591613770e-01 1.587262153625488281e-01 -1.553409360349178314e-02 -5.139508470892906189e-02 -7.195269572548568249e-04 -1.314903462825962044e-01 5.132206539161248554e-02 -9.899880476230112913e-01
6.572874784469604492e-01 2.642714083194732666e-01 1.587487161159515381e-01 -2.687695994973182678e-02 -5.097784847021102905e-02 1.619484159164130688e-03 -1.544014345511450781e-01 3.794236113816743666e-02 -9.872793800327288594e-01
6.557152271270751953e-01 2.617821991443634033e-01 1.588887721300125122e-01 -3.601389005780220032e-02 -4.859056323766708374e-02 3.982727881520986557e-03 -1.788046729595667572e-01 4.550134303767950500e-02 -9.828318862896083807e-01
6.537607312202453613e-01 2.594592571258544922e-01 1.591407954692840576e-01 -4.216497018933296204e-02 -4.432742670178413391e-02 6.098431535065174103e-03 -2.185802688455111276e-01 3.213754012756239037e-02 -9.752896208737041883e-01
6.515792608261108398e-01 2.573902904987335205e-01 1.594872176647186279e-01 -4.509388282895088196e-02 -3.843145817518234253e-02 7.758498657494783401e-03 -2.419046609668642211e-01 1.800135382106371473e-02 -9.701330250337399930e-01
6.493241190910339355e-01 2.556456327438354492e-01 1.599032133817672729e-01 -4.511116445064544678e-02 -3.135541453957557678e-02 8.881298825144767761e-03 -2.461188612730600134e-01 5.781159917828754095e-03 -9.692224122014804211e-01
6.471236348152160645e-01 2.542678117752075195e-01 1.603627055883407593e-01 -4.290813952684402466e-02 -2.375703118741512299e-02 9.498643688857555389e-03 -2.459690183413111852e-01 9.130439259330951421e-03 -9.692346862825036435e-01
6.450679302215576172e-01 2.532633543014526367e-01 1.608424931764602661e-01 -3.931975737214088440e-02 -1.642142422497272491e-02 9.693103842437267303e-03 -2.578333780657409702e-01 9.454686963567963606e-03 -9.661431353829667001e-01
6.432069540023803711e-01 2.525992691516876221e-01 1.613240540027618408e-01 -3.511930257081985474e-02 -1.014243438839912415e-02 9.569492191076278687e-03 -2.552396101575464260e-01 7.501309827298899800e-03 -9.668487326130694726e-01
6.415559053421020508e-01 2.522058188915252686e-01 1.617947816848754883e-01 -3.092343173921108246e-02 -5.595393013209104538e-03 9.259496815502643585e-03 -2.539295642604554870e-01 -5.224834616921340651e-03 -9.672086008176938865e-01
6.401025056838989258e-01 2.519849836826324463e-01 1.622472703456878662e-01 -2.721337601542472839e-02 -3.238228149712085724e-03 8.840342052280902863e-03 -2.539295642604554870e-01 -5.224834616921340651e-03 -9.672086008176938865e-01
6.388124823570251465e-01 2.518226504325866699e-01 1.626752614974975586e-01 -2.438850887119770050e-02 -3.254816867411136627e-03 8.279124274849891663e-03 -2.480181217269362970e-01 2.858104333932436156e-03 -9.687511767903350668e-01
6.376335620880126953e-01 2.516026496887207031e-01 1.630704849958419800e-01 -2.276798896491527557e-02 -5.545152351260185242e-03 7.529523689299821854e-03 -2.480181217269362970e-01 2.858104333932436156e-03 -9.687511767903350668e-01
6.365001797676086426e-01 2.512204349040985107e-01 1.634233891963958740e-01 -2.256651595234870911e-02 -9.743340313434600830e-03 6.586676463484764099e-03 -2.317736851785773267e-01 -4.481006385944845578e-03 -9.727594149832273773e-01
6.353396773338317871e-01 2.505952417850494385e-01 1.637257635593414307e-01 -2.385384775698184967e-02 -1.526443753391504288e-02 5.508482921868562698e-03 -2.317736851785773267e-01 -4.481006385944845578e-03 -9.727594149832273773e-01
6.340802907943725586e-01 2.496795952320098877e-01 1.639729887247085571e-01 -2.652221731841564178e-02 -2.136155962944030762e-02 4.380500875413417816e-03 -1.532689847498734104e-01 -4.761299562272967856e-03 -9.881730356259582626e-01
6.326600909233093262e-01 2.484657764434814453e-01 1.641643196344375610e-01 -3.028630837798118591e-02 -2.719109319150447845e-02 3.272491507232189178e-03 -1.532689847498734104e-01 -4.761299562272967856e-03 -9.881730356259582626e-01
6.310357451438903809e-01 2.469885200262069702e-01 1.643024086952209473e-01 -3.468814864754676819e-02 -3.189892694354057312e-02 2.251239493489265442e-03 -1.096340833531212894e-01 1.574731031763471414e-02 -9.938472669294216022e-01
6.291900277137756348e-01 2.453232705593109131e-01 1.643930375576019287e-01 -3.913991525769233704e-02 -3.471103683114051819e-02 1.374108018353581429e-03 -7.331772677680765959e-02 -1.476205535523383156e-02 -9.971993745786096319e-01
6.271363496780395508e-01 2.435794919729232788e-01 1.644430011510848999e-01 -4.300729185342788696e-02 -3.504021465778350830e-02 6.242248346097767353e-04 1.738741894585625614e-02 1.441069403548145972e-03 -9.998477889055790158e-01
6.249185204505920410e-01 2.418885976076126099e-01 1.644568145275115967e-01 -4.570658132433891296e-02 -3.259560838341712952e-02 -7.147276483010500669e-05 1.885316745833245586e-02 -3.569147892066643069e-02 -9.991850060960900670e-01
6.226055622100830078e-01 2.403876185417175293e-01 1.644359230995178223e-01 -4.681128263473510742e-02 -2.744350954890251160e-02 -7.641189731657505035e-04 1.885316745833245586e-02 -3.569147892066643069e-02 -9.991850060960900670e-01
6.202822923660278320e-01 2.392017841339111328e-01 1.643807440996170044e-01 -4.611943289637565613e-02 -1.998979412019252777e-02 -1.442807028070092201e-03 7.182194033495333495e-03 -7.121234867636756782e-02 -9.974353199495498146e-01
6.180376410484313965e-01 2.384297251701354980e-01 1.642933338880538940e-01 -4.366701468825340271e-02 -1.089246198534965515e-02 -2.053678035736083984e-03 7.182194033495333495e-03 -7.121234867636756782e-02 -9.974353199495498146e-01
6.159527897834777832e-01 2.381341159343719482e-01 1.641777008771896362e-01 -3.972714766860008240e-02 -9.321313118562102318e-04 -2.571607008576393127e-03 3.487501577963029054e-03 -7.833685654915857610e-02 -9.969208465253097673e-01
6.140899658203125000e-01 2.383390665054321289e-01 1.640382558107376099e-01 -3.478576987981796265e-02 9.129981510341167450e-03 -3.006050828844308853e-03 -9.032681311139425726e-03 -1.005764955625060436e-01 -9.948883249926580019e-01
6.124835610389709473e-01 2.390341013669967651e-01 1.638797223567962646e-01 -2.947103977203369141e-02 1.867119967937469482e-02 -3.335071960464119911e-03 -9.032681311139425726e-03 -1.005764955625060436e-01 -9.948883249926580019e-01
6.111355423927307129e-01 2.401829957962036133e-01 1.637094765901565552e-01 -2.444900199770927429e-02 2.728476002812385559e-02 -3.474552650004625320e-03 -3.646768135208943752e-03 -1.163692730630558059e-01 -9.931993220733408290e-01
6.100163459777832031e-01 2.417352348566055298e-01 1.635406017303466797e-01 -2.031883783638477325e-02 3.480499610304832458e-02 -3.280289936810731888e-03 -3.646768135208943752e-03 -1.163692730630558059e-01 -9.931993220733408290e-01
6.090703010559082031e-01 2.436370700597763062e-01 1.633938401937484741e-01 -1.752233318984508514e-02 4.126862436532974243e-02 -2.589941490441560745e-03 2.369048409584326859e-02 -9.578438078175850745e-02 -9.951201502128069754e-01
6.082248091697692871e-01 2.458396106958389282e-01 1.632955670356750488e-01 -1.629753224551677704e-02 4.683328792452812195e-02 -1.340697286650538445e-03 -1.409853897308675904e-03 -6.429273858971899791e-02 -9.979300857648407685e-01
6.074005961418151855e-01 2.483025193214416504e-01 1.632725149393081665e-01 -1.667119935154914856e-02 5.168303847312927246e-02 4.186038568150252104e-04 -1.409853897308675904e-03 -6.429273858971899791e-02 -9.979300857648407685e-01
6.065222620964050293e-01 2.509923875331878662e-01 1.633469313383102417e-01 -1.846204139292240143e-02 5.591131374239921570e-02 2.558083040639758110e-03 -2.070645990519991847e-02 -1.211193915918263274e-02 -9.997122303173042734e-01
6.055279970169067383e-01 2.538748979568481445e-01 1.635317802429199219e-01 -2.130895853042602539e-02 5.938894674181938171e-02 4.836044274270534515e-03 -4.651163343518497501e-02 1.159334039401304153e-02 -9.988504704968103054e-01
6.043785810470581055e-01 2.569024860858917236e-01 1.638267934322357178e-01 -2.466782554984092712e-02 6.171492114663124084e-02 6.964414380490779877e-03 -1.053329129056122249e-01 7.133754933526467723e-02 -9.918749575988181633e-01
6.030662655830383301e-01 2.600047886371612549e-01 1.642176359891891479e-01 -2.782564423978328705e-02 6.237664446234703064e-02 8.669146336615085602e-03 -1.155940022050171018e-01 8.580689100265273539e-02 -9.895833487426338726e-01
6.016217470169067383e-01 2.630905210971832275e-01 1.646767258644104004e-01 -2.995472028851509094e-02 6.105303019285202026e-02 9.694496169686317444e-03 -1.183322089101023489e-01 8.017101407340920805e-02 -9.897323359549776711e-01
6.001181602478027344e-01 2.660628855228424072e-01 1.651660203933715820e-01 -3.018926270306110382e-02 5.784133449196815491e-02 9.877056814730167389e-03 -1.166191704744922591e-01 9.599038524426822816e-02 -9.885270937189825080e-01
5.986685752868652344e-01 2.688400447368621826e-01 1.656418144702911377e-01 -2.779355272650718689e-02 5.324503779411315918e-02 9.154711849987506866e-03 -1.313544014542188665e-01 1.181203930706832411e-01 -9.842731297548619196e-01
5.974147319793701172e-01 2.713699638843536377e-01 1.660589426755905151e-01 -2.235981822013854980e-02 4.795179143548011780e-02 7.530505768954753876e-03 -1.530884885708085619e-01 1.086963446651044579e-01 -9.822163811103692410e-01
5.965073108673095703e-01 2.736330330371856689e-01 1.663755178451538086e-01 -1.393620297312736511e-02 4.257114604115486145e-02 5.132366903126239777e-03 -1.476400704724459279e-01 7.175457467495613417e-02 -9.864348384977627004e-01
5.960830450057983398e-01 2.756343185901641846e-01 1.665600538253784180e-01 -3.035620786249637604e-03 3.748043254017829895e-02 2.249114215373992920e-03 -1.476400704724459279e-01 7.175457467495613417e-02 -9.864348384977627004e-01
5.962433218955993652e-01 2.773918807506561279e-01 1.665973067283630371e-01 9.446610696613788605e-03 3.282155469059944153e-02 -7.588914013467729092e-04 -1.414001506262914098e-01 6.709794672344462918e-02 -9.876759908726949755e-01
5.970381498336791992e-01 2.789263725280761719e-01 1.664881110191345215e-01 2.234764955937862396e-02 2.855757437646389008e-02 -3.608789062127470970e-03 -1.438203101292213903e-01 4.387565495790317349e-02 -9.886306920657226271e-01
5.984567999839782715e-01 2.802528142929077148e-01 1.662449091672897339e-01 3.439793735742568970e-02 2.449993416666984558e-02 -6.119444500654935837e-03 -1.438203101292213903e-01 4.387565495790317349e-02 -9.886306920657226271e-01
6.004270315170288086e-01 2.813735008239746094e-01 1.658885776996612549e-01 4.441036283969879150e-02 2.032727748155593872e-02 -8.133685216307640076e-03 -1.631841584302910486e-01 5.459066307294184461e-02 -9.850841537354330102e-01
6.028238534927368164e-01 2.822721898555755615e-01 1.654479801654815674e-01 5.146207287907600403e-02 1.561991684138774872e-02 -9.490221738815307617e-03 -1.728653514964942906e-01 4.660580590529847522e-02 -9.838421972582347408e-01
6.054859757423400879e-01 2.829112410545349121e-01 1.649580448865890503e-01 5.502177402377128601e-02 9.942159056663513184e-03 -1.010721176862716675e-02 -1.728653514964942906e-01 4.660580590529847522e-02 -9.838421972582347408e-01
6.082366108894348145e-01 2.832343280315399170e-01 1.644544601440429688e-01 5.500284209847450256e-02 2.980906981974840164e-03 -1.003643497824668884e-02 -1.823048411647137101e-01 2.387049342955345488e-02 -9.829522594863587814e-01
6.109049320220947266e-01 2.831765115261077881e-01 1.639692038297653198e-01 5.172895267605781555e-02 -5.294151604175567627e-03 -9.373667649924755096e-03 -1.653079697642205192e-01 1.564196892722596877e-02 -9.861179462612529312e-01
6.133433580398559570e-01 2.826812863349914551e-01 1.635292917490005493e-01 4.580814391374588013e-02 -1.451522298157215118e-02 -8.222611621022224426e-03 -1.479859628234093394e-01 1.528712133018520804e-02 -9.888713054420502635e-01
6.154380440711975098e-01 2.817201316356658936e-01 1.631558388471603394e-01 3.797952830791473389e-02 -2.393040806055068970e-02 -6.715272553265094757e-03 -1.479859628234093394e-01 1.528712133018520804e-02 -9.888713054420502635e-01
6.171125769615173340e-01 2.803074717521667480e-01 1.628630757331848145e-01 2.900102548301219940e-02 -3.257642313838005066e-02 -4.995028022676706314e-03 -1.479859628234093394e-01 1.528712133018520804e-02 -9.888713054420502635e-01
6.183274388313293457e-01 2.785046398639678955e-01 1.626584827899932861e-01 1.959237642586231232e-02 -3.953643515706062317e-02 -3.188524395227432251e-03 -8.555610795396305368e-02 -4.144488050007018309e-02 -9.954709811290857191e-01
6.190775632858276367e-01 2.764123976230621338e-01 1.625425815582275391e-01 1.041368208825588226e-02 -4.415304958820343018e-02 -1.447347924113273621e-03 -8.555610795396305368e-02 -4.144488050007018309e-02 -9.954709811290857191e-01
6.193897128105163574e-01 2.741554975509643555e-01 1.625083982944488525e-01 2.072694245725870132e-03 -4.612343385815620422e-02 8.025723218452185392e-05 -8.944582919160753987e-02 -4.466423220657785714e-02 -9.949897235648329508e-01
6.193193793296813965e-01 2.718653678894042969e-01 1.625428199768066406e-01 -4.886607639491558075e-03 -4.548218846321105957e-02 1.296891481615602970e-03 -3.699128121725731716e-02 -6.294091824466968577e-02 -9.973314824683032764e-01
6.189460158348083496e-01 2.696653008460998535e-01 1.626282930374145508e-01 -1.004785019904375076e-02 -4.252045601606369019e-02 2.122049219906330109e-03 -2.738480346113512237e-02 -4.225366412860687843e-02 -9.987315457144134712e-01
6.183648109436035156e-01 2.676597833633422852e-01 1.627441793680191040e-01 -1.319981832057237625e-02 -3.769967705011367798e-02 2.513582352548837662e-03 -2.738480346113512237e-02 -4.225366412860687843e-02 -9.987315457144134712e-01
6.176747679710388184e-01 2.659281790256500244e-01 1.628699898719787598e-01 -1.440072525292634964e-02 -3.156494349241256714e-02 2.518881810829043388e-03 -1.599093914154323809e-02 -5.015030056066718811e-02 -9.986136576359477823e-01
6.169644594192504883e-01 2.645225226879119873e-01 1.629895865917205811e-01 -1.401228923350572586e-02 -2.466071769595146179e-02 2.265212824568152428e-03 -7.190308099430066900e-03 -4.497134538289077749e-02 -9.989624004745564223e-01
6.162974834442138672e-01 2.634691596031188965e-01 1.630936712026596069e-01 -1.266780402511358261e-02 -1.747331209480762482e-02 1.898037968203425407e-03 -7.190308099430066900e-03 -4.497134538289077749e-02 -9.989624004745564223e-01
6.157016158103942871e-01 2.627723515033721924e-01 1.631797105073928833e-01 -1.116597000509500504e-02 -1.039925497025251389e-02 1.543512800708413124e-03 5.671184112081739843e-03 -3.338475941124550983e-02 -9.994264832932036047e-01
6.151645183563232422e-01 2.624186277389526367e-01 1.632507443428039551e-01 -1.031829323619604111e-02 -3.749204799532890320e-03 1.297601615078747272e-03 5.671184112081739843e-03 -3.338475941124550983e-02 -9.994264832932036047e-01
6.146370172500610352e-01 2.623801529407501221e-01 1.633136570453643799e-01 -1.078276336193084717e-02 2.209931844845414162e-03 1.218738965690135956e-03 5.671184112081739843e-03 -3.338475941124550983e-02 -9.994264832932036047e-01
6.140445470809936523e-01 2.626154422760009766e-01 1.633774489164352417e-01 -1.291500683873891830e-02 7.201989647001028061e-03 1.333076157607138157e-03 -7.777491520487692100e-03 1.226844962928142456e-02 -9.998944923177358612e-01
6.133041977882385254e-01 2.630682885646820068e-01 1.634519100189208984e-01 -1.669959351420402527e-02 1.091198436915874481e-02 1.645458280108869076e-03 -7.777491520487692100e-03 1.226844962928142456e-02 -9.998944923177358612e-01
6.123420596122741699e-01 2.636665403842926025e-01 1.635469794273376465e-01 -2.178548648953437805e-02 1.301750913262367249e-02 2.157612703740596771e-03 -3.048717813539293317e-02 -2.044569062305641449e-02 -9.993260257304854566e-01
6.111069917678833008e-01 2.643238604068756104e-01 1.636719256639480591e-01 -2.761782892048358917e-02 1.327580213546752930e-02 2.840243047103285789e-03 -1.140962527422924311e-01 4.633601020231275375e-02 -9.923885424906406794e-01
6.095762848854064941e-01 2.649464011192321777e-01 1.638333946466445923e-01 -3.361050784587860107e-02 1.162622775882482529e-02 3.618552116677165031e-03 -1.140962527422924311e-01 4.633601020231275375e-02 -9.923885424906406794e-01
6.077541708946228027e-01 2.654431164264678955e-01 1.640337109565734863e-01 -3.927312418818473816e-02 8.242805488407611847e-03 4.393836483359336853e-03 -1.080118693306484218e-01 7.457519574548884811e-02 -9.913485644621778947e-01
6.056662201881408691e-01 2.657366394996643066e-01 1.642702817916870117e-01 -4.424385353922843933e-02 3.498658770695328712e-03 5.069199949502944946e-03 -1.080118693306484218e-01 7.457519574548884811e-02 -9.913485644621778947e-01
6.033538579940795898e-01 2.657708823680877686e-01 1.645370572805404663e-01 -4.824980348348617554e-02 -2.128744497895240784e-03 5.602074321359395981e-03 -1.061516283210787032e-01 8.724221820596450572e-02 -9.905153341393996280e-01
6.008707880973815918e-01 2.655134499073028564e-01 1.648271083831787109e-01 -5.107270181179046631e-02 -8.168989792466163635e-03 6.000019609928131104e-03 -1.166191704744922591e-01 9.599038524426822816e-02 -9.885270937189825080e-01
5.982804298400878906e-01 2.649535238742828369e-01 1.651343703269958496e-01 -5.254109576344490051e-02 -1.422843709588050842e-02 6.290509831160306931e-03 -1.447003070657611745e-01 1.126135714551173145e-01 -9.830462881559532962e-01
5.956534147262573242e-01 2.640976011753082275e-01 1.654529720544815063e-01 -5.253975838422775269e-02 -2.000878937542438507e-02 6.453810259699821472e-03 -1.615408423512129654e-01 7.409750924143795880e-02 -9.840803398984634409e-01
5.930651426315307617e-01 2.629644572734832764e-01 1.657742410898208618e-01 -5.099063366651535034e-02 -2.531722001731395721e-02 6.396978162229061127e-03 -1.911888401857851083e-01 1.069383867006881150e-01 -9.757105148742984957e-01
5.905954241752624512e-01 2.615801990032196045e-01 1.660847961902618408e-01 -4.779907688498497009e-02 -3.005354665219783783e-02 6.025167182087898254e-03 -2.038040030407389791e-01 9.436085192364319918e-02 -9.744536715343703470e-01
5.883295536041259766e-01 2.599746882915496826e-01 1.663669347763061523e-01 -4.283458739519119263e-02 -3.416736051440238953e-02 5.260570906102657318e-03 -2.209683536890865163e-01 7.369257693496929218e-02 -9.724928744060895580e-01
5.863598585128784180e-01 2.581800818443298340e-01 1.666004061698913574e-01 -3.595373034477233887e-02 -3.761696442961692810e-02 4.078129306435585022e-03 -2.012047122654913311e-01 6.938307245845676263e-02 -9.770888664888087716e-01
5.847841501235961914e-01 2.562316954135894775e-01 1.667647510766983032e-01 -2.707451023161411285e-02 -4.031890258193016052e-02 2.495827851817011833e-03 -1.957824326954132887e-01 7.106303297401292407e-02 -9.780691613533269990e-01
5.837001800537109375e-01 2.541709840297698975e-01 1.668405383825302124e-01 -1.628543436527252197e-02 -4.210997000336647034e-02 5.356366746127605438e-04 -1.703746598081644081e-01 6.235523745771971715e-02 -9.834044435809934370e-01
5.831946730613708496e-01 2.520495951175689697e-01 1.668109744787216187e-01 -3.934481181204319000e-03 -4.274586215615272522e-02 -1.718393876217305660e-03 -1.703746598081644081e-01 6.235523745771971715e-02 -9.834044435809934370e-01
5.833300948143005371e-01 2.499323189258575439e-01 1.666674762964248657e-01 9.351448155939579010e-03 -4.194512963294982910e-02 -4.021313041448593140e-03 -1.716213887573663222e-01 5.390751808567635639e-02 -9.836869819270941395e-01
5.841308832168579102e-01 2.478971332311630249e-01 1.664150059223175049e-01 2.268114313483238220e-02 -3.946202248334884644e-02 -6.077507045120000839e-03 -1.730475077610207080e-01 2.175144568275040949e-02 -9.846732628981096358e-01
5.855721831321716309e-01 2.460315227508544922e-01 1.660710126161575317e-01 3.497039526700973511e-02 -3.516251221299171448e-02 -7.682186551392078400e-03 -1.730475077610207080e-01 2.175144568275040949e-02 -9.846732628981096358e-01
5.875741243362426758e-01 2.444252818822860718e-01 1.656610518693923950e-01 4.510779678821563721e-02 -2.908682823181152344e-02 -8.716173470020294189e-03 -1.590144414954323404e-01 1.523023267685141846e-02 -9.871587751757590068e-01
5.900049805641174316e-01 2.431613802909851074e-01 1.652134358882904053e-01 5.212713778018951416e-02 -2.146897837519645691e-02 -9.188743308186531067e-03 -1.586658278825341384e-01 6.547406771155416839e-03 -9.873106332481804692e-01
5.926923155784606934e-01 2.423065900802612305e-01 1.647556126117706299e-01 5.536508560180664062e-02 -1.272289175540208817e-02 -9.123909287154674530e-03 -1.422305531640034593e-01 -1.143692906675323161e-02 -9.897674809763066239e-01
5.954398512840270996e-01 2.419032901525497437e-01 1.643148064613342285e-01 5.453711375594139099e-02 -3.408865304663777351e-03 -8.508129976689815521e-03 -1.263695862811292647e-01 -2.638595593438521417e-02 -9.916322448320067373e-01
5.980463027954101562e-01 2.419635802507400513e-01 1.639175117015838623e-01 4.972079023718833923e-02 5.820623598992824554e-03 -7.383426651358604431e-03 -1.157612650833375889e-01 -4.737582746624934699e-02 -9.921465922313059682e-01
6.003225445747375488e-01 2.424668967723846436e-01 1.635874658823013306e-01 4.132957383990287781e-02 1.431227102875709534e-02 -5.818554200232028961e-03 -5.009239608459409299e-02 -7.762481350927730173e-02 -9.957234255455448269e-01
6.021073460578918457e-01 2.433632612228393555e-01 1.633447259664535522e-01 3.006329387426376343e-02 2.154222130775451660e-02 -3.891211003065109253e-03 -4.296352059185525735e-02 -7.497295023917995016e-02 -9.962596010221365095e-01
6.032795906066894531e-01 2.445834130048751831e-01 1.632052361965179443e-01 1.682688109576702118e-02 2.726410143077373505e-02 -1.688534626737236977e-03 -4.296352059185525735e-02 -7.497295023917995016e-02 -9.962596010221365095e-01
6.037661433219909668e-01 2.460554689168930054e-01 1.631807237863540649e-01 2.635936252772808075e-03 3.161837905645370483e-02 7.079152273945510387e-04 -5.199653365264528954e-02 -5.422868938779039361e-02 -9.971738111951155004e-01
6.035444736480712891e-01 2.477246075868606567e-01 1.632786840200424194e-01 -1.150373369455337524e-02 3.514741361141204834e-02 3.210391383618116379e-03 -5.199653365264528954e-02 -5.422868938779039361e-02 -9.971738111951155004e-01
6.026385426521301270e-01 2.495711445808410645e-01 1.635009050369262695e-01 -2.473303303122520447e-02 3.871383517980575562e-02 5.678658373653888702e-03 -1.239532063784626326e-01 1.242722375237235825e-02 -9.922102432127510863e-01
6.011106371879577637e-01 2.516204714775085449e-01 1.638425886631011963e-01 -3.638328611850738525e-02 4.325955361127853394e-02 7.988752797245979309e-03 -1.370300140684975743e-01 3.186626016764426000e-02 -9.900541988726251352e-01
5.990528464317321777e-01 2.539373636245727539e-01 1.642939746379852295e-01 -4.592798277735710144e-02 4.941562190651893616e-02 1.006682123988866806e-02 -1.376463936002306765e-01 5.663079214782177490e-02 -9.888611751441960251e-01
5.965830087661743164e-01 2.565996646881103516e-01 1.648408025503158569e-01 -5.286521837115287781e-02 5.707663670182228088e-02 1.180602237582206726e-02 -1.554338281921154585e-01 5.664960791412836094e-02 -9.862206380798972383e-01
5.938456654548645020e-01 2.596560716629028320e-01 1.654604226350784302e-01 -5.662870034575462341e-02 6.517940759658813477e-02 1.297854259610176086e-02 -1.691287392352748831e-01 6.143999302786908728e-02 -9.836770795435978432e-01
5.910087227821350098e-01 2.630887329578399658e-01 1.661164760589599609e-01 -5.684907734394073486e-02 7.212730497121810913e-02 1.326357014477252960e-02 -2.038040030407389791e-01 9.436085192364319918e-02 -9.744536715343703470e-01
5.882381796836853027e-01 2.668115198612213135e-01 1.667610406875610352e-01 -5.397158116102218628e-02 7.678364217281341553e-02 1.251882407814264297e-02 -1.789519392435624523e-01 9.421737244370873010e-02 -9.793361476882039840e-01
5.856503248214721680e-01 2.707098722457885742e-01 1.673528552055358887e-01 -4.954297468066215515e-02 7.915099710226058960e-02 1.115403976291418076e-02 -1.490631297561137991e-01 6.368119497601654189e-02 -9.867749939838050821e-01
5.832726359367370605e-01 2.746902108192443848e-01 1.678802520036697388e-01 -4.556458815932273865e-02 8.006250113248825073e-02 9.941548109054565430e-03 -1.512014893416857575e-01 6.054515693436810647e-02 -9.866470461064831277e-01
5.810505747795104980e-01 2.787005007266998291e-01 1.683608144521713257e-01 -4.331852495670318604e-02 8.034852147102355957e-02 9.280886501073837280e-03 -1.512014893416857575e-01 6.054515693436810647e-02 -9.866470461064831277e-01
5.788999199867248535e-01 2.827193737030029297e-01 1.688201576471328735e-01 -4.270744696259498596e-02 8.040641248226165771e-02 9.092574939131736755e-03 -1.553459175031253470e-01 5.320722174250287761e-02 -9.864261946377722579e-01
