time: 127.553000000
Joint Positions: 0.0148173 0.726395 0.000747901 -1.15577 -0.000548407 1.25932 0.0155498 
End-Effector Position: 0.659653 0.0100467 0.470435 
End-Effector Quaternion: 5.16502e-05 2.68365e-06 1 -1.18461e-05 
Manipulability: 0.1468
Manipulability Ellipsoid Eigenvalues: 0.0601463 0.580273 0.617459 
Manipulability Ellipsoid Eigenvectors: -0.999843 -0.0153182 0.00893814 0.00895546 -0.0010623 0.999959 -0.0153081 0.999882 0.00119931 
Force Ellipsoid Eigenvalues: 1.61954 1.72333 16.6261 
Force Ellipsoid Eigenvectors: 0.0153081 -0.999882 -0.00119931 0.00895546 -0.0010623 0.999959 0.999843 0.0153182 -0.00893814 
joint effort: 0.000290676 0.000493623 0.000224433 -1.67974e-06 6.95364e-05 2.24925e-05 -0.000101782 
----------------------------------------
time: 127.558000000
Joint Positions: 0.0148168 0.726395 0.000747922 -1.15577 -0.000548354 1.25932 0.0155493 
End-Effector Position: 0.659653 0.0100464 0.470435 
End-Effector Quaternion: 5.16682e-05 2.69096e-06 1 -1.18141e-05 
Manipulability: 0.1468
Manipulability Ellipsoid Eigenvalues: 0.0601463 0.580273 0.617459 
Manipulability Ellipsoid Eigenvectors: -0.999843 -0.0153178 0.00893798 0.00895529 -0.00106239 0.999959 -0.0153076 0.999882 0.0011994 
Force Ellipsoid Eigenvalues: 1.61954 1.72333 16.6261 
Force Ellipsoid Eigenvectors: 0.0153076 -0.999882 -0.0011994 0.00895529 -0.00106239 0.999959 0.999843 0.0153178 -0.00893798 
joint effort: 0.000387442 0.000558976 0.000295467 -2.10178e-05 7.31896e-05 1.68913e-05 -9.74401e-05 
----------------------------------------
time: 127.562000000
Joint Positions: 0.0148165 0.726395 0.000747937 -1.15577 -0.00054832 1.25932 0.015549 
End-Effector Position: 0.659653 0.0100462 0.470435 
End-Effector Quaternion: 5.16799e-05 2.69553e-06 1 -1.17926e-05 
Manipulability: 0.1468
Manipulability Ellipsoid Eigenvalues: 0.0601463 0.580273 0.617459 
Manipulability Ellipsoid Eigenvectors: -0.999843 -0.0153175 0.00893787 0.00895519 -0.00106245 0.999959 -0.0153073 0.999882 0.00119946 
Force Ellipsoid Eigenvalues: 1.61954 1.72333 16.6261 
Force Ellipsoid Eigenvectors: 0.0153073 -0.999882 -0.00119946 0.00895519 -0.00106245 0.999959 0.999843 0.0153175 -0.00893787 
joint effort: 0.000263382 0.000458377 0.000214805 3.29033e-06 5.64912e-05 2.71038e-05 -9.65406e-05 
----------------------------------------
time: 127.568000000
Joint Positions: 0.0148162 0.726395 0.000747957 -1.15577 -0.000548289 1.25932 0.0155487 
End-Effector Position: 0.659653 0.010046 0.470435 
End-Effector Quaternion: 5.16915e-05 2.69986e-06 1 -1.17708e-05 
Manipulability: 0.1468
Manipulability Ellipsoid Eigenvalues: 0.0601463 0.580273 0.617459 
Manipulability Ellipsoid Eigenvectors: -0.999843 -0.0153172 0.00893776 0.00895508 -0.00106252 0.999959 -0.015307 0.999882 0.00119952 
Force Ellipsoid Eigenvalues: 1.61954 1.72333 16.6261 
Force Ellipsoid Eigenvectors: 0.015307 -0.999882 -0.00119952 0.00895508 -0.00106252 0.999959 0.999843 0.0153172 -0.00893776 
joint effort: 0.000373153 0.000549013 0.000272077 -2.60049e-05 7.33314e-05 2.01323e-05 -9.94385e-05 
----------------------------------------
time: 127.573000000
Joint Positions: 0.0148157 0.726396 0.000747992 -1.15577 -0.000548244 1.25932 0.0155482 
End-Effector Position: 0.659653 0.0100457 0.470435 
End-Effector Quaternion: 5.17086e-05 2.70591e-06 1 -1.17379e-05 
Manipulability: 0.1468
Manipulability Ellipsoid Eigenvalues: 0.0601462 0.580273 0.61746 
Manipulability Ellipsoid Eigenvectors: -0.999843 -0.0153167 0.0089376 0.00895492 -0.00106264 0.999959 -0.0153066 0.999882 0.00119963 
Force Ellipsoid Eigenvalues: 1.61954 1.72333 16.6261 
Force Ellipsoid Eigenvectors: 0.0153066 -0.999882 -0.00119963 0.00895492 -0.00106264 0.999959 0.999843 0.0153167 -0.0089376 
joint effort: 0.000282646 0.000479211 0.000201472 -9.53898e-06 6.70022e-05 2.73505e-05 -0.000102472 
----------------------------------------
time: 127.577000000
Joint Positions: 0.0148152 0.726396 0.000748029 -1.15577 -0.0005482 1.25932 0.0155478 
End-Effector Position: 0.659653 0.0100454 0.470435 
End-Effector Quaternion: 5.17253e-05 2.71139e-06 1 -1.17045e-05 
Manipulability: 0.1468
Manipulability Ellipsoid Eigenvalues: 0.0601462 0.580273 0.61746 
Manipulability Ellipsoid Eigenvectors: -0.999843 -0.0153163 0.00893744 0.00895476 -0.00106275 0.999959 -0.0153062 0.999882 0.00119974 
Force Ellipsoid Eigenvalues: 1.61954 1.72333 16.6261 
Force Ellipsoid Eigenvectors: 0.0153062 -0.999882 -0.00119974 0.00895476 -0.00106275 0.999959 0.999843 0.0153163 -0.00893744 
joint effort: 0.000349179 0.000535786 0.00023102 -3.14003e-05 7.79911e-05 2.40201e-05 -0.00010494 
----------------------------------------
time: 127.582000000
Joint Positions: 0.0148149 0.726396 0.000748051 -1.15577 -0.000548169 1.25932 0.0155475 
End-Effector Position: 0.659653 0.0100452 0.470435 
End-Effector Quaternion: 5.17363e-05 2.71471e-06 1 -1.16819e-05 
Manipulability: 0.1468
Manipulability Ellipsoid Eigenvalues: 0.0601462 0.580273 0.61746 
Manipulability Ellipsoid Eigenvectors: -0.999843 -0.015316 0.00893733 0.00895465 -0.00106283 0.999959 -0.0153059 0.999882 0.00119981 
Force Ellipsoid Eigenvalues: 1.61954 1.72333 16.6261 
Force Ellipsoid Eigenvectors: 0.0153059 -0.999882 -0.00119981 0.00895465 -0.00106283 0.999959 0.999843 0.015316 -0.00893733 
joint effort: 0.000231943 0.000427703 0.000157717 9.16614e-08 6.06589e-05 3.33051e-05 -0.000103021 
----------------------------------------
time: 127.588000000
Joint Positions: 0.0148146 0.726396 0.00074807 -1.15577 -0.000548134 1.25932 0.0155472 
End-Effector Position: 0.659653 0.010045 0.470435 
End-Effector Quaternion: 5.1747e-05 2.71777e-06 1 -1.16591e-05 
Manipulability: 0.1468
Manipulability Ellipsoid Eigenvalues: 0.0601462 0.580273 0.61746 
Manipulability Ellipsoid Eigenvectors: -0.999843 -0.0153157 0.00893722 0.00895455 -0.0010629 0.999959 -0.0153056 0.999882 0.00119988 
Force Ellipsoid Eigenvalues: 1.61954 1.72333 16.6262 
Force Ellipsoid Eigenvectors: 0.0153056 -0.999882 -0.00119988 0.00895455 -0.0010629 0.999959 0.999843 0.0153157 -0.00893722 
joint effort: 0.000252668 0.000426644 0.000179118 2.39133e-06 5.71121e-05 3.27182e-05 -9.94562e-05 
----------------------------------------
time: 127.592000000
Joint Positions: 0.0148141 0.726396 0.000748094 -1.15577 -0.000548078 1.25932 0.0155467 
End-Effector Position: 0.659653 0.0100448 0.470435 
End-Effector Quaternion: 5.17629e-05 2.72186e-06 1 -1.16245e-05 
Manipulability: 0.1468
Manipulability Ellipsoid Eigenvalues: 0.0601462 0.580273 0.61746 
Manipulability Ellipsoid Eigenvectors: -0.999843 -0.0153153 0.00893707 0.00895439 -0.001063 0.999959 -0.0153051 0.999882 0.00119997 
Force Ellipsoid Eigenvalues: 1.61954 1.72333 16.6262 
Force Ellipsoid Eigenvectors: 0.0153051 -0.999882 -0.00119997 0.00895439 -0.001063 0.999959 0.999843 0.0153153 -0.00893707 
joint effort: 0.000283256 0.000435174 0.000208689 1.62883e-06 5.38073e-05 3.13488e-05 -9.52984e-05 
----------------------------------------
time: 127.597000000
Joint Positions: 0.0148138 0.726396 0.000748108 -1.15577 -0.00054804 1.25932 0.0155464 
End-Effector Position: 0.659653 0.0100446 0.470435 
End-Effector Quaternion: 5.17732e-05 2.72428e-06 1 -1.16012e-05 
Manipulability: 0.1468
Manipulability Ellipsoid Eigenvalues: 0.0601462 0.580273 0.61746 
Manipulability Ellipsoid Eigenvectors: -0.999843 -0.015315 0.00893696 0.00895429 -0.00106306 0.999959 -0.0153049 0.999882 0.00120003 
Force Ellipsoid Eigenvalues: 1.61954 1.72333 16.6262 
Force Ellipsoid Eigenvectors: 0.0153049 -0.999882 -0.00120003 0.00895429 -0.00106306 0.999959 0.999843 0.015315 -0.00893696 
joint effort: 0.000384861 0.000507161 0.000282585 -2.086e-05 5.83999e-05 2.535e-05 -9.09214e-05 
----------------------------------------
time: 127.602000000
Joint Positions: 0.0148134 0.726396 0.000748134 -1.15577 -0.000547984 1.25932 0.015546 
End-Effector Position: 0.659653 0.0100443 0.470435 
End-Effector Quaternion: 5.17883e-05 2.72749e-06 1 -1.1566e-05 
Manipulability: 0.1468
Manipulability Ellipsoid Eigenvalues: 0.0601462 0.580273 0.61746 
Manipulability Ellipsoid Eigenvectors: -0.999843 -0.0153146 0.0089368 0.00895413 -0.00106316 0.999959 -0.0153044 0.999882 0.00120012 
Force Ellipsoid Eigenvalues: 1.61954 1.72333 16.6262 
Force Ellipsoid Eigenvectors: 0.0153044 -0.999882 -0.00120012 0.00895413 -0.00106316 0.999959 0.999843 0.0153146 -0.0089368 
joint effort: 0.000314408 0.000454069 0.00023677 -7.6725e-06 4.87732e-05 3.05126e-05 -9.02008e-05 
----------------------------------------
time: 127.607000000
Joint Positions: 0.0148131 0.726396 0.000748157 -1.15577 -0.000547951 1.25932 0.0155457 
End-Effector Position: 0.659653 0.0100441 0.470435 
End-Effector Quaternion: 5.17982e-05 2.72935e-06 1 -1.15423e-05 
Manipulability: 0.146799
Manipulability Ellipsoid Eigenvalues: 0.0601461 0.580274 0.61746 
Manipulability Ellipsoid Eigenvectors: -0.999843 -0.0153143 0.0089367 0.00895403 -0.00106324 0.999959 -0.0153041 0.999882 0.0012002 
Force Ellipsoid Eigenvalues: 1.61954 1.72333 16.6262 
Force Ellipsoid Eigenvectors: 0.0153041 -0.999882 -0.0012002 0.00895403 -0.00106324 0.999959 0.999843 0.0153143 -0.0089367 
joint effort: 0.000269604 0.000427212 0.00018867 -5.99471e-06 5.01507e-05 3.45634e-05 -9.46805e-05 
----------------------------------------
time: 127.612000000
Joint Positions: 0.0148126 0.726396 0.000748196 -1.15577 -0.000547904 1.25932 0.0155453 
End-Effector Position: 0.659653 0.0100438 0.470435 
End-Effector Quaternion: 5.18128e-05 2.73174e-06 1 -1.15067e-05 
Manipulability: 0.146799
Manipulability Ellipsoid Eigenvalues: 0.0601461 0.580274 0.61746 
Manipulability Ellipsoid Eigenvectors: -0.999843 -0.0153139 0.00893654 0.00895387 -0.00106337 0.999959 -0.0153037 0.999882 0.00120032 
Force Ellipsoid Eigenvalues: 1.61954 1.72332 16.6262 
Force Ellipsoid Eigenvectors: 0.0153037 -0.999882 -0.00120032 0.00895387 -0.00106337 0.999959 0.999843 0.0153139 -0.00893654 
joint effort: 0.000274906 0.000436557 0.000177346 -1.3003e-05 5.59864e-05 3.49411e-05 -9.81643e-05 
----------------------------------------
time: 127.618000000
Joint Positions: 0.0148123 0.726396 0.000748223 -1.15577 -0.000547872 1.25932 0.015545 
End-Effector Position: 0.659653 0.0100436 0.470435 
End-Effector Quaternion: 5.18222e-05 2.73304e-06 1 -1.14828e-05 
Manipulability: 0.146799
Manipulability Ellipsoid Eigenvalues: 0.0601461 0.580274 0.61746 
Manipulability Ellipsoid Eigenvectors: -0.999843 -0.0153136 0.00893644 0.00895377 -0.00106345 0.999959 -0.0153035 0.999882 0.0012004 
Force Ellipsoid Eigenvalues: 1.61954 1.72332 16.6262 
Force Ellipsoid Eigenvectors: 0.0153035 -0.999882 -0.0012004 0.00895377 -0.00106345 0.999959 0.999843 0.0153136 -0.00893644 
joint effort: 0.000254523 0.000421448 0.00015421 -1.23449e-05 5.57688e-05 3.71632e-05 -9.97241e-05 
----------------------------------------
time: 127.624000000
Joint Positions: 0.0148119 0.726396 0.000748256 -1.15577 -0.00054782 1.25932 0.0155446 
End-Effector Position: 0.659653 0.0100434 0.470436 
End-Effector Quaternion: 5.18361e-05 2.73452e-06 1 -1.14466e-05 
Manipulability: 0.146799
Manipulability Ellipsoid Eigenvalues: 0.0601461 0.580274 0.61746 
Manipulability Ellipsoid Eigenvectors: -0.999843 -0.0153132 0.00893628 0.00895361 -0.00106357 0.999959 -0.015303 0.999882 0.00120051 
Force Ellipsoid Eigenvalues: 1.61954 1.72332 16.6262 
Force Ellipsoid Eigenvectors: 0.015303 -0.999882 -0.00120051 0.00895361 -0.00106357 0.999959 0.999843 0.0153132 -0.00893628 
joint effort: 0.000282994 0.000434834 0.000174771 -1.64329e-05 5.61116e-05 3.58783e-05 -9.79099e-05 
----------------------------------------
time: 127.628000000
Joint Positions: 0.0148114 0.726396 0.00074828 -1.15577 -0.00054776 1.25932 0.0155441 
End-Effector Position: 0.659653 0.0100431 0.470436 
End-Effector Quaternion: 5.18495e-05 2.73543e-06 1 -1.14099e-05 
Manipulability: 0.146799
Manipulability Ellipsoid Eigenvalues: 0.0601461 0.580274 0.61746 
Manipulability Ellipsoid Eigenvectors: -0.999843 -0.0153128 0.00893613 0.00895346 -0.00106367 0.999959 -0.0153026 0.999882 0.0012006 
Force Ellipsoid Eigenvalues: 1.61954 1.72332 16.6262 
Force Ellipsoid Eigenvectors: 0.0153026 -0.999882 -0.0012006 0.00895346 -0.00106367 0.999959 0.999843 0.0153128 -0.00893613 
joint effort: 0.000387216 0.000483531 0.000260761 -2.65065e-05 5.60701e-05 3.00916e-05 -9.02276e-05 
----------------------------------------
time: 127.633000000
Joint Positions: 0.0148112 0.726396 0.000748291 -1.15577 -0.000547716 1.25932 0.0155438 
End-Effector Position: 0.659653 0.0100429 0.470436 
End-Effector Quaternion: 5.18583e-05 2.73573e-06 1 -1.13852e-05 
Manipulability: 0.146799
Manipulability Ellipsoid Eigenvalues: 0.0601461 0.580274 0.61746 
Manipulability Ellipsoid Eigenvectors: -0.999843 -0.0153125 0.00893603 0.00895336 -0.00106373 0.999959 -0.0153024 0.999882 0.00120066 
Force Ellipsoid Eigenvalues: 1.61954 1.72332 16.6262 
Force Ellipsoid Eigenvectors: 0.0153024 -0.999882 -0.00120066 0.00895336 -0.00106373 0.999959 0.999843 0.0153125 -0.00893603 
joint effort: 0.000391635 0.000459745 0.000282045 -1.55058e-05 4.49753e-05 3.05973e-05 -8.29046e-05 
----------------------------------------
time: 127.638000000
Joint Positions: 0.0148107 0.726396 0.000748309 -1.15577 -0.000547651 1.25932 0.0155434 
End-Effector Position: 0.659653 0.0100426 0.470436 
End-Effector Quaternion: 5.18711e-05 2.73576e-06 1 -1.1348e-05 
Manipulability: 0.146799
Manipulability Ellipsoid Eigenvalues: 0.060146 0.580274 0.61746 
Manipulability Ellipsoid Eigenvectors: -0.999843 -0.0153121 0.00893588 0.00895321 -0.00106382 0.999959 -0.0153019 0.999882 0.00120074 
Force Ellipsoid Eigenvalues: 1.61954 1.72332 16.6262 
Force Ellipsoid Eigenvectors: 0.0153019 -0.999882 -0.00120074 0.00895321 -0.00106382 0.999959 0.999843 0.0153121 -0.00893588 
joint effort: 0.000320504 0.000396781 0.000247481 3.3225e-06 2.96974e-05 3.56956e-05 -7.85046e-05 
----------------------------------------
time: 127.643000000
Joint Positions: 0.0148104 0.726396 0.00074833 -1.15577 -0.000547614 1.25932 0.0155431 
End-Effector Position: 0.659653 0.0100425 0.470436 
End-Effector Quaternion: 5.18794e-05 2.73555e-06 1 -1.13231e-05 
Manipulability: 0.146799
Manipulability Ellipsoid Eigenvalues: 0.060146 0.580274 0.61746 
Manipulability Ellipsoid Eigenvectors: -0.999843 -0.0153118 0.00893577 0.00895311 -0.0010639 0.999959 -0.0153017 0.999882 0.00120082 
Force Ellipsoid Eigenvalues: 1.61954 1.72332 16.6262 
Force Ellipsoid Eigenvectors: 0.0153017 -0.999882 -0.00120082 0.00895311 -0.0010639 0.999959 0.999843 0.0153118 -0.00893577 
joint effort: 0.000275955 0.000366609 0.000197432 8.27044e-06 3.22903e-05 3.92273e-05 -8.35568e-05 
----------------------------------------
time: 127.648000000
Joint Positions: 0.01481 0.726396 0.000748372 -1.15577 -0.000547565 1.25932 0.0155427 
End-Effector Position: 0.659654 0.0100422 0.470436 
End-Effector Quaternion: 5.18915e-05 2.7349e-06 1 -1.12859e-05 
Manipulability: 0.146799
Manipulability Ellipsoid Eigenvalues: 0.060146 0.580274 0.61746 
Manipulability Ellipsoid Eigenvectors: -0.999843 -0.0153114 0.00893562 0.00895296 -0.00106403 0.999959 -0.0153013 0.999882 0.00120094 
Force Ellipsoid Eigenvalues: 1.61954 1.72332 16.6262 
Force Ellipsoid Eigenvectors: 0.0153013 -0.999882 -0.00120094 0.00895296 -0.00106403 0.999959 0.999843 0.0153114 -0.00893562 
joint effort: 0.00036363 0.000444192 0.000227346 -2.15927e-05 5.33078e-05 3.45139e-05 -9.04554e-05 
----------------------------------------
time: 127.652000000
Joint Positions: 0.0148097 0.726396 0.000748403 -1.15577 -0.000547534 1.25932 0.0155424 
End-Effector Position: 0.659654 0.010042 0.470436 
End-Effector Quaternion: 5.18994e-05 2.73421e-06 1 -1.12609e-05 
Manipulability: 0.146799
Manipulability Ellipsoid Eigenvalues: 0.060146 0.580274 0.61746 
Manipulability Ellipsoid Eigenvectors: -0.999843 -0.0153112 0.00893552 0.00895286 -0.00106412 0.999959 -0.015301 0.999882 0.00120103 
Force Ellipsoid Eigenvalues: 1.61954 1.72332 16.6262 
Force Ellipsoid Eigenvectors: 0.015301 -0.999882 -0.00120103 0.00895286 -0.00106412 0.999959 0.999843 0.0153112 -0.00893552 
joint effort: 0.000332245 0.00044419 0.000182918 -3.07268e-05 5.89712e-05 3.69489e-05 -9.63891e-05 
----------------------------------------
time: 127.658000000
Joint Positions: 0.0148093 0.726396 0.000748443 -1.15577 -0.000547484 1.25932 0.015542 
End-Effector Position: 0.659654 0.0100418 0.470436 
End-Effector Quaternion: 5.19109e-05 2.73274e-06 1 -1.12233e-05 
Manipulability: 0.146799
Manipulability Ellipsoid Eigenvalues: 0.060146 0.580274 0.61746 
Manipulability Ellipsoid Eigenvectors: -0.999843 -0.0153108 0.00893537 0.00895271 -0.00106425 0.999959 -0.0153006 0.999882 0.00120115 
Force Ellipsoid Eigenvalues: 1.61954 1.72332 16.6262 
Force Ellipsoid Eigenvectors: 0.0153006 -0.999882 -0.00120115 0.00895271 -0.00106425 0.999959 0.999843 0.0153108 -0.00893537 
joint effort: 0.000342633 0.000446272 0.000188761 -3.22562e-05 5.88508e-05 3.68186e-05 -9.55187e-05 
----------------------------------------
time: 127.663000000
Joint Positions: 0.014809 0.726397 0.000748463 -1.15577 -0.000547445 1.25932 0.0155417 
End-Effector Position: 0.659654 0.0100416 0.470436 
End-Effector Quaternion: 5.19184e-05 2.73145e-06 1 -1.11979e-05 
Manipulability: 0.146799
Manipulability Ellipsoid Eigenvalues: 0.060146 0.580274 0.61746 
Manipulability Ellipsoid Eigenvectors: -0.999843 -0.0153105 0.00893527 0.00895261 -0.00106432 0.999959 -0.0153004 0.999882 0.00120123 
Force Ellipsoid Eigenvalues: 1.61954 1.72332 16.6262 
Force Ellipsoid Eigenvectors: 0.0153004 -0.999882 -0.00120123 0.00895261 -0.00106432 0.999959 0.999843 0.0153105 -0.00893527 
joint effort: 0.000236474 0.000344445 0.000141449 2.36951e-06 3.4061e-05 4.37776e-05 -8.75807e-05 
----------------------------------------
time: 127.667000000
Joint Positions: 0.0148086 0.726397 0.000748485 -1.15577 -0.00054738 1.25932 0.0155413 
End-Effector Position: 0.659654 0.0100413 0.470436 
End-Effector Quaternion: 5.19292e-05 2.72908e-06 1 -1.11596e-05 
Manipulability: 0.146799
Manipulability Ellipsoid Eigenvalues: 0.0601459 0.580275 0.61746 
Manipulability Ellipsoid Eigenvectors: -0.999843 -0.0153101 0.00893513 0.00895247 -0.00106442 0.999959 -0.0153 0.999882 0.00120132 
Force Ellipsoid Eigenvalues: 1.61954 1.72332 16.6262 
Force Ellipsoid Eigenvectors: 0.0153 -0.999882 -0.00120132 0.00895247 -0.00106442 0.999959 0.999843 0.0153101 -0.00893513 
joint effort: 0.000260866 0.000334126 0.00017495 1.06336e-05 2.6496e-05 4.28131e-05 -8.08947e-05 
----------------------------------------
time: 127.672000000
Joint Positions: 0.0148083 0.726397 0.000748499 -1.15577 -0.000547336 1.25933 0.015541 
End-Effector Position: 0.659654 0.0100412 0.470436 
End-Effector Quaternion: 5.19362e-05 2.72724e-06 1 -1.1134e-05 
Manipulability: 0.146799
Manipulability Ellipsoid Eigenvalues: 0.0601459 0.580275 0.61746 
Manipulability Ellipsoid Eigenvectors: -0.999843 -0.0153099 0.00893503 0.00895237 -0.00106449 0.999959 -0.0152997 0.999882 0.00120138 
Force Ellipsoid Eigenvalues: 1.61954 1.72332 16.6262 
Force Ellipsoid Eigenvectors: 0.0152997 -0.999882 -0.00120138 0.00895237 -0.00106449 0.999959 0.999843 0.0153099 -0.00893503 
joint effort: 0.000353493 0.000376509 0.000248727 1.03886e-06 2.76958e-05 3.78557e-05 -7.46439e-05 
----------------------------------------
time: 127.677000000
Joint Positions: 0.0148081 0.726397 0.000748516 -1.15577 -0.000547294 1.25933 0.0155407 
End-Effector Position: 0.659654 0.010041 0.470436 
End-Effector Quaternion: 5.1943e-05 2.72523e-06 1 -1.11084e-05 
Manipulability: 0.146799
Manipulability Ellipsoid Eigenvalues: 0.0601459 0.580275 0.61746 
Manipulability Ellipsoid Eigenvectors: -0.999843 -0.0153096 0.00893493 0.00895227 -0.00106456 0.999959 -0.0152995 0.999882 0.00120145 
Force Ellipsoid Eigenvalues: 1.61954 1.72332 16.6262 
Force Ellipsoid Eigenvectors: 0.0152995 -0.999882 -0.00120145 0.00895227 -0.00106456 0.999959 0.999843 0.0153096 -0.00893493 
joint effort: 0.000286861 0.000341804 0.000201852 7.2017e-06 2.05354e-05 4.17649e-05 -7.4938e-05 
----------------------------------------
time: 127.683000000
Joint Positions: 0.0148076 0.726397 0.000748552 -1.15577 -0.000547239 1.25933 0.0155403 
End-Effector Position: 0.659654 0.0100407 0.470436 
End-Effector Quaternion: 5.19529e-05 2.72191e-06 1 -1.107e-05 
Manipulability: 0.146799
Manipulability Ellipsoid Eigenvalues: 0.0601459 0.580275 0.61746 
Manipulability Ellipsoid Eigenvectors: -0.999843 -0.0153092 0.00893478 0.00895213 -0.00106468 0.999959 -0.0152991 0.999882 0.00120157 
Force Ellipsoid Eigenvalues: 1.61954 1.72332 16.6262 
Force Ellipsoid Eigenvectors: 0.0152991 -0.999882 -0.00120157 0.00895213 -0.00106468 0.999959 0.999843 0.0153092 -0.00893478 
joint effort: 0.000285129 0.000357361 0.000181729 -3.97688e-06 2.79702e-05 4.21673e-05 -7.97129e-05 
----------------------------------------
time: 127.688000000
Joint Positions: 0.0148072 0.726397 0.000748597 -1.15577 -0.00054719 1.25933 0.0155399 
End-Effector Position: 0.659654 0.0100405 0.470436 
End-Effector Quaternion: 5.19624e-05 2.7182e-06 1 -1.10317e-05 
Manipulability: 0.146799
Manipulability Ellipsoid Eigenvalues: 0.0601459 0.580275 0.61746 
Manipulability Ellipsoid Eigenvectors: -0.999843 -0.0153089 0.00893464 0.00895198 -0.00106482 0.999959 -0.0152987 0.999882 0.0012017 
Force Ellipsoid Eigenvalues: 1.61954 1.72332 16.6263 
Force Ellipsoid Eigenvectors: 0.0152987 -0.999882 -0.0012017 0.00895198 -0.00106482 0.999959 0.999843 0.0153089 -0.00893464 
joint effort: 0.000244516 0.000355599 0.000127401 -1.32384e-05 3.46907e-05 4.48703e-05 -8.68585e-05 
----------------------------------------
time: 127.692000000
Joint Positions: 0.014807 0.726397 0.000748626 -1.15577 -0.000547157 1.25933 0.0155397 
End-Effector Position: 0.659654 0.0100403 0.470436 
End-Effector Quaternion: 5.19685e-05 2.71548e-06 1 -1.10061e-05 
Manipulability: 0.146799
Manipulability Ellipsoid Eigenvalues: 0.0601458 0.580275 0.61746 
Manipulability Ellipsoid Eigenvectors: -0.999843 -0.0153086 0.00893454 0.00895189 -0.00106491 0.999959 -0.0152985 0.999882 0.00120179 
Force Ellipsoid Eigenvalues: 1.61954 1.72332 16.6263 
Force Ellipsoid Eigenvectors: 0.0152985 -0.999882 -0.00120179 0.00895189 -0.00106491 0.999959 0.999843 0.0153086 -0.00893454 
joint effort: 0.000310797 0.000402532 0.000156675 -3.10239e-05 4.64186e-05 4.15856e-05 -8.91839e-05 
----------------------------------------
time: 127.698000000
Joint Positions: 0.0148067 0.726397 0.00074865 -1.15577 -0.000547119 1.25933 0.0155394 
End-Effector Position: 0.659654 0.0100402 0.470436 
End-Effector Quaternion: 5.19744e-05 2.71255e-06 1 -1.09804e-05 
Manipulability: 0.146799
Manipulability Ellipsoid Eigenvalues: 0.0601458 0.580275 0.61746 
Manipulability Ellipsoid Eigenvectors: -0.999843 -0.0153084 0.00893444 0.00895179 -0.00106499 0.999959 -0.0152982 0.999882 0.00120186 
Force Ellipsoid Eigenvalues: 1.61954 1.72332 16.6263 
Force Ellipsoid Eigenvectors: 0.0152982 -0.999882 -0.00120186 0.00895179 -0.00106499 0.999959 0.999843 0.0153084 -0.00893444 
joint effort: 0.000256755 0.000355912 0.000132777 -1.558e-05 3.355e-05 4.47262e-05 -8.48395e-05 
----------------------------------------
time: 127.703000000
Joint Positions: 0.0148063 0.726397 0.000748674 -1.15577 -0.000547055 1.25933 0.015539 
End-Effector Position: 0.659654 0.0100399 0.470436 
End-Effector Quaternion: 5.19829e-05 2.70773e-06 1 -1.09415e-05 
Manipulability: 0.146799
Manipulability Ellipsoid Eigenvalues: 0.0601458 0.580275 0.61746 
Manipulability Ellipsoid Eigenvectors: -0.999843 -0.015308 0.0089343 0.00895165 -0.0010651 0.999959 -0.0152979 0.999882 0.00120196 
Force Ellipsoid Eigenvalues: 1.61954 1.72332 16.6263 
Force Ellipsoid Eigenvectors: 0.0152979 -0.999882 -0.00120196 0.00895165 -0.0010651 0.999959 0.999843 0.015308 -0.0089343 
joint effort: 0.00029149 0.000353204 0.000172599 -9.66992e-06 2.75608e-05 4.30615e-05 -7.82554e-05 
----------------------------------------
time: 127.708000000
Joint Positions: 0.0148059 0.726398 0.000748691 -1.15577 -0.000546985 1.25933 0.0155386 
End-Effector Position: 0.659654 0.0100397 0.470436 
End-Effector Quaternion: 5.1991e-05 2.70246e-06 1 -1.09025e-05 
Manipulability: 0.146799
Manipulability Ellipsoid Eigenvalues: 0.0601458 0.580275 0.61746 
Manipulability Ellipsoid Eigenvectors: -0.999843 -0.0153077 0.00893416 0.00895151 -0.00106519 0.999959 -0.0152975 0.999882 0.00120205 
Force Ellipsoid Eigenvalues: 1.61954 1.72332 16.6263 
Force Ellipsoid Eigenvectors: 0.0152975 -0.999882 -0.00120205 0.00895151 -0.00106519 0.999959 0.999843 0.0153077 -0.00893416 
joint effort: 0.000295379 0.000317731 0.000201415 8.42496e-06 1.29993e-05 4.32654e-05 -6.84266e-05 
----------------------------------------
time: 127.713000000
Joint Positions: 0.0148057 0.726398 0.000748704 -1.15577 -0.00054694 1.25933 0.0155383 
End-Effector Position: 0.659654 0.0100395 0.470436 
End-Effector Quaternion: 5.19962e-05 2.69874e-06 1 -1.08766e-05 
Manipulability: 0.146799
Manipulability Ellipsoid Eigenvalues: 0.0601458 0.580275 0.61746 
Manipulability Ellipsoid Eigenvectors: -0.999843 -0.0153074 0.00893406 0.00895141 -0.00106526 0.999959 -0.0152973 0.999882 0.00120211 
Force Ellipsoid Eigenvalues: 1.61954 1.72332 16.6263 
Force Ellipsoid Eigenvectors: 0.0152973 -0.999882 -0.00120211 0.00895141 -0.00106526 0.999959 0.999843 0.0153074 -0.00893406 
joint effort: 0.000373821 0.000348694 0.000256961 1.4079e-06 1.72924e-05 3.94448e-05 -6.50206e-05 
----------------------------------------
time: 127.718000000
Joint Positions: 0.0148053 0.726398 0.000748736 -1.15576 -0.000546881 1.25933 0.0155379 
End-Effector Position: 0.659654 0.0100393 0.470437 
End-Effector Quaternion: 5.20037e-05 2.6929e-06 1 -1.08378e-05 
Manipulability: 0.146799
Manipulability Ellipsoid Eigenvalues: 0.0601457 0.580276 0.617461 
Manipulability Ellipsoid Eigenvectors: -0.999843 -0.0153071 0.00893392 0.00895127 -0.00106537 0.999959 -0.0152969 0.999882 0.00120222 
Force Ellipsoid Eigenvalues: 1.61954 1.72332 16.6263 
Force Ellipsoid Eigenvectors: 0.0152969 -0.999882 -0.00120222 0.00895127 -0.00106537 0.999959 0.999843 0.0153071 -0.00893392 
joint effort: 0.000379272 0.000362621 0.000244904 -7.57466e-06 2.40388e-05 3.93952e-05 -6.87135e-05 
----------------------------------------
time: 127.722000000
Joint Positions: 0.014805 0.726398 0.000748766 -1.15576 -0.000546848 1.25933 0.0155377 
End-Effector Position: 0.659654 0.0100391 0.470437 
End-Effector Quaternion: 5.20085e-05 2.68883e-06 1 -1.0812e-05 
Manipulability: 0.146799
Manipulability Ellipsoid Eigenvalues: 0.0601457 0.580276 0.617461 
Manipulability Ellipsoid Eigenvectors: -0.999843 -0.0153068 0.00893383 0.00895118 -0.00106546 0.999959 -0.0152967 0.999882 0.00120231 
Force Ellipsoid Eigenvalues: 1.61954 1.72332 16.6263 
Force Ellipsoid Eigenvectors: 0.0152967 -0.999882 -0.00120231 0.00895118 -0.00106546 0.999959 0.999843 0.0153068 -0.00893383 
joint effort: 0.000317081 0.000355182 0.000167705 -1.71195e-05 3.2874e-05 4.31224e-05 -7.86736e-05 
----------------------------------------
time: 127.728000000
Joint Positions: 0.0148048 0.726398 0.000748799 -1.15576 -0.000546817 1.25933 0.0155374 
End-Effector Position: 0.659655 0.010039 0.470437 
End-Effector Quaternion: 5.20131e-05 2.68461e-06 1 -1.07863e-05 
Manipulability: 0.146799
Manipulability Ellipsoid Eigenvalues: 0.0601457 0.580276 0.617461 
Manipulability Ellipsoid Eigenvectors: -0.999843 -0.0153066 0.00893373 0.00895109 -0.00106556 0.999959 -0.0152965 0.999882 0.0012024 
Force Ellipsoid Eigenvalues: 1.61954 1.72332 16.6263 
Force Ellipsoid Eigenvectors: 0.0152965 -0.999882 -0.0012024 0.00895109 -0.00106556 0.999959 0.999843 0.0153066 -0.00893373 
joint effort: 0.000216801 0.000310724 8.41038e-05 -1.08117e-05 2.93076e-05 4.86837e-05 -8.36641e-05 
----------------------------------------
time: 127.732000000
Joint Positions: 0.0148044 0.726398 0.000748839 -1.15576 -0.000546764 1.25933 0.0155371 
End-Effector Position: 0.659655 0.0100388 0.470437 
End-Effector Quaternion: 5.20197e-05 2.67791e-06 1 -1.07476e-05 
Manipulability: 0.146799
Manipulability Ellipsoid Eigenvalues: 0.0601457 0.580276 0.617461 
Manipulability Ellipsoid Eigenvectors: -0.999843 -0.0153063 0.0089336 0.00895095 -0.00106569 0.999959 -0.0152961 0.999882 0.00120253 
Force Ellipsoid Eigenvalues: 1.61954 1.72332 16.6263 
Force Ellipsoid Eigenvectors: 0.0152961 -0.999882 -0.00120253 0.00895095 -0.00106569 0.999959 0.999843 0.0153063 -0.0089336 
joint effort: 0.000219808 0.000309676 8.25431e-05 -1.16434e-05 2.99308e-05 4.87742e-05 -8.36108e-05 
----------------------------------------
time: 127.738000000
Joint Positions: 0.0148041 0.726398 0.000748856 -1.15576 -0.000546722 1.25933 0.0155368 
End-Effector Position: 0.659655 0.0100386 0.470437 
End-Effector Quaternion: 5.20239e-05 2.67318e-06 1 -1.07216e-05 
Manipulability: 0.146799
Manipulability Ellipsoid Eigenvalues: 0.0601457 0.580276 0.617461 
Manipulability Ellipsoid Eigenvectors: -0.999843 -0.015306 0.0089335 0.00895086 -0.00106576 0.999959 -0.0152959 0.999882 0.0012026 
Force Ellipsoid Eigenvalues: 1.61954 1.72332 16.6263 
Force Ellipsoid Eigenvectors: 0.0152959 -0.999882 -0.0012026 0.00895086 -0.00106576 0.999959 0.999843 0.015306 -0.0089335 
joint effort: 0.00032199 0.000335344 0.000178926 -1.11399e-05 2.47066e-05 4.35084e-05 -7.22641e-05 
----------------------------------------
time: 127.742000000
Joint Positions: 0.0148038 0.726398 0.00074887 -1.15576 -0.000546649 1.25933 0.0155364 
End-Effector Position: 0.659655 0.0100384 0.470437 
End-Effector Quaternion: 5.20298e-05 2.66573e-06 1 -1.06826e-05 
Manipulability: 0.146799
Manipulability Ellipsoid Eigenvalues: 0.0601456 0.580276 0.617461 
Manipulability Ellipsoid Eigenvectors: -0.999843 -0.0153057 0.00893337 0.00895072 -0.00106585 0.999959 -0.0152955 0.999882 0.00120268 
Force Ellipsoid Eigenvalues: 1.61954 1.72332 16.6263 
Force Ellipsoid Eigenvectors: 0.0152955 -0.999882 -0.00120268 0.00895072 -0.00106585 0.999959 0.999843 0.0153057 -0.00893337 
joint effort: 0.000287759 0.000294396 0.00018367 5.93893e-06 6.60326e-06 4.50664e-05 -6.2976e-05 
----------------------------------------
time: 127.748000000
Joint Positions: 0.0148034 0.726399 0.000748884 -1.15576 -0.000546578 1.25933 0.015536 
End-Effector Position: 0.659655 0.0100382 0.470437 
End-Effector Quaternion: 5.20353e-05 2.65792e-06 1 -1.06436e-05 
Manipulability: 0.146799
Manipulability Ellipsoid Eigenvalues: 0.0601456 0.580276 0.617461 
Manipulability Ellipsoid Eigenvectors: -0.999843 -0.0153054 0.00893323 0.00895059 -0.00106594 0.999959 -0.0152952 0.999882 0.00120276 
Force Ellipsoid Eigenvalues: 1.61954 1.72332 16.6263 
Force Ellipsoid Eigenvectors: 0.0152952 -0.999882 -0.00120276 0.00895059 -0.00106594 0.999959 0.999843 0.0153054 -0.00893323 
joint effort: 0.000289493 0.000275036 0.000204662 1.54288e-05 -4.73946e-06 4.49624e-05 -5.51807e-05 
----------------------------------------
time: 127.752000000
Joint Positions: 0.0148032 0.726399 0.000748901 -1.15576 -0.000546535 1.25933 0.0155358 
End-Effector Position: 0.659655 0.010038 0.470437 
End-Effector Quaternion: 5.20388e-05 2.65257e-06 1 -1.06177e-05 
Manipulability: 0.146799
Manipulability Ellipsoid Eigenvalues: 0.0601456 0.580276 0.617461 
Manipulability Ellipsoid Eigenvectors: -0.999843 -0.0153051 0.00893314 0.0089505 -0.00106601 0.999959 -0.015295 0.999882 0.00120283 
Force Ellipsoid Eigenvalues: 1.61954 1.72332 16.6263 
Force Ellipsoid Eigenvectors: 0.015295 -0.999882 -0.00120283 0.0089505 -0.00106601 0.999959 0.999843 0.0153051 -0.00893314 
joint effort: 0.000254979 0.000267095 0.000164962 1.18557e-05 -2.0836e-06 4.68634e-05 -5.90141e-05 
----------------------------------------
time: 127.758000000
Joint Positions: 0.0148029 0.726399 0.000748927 -1.15576 -0.000546499 1.25933 0.0155355 
End-Effector Position: 0.659655 0.0100379 0.470437 
End-Effector Quaternion: 5.20421e-05 2.64712e-06 1 -1.05921e-05 
Manipulability: 0.146799
Manipulability Ellipsoid Eigenvalues: 0.0601456 0.580276 0.617461 
Manipulability Ellipsoid Eigenvectors: -0.999843 -0.0153049 0.00893305 0.00895041 -0.00106609 0.999959 -0.0152948 0.999882 0.00120291 
Force Ellipsoid Eigenvalues: 1.61954 1.72332 16.6263 
Force Ellipsoid Eigenvectors: 0.0152948 -0.999882 -0.00120291 0.00895041 -0.00106609 0.999959 0.999843 0.0153049 -0.00893305 
joint effort: 0.000249212 0.000285899 0.000133129 -1.61983e-06 9.67726e-06 4.72812e-05 -6.6638e-05 
----------------------------------------
time: 127.763000000
Joint Positions: 0.0148024 0.726399 0.000748989 -1.15576 -0.000546436 1.25933 0.015535 
End-Effector Position: 0.659655 0.0100376 0.470437 
End-Effector Quaternion: 5.20481e-05 2.63587e-06 1 -1.05412e-05 
Manipulability: 0.146799
Manipulability Ellipsoid Eigenvalues: 0.0601455 0.580277 0.617461 
Manipulability Ellipsoid Eigenvectors: -0.999843 -0.0153045 0.00893286 0.00895023 -0.00106628 0.999959 -0.0152943 0.999882 0.00120309 
Force Ellipsoid Eigenvalues: 1.61954 1.72332 16.6263 
Force Ellipsoid Eigenvectors: 0.0152943 -0.999882 -0.00120309 0.00895023 -0.00106628 0.999959 0.999843 0.0153045 -0.00893286 
joint effort: 0.000249005 0.000305286 0.000108101 -1.43927e-05 2.05435e-05 4.73715e-05 -7.32614e-05 
----------------------------------------
time: 127.767000000
Joint Positions: 0.0148022 0.726399 0.000749019 -1.15576 -0.000546403 1.25933 0.0155348 
End-Effector Position: 0.659655 0.0100374 0.470437 
End-Effector Quaternion: 5.20509e-05 2.63001e-06 1 -1.05158e-05 
Manipulability: 0.146799
Manipulability Ellipsoid Eigenvalues: 0.0601455 0.580277 0.617461 
Manipulability Ellipsoid Eigenvectors: -0.999843 -0.0153043 0.00893277 0.00895014 -0.00106637 0.999959 -0.0152941 0.999882 0.00120318 
Force Ellipsoid Eigenvalues: 1.61954 1.72332 16.6263 
Force Ellipsoid Eigenvectors: 0.0152941 -0.999882 -0.00120318 0.00895014 -0.00106637 0.999959 0.999843 0.0153043 -0.00893277 
joint effort: 0.000279878 0.000331051 0.000110525 -2.70879e-05 3.02251e-05 4.58755e-05 -7.64466e-05 
----------------------------------------
time: 127.773000000
Joint Positions: 0.014802 0.726399 0.000749042 -1.15576 -0.000546366 1.25933 0.0155346 
End-Effector Position: 0.659655 0.0100373 0.470437 
End-Effector Quaternion: 5.20535e-05 2.62398e-06 1 -1.04903e-05 
Manipulability: 0.146799
Manipulability Ellipsoid Eigenvalues: 0.0601455 0.580277 0.617461 
Manipulability Ellipsoid Eigenvectors: -0.999843 -0.0153041 0.00893268 0.00895005 -0.00106645 0.999959 -0.0152939 0.999882 0.00120326 
Force Ellipsoid Eigenvalues: 1.61954 1.72332 16.6263 
Force Ellipsoid Eigenvectors: 0.0152939 -0.999882 -0.00120326 0.00895005 -0.00106645 0.999959 0.999843 0.0153041 -0.00893268 
joint effort: 0.000230868 0.000291396 9.24864e-05 -1.31273e-05 1.7004e-05 4.81452e-05 -7.13097e-05 
----------------------------------------
time: 127.777000000
Joint Positions: 0.0148016 0.726399 0.000749063 -1.15576 -0.000546301 1.25933 0.0155342 
End-Effector Position: 0.659655 0.0100371 0.470437 
End-Effector Quaternion: 5.20571e-05 2.6146e-06 1 -1.0452e-05 
Manipulability: 0.146799
Manipulability Ellipsoid Eigenvalues: 0.0601455 0.580277 0.617461 
Manipulability Ellipsoid Eigenvectors: -0.999843 -0.0153037 0.00893255 0.00894992 -0.00106655 0.999959 -0.0152936 0.999882 0.00120335 
Force Ellipsoid Eigenvalues: 1.61954 1.72332 16.6264 
Force Ellipsoid Eigenvectors: 0.0152936 -0.999882 -0.00120335 0.00894992 -0.00106655 0.999959 0.999843 0.0153037 -0.00893255 
joint effort: 0.000265589 0.000281594 0.000138386 -3.3997e-06 8.3951e-06 4.64645e-05 -6.28778e-05 
----------------------------------------
time: 127.782000000
Joint Positions: 0.0148014 0.726399 0.000749073 -1.15576 -0.000546254 1.25933 0.0155339 
End-Effector Position: 0.659655 0.0100369 0.470437 
End-Effector Quaternion: 5.20593e-05 2.60816e-06 1 -1.04265e-05 
Manipulability: 0.146799
Manipulability Ellipsoid Eigenvalues: 0.0601455 0.580277 0.617461 
Manipulability Ellipsoid Eigenvectors: -0.999843 -0.0153035 0.00893246 0.00894983 -0.00106661 0.999959 -0.0152934 0.999882 0.00120341 
Force Ellipsoid Eigenvalues: 1.61953 1.72332 16.6264 
Force Ellipsoid Eigenvectors: 0.0152934 -0.999882 -0.00120341 0.00894983 -0.00106661 0.999959 0.999843 0.0153035 -0.00893246 
joint effort: 0.000281712 0.00025838 0.000177057 1.07897e-05 -5.11514e-06 4.5542e-05 -5.25105e-05 
----------------------------------------
time: 127.788000000
Joint Positions: 0.0148012 0.7264 0.000749085 -1.15576 -0.000546209 1.25933 0.0155337 
End-Effector Position: 0.659655 0.0100368 0.470437 
End-Effector Quaternion: 5.20613e-05 2.6016e-06 1 -1.04011e-05 
Manipulability: 0.146799
Manipulability Ellipsoid Eigenvalues: 0.0601454 0.580277 0.617461 
Manipulability Ellipsoid Eigenvectors: -0.999843 -0.0153033 0.00893237 0.00894974 -0.00106667 0.999959 -0.0152932 0.999882 0.00120346 
Force Ellipsoid Eigenvalues: 1.61953 1.72331 16.6264 
Force Ellipsoid Eigenvectors: 0.0152932 -0.999882 -0.00120346 0.00894974 -0.00106667 0.999959 0.999843 0.0153033 -0.00893237 
joint effort: 0.000303274 0.000261873 0.000194251 1.07482e-05 -5.34354e-06 4.44984e-05 -5.03827e-05 
----------------------------------------
time: 127.793000000
Joint Positions: 0.0148008 0.7264 0.000749115 -1.15576 -0.000546151 1.25933 0.0155333 
End-Effector Position: 0.659655 0.0100366 0.470437 
End-Effector Quaternion: 5.2064e-05 2.5916e-06 1 -1.03633e-05 
Manipulability: 0.146799
Manipulability Ellipsoid Eigenvalues: 0.0601454 0.580277 0.617461 
Manipulability Ellipsoid Eigenvectors: -0.999843 -0.015303 0.00893224 0.00894961 -0.00106678 0.999959 -0.0152929 0.999882 0.00120357 
Force Ellipsoid Eigenvalues: 1.61953 1.72331 16.6264 
Force Ellipsoid Eigenvectors: 0.0152929 -0.999882 -0.00120357 0.00894961 -0.00106678 0.999959 0.999843 0.015303 -0.00893224 
joint effort: 0.000305049 0.000273883 0.000178565 2.53051e-06 1.95979e-06 4.44659e-05 -5.45345e-05 
----------------------------------------
time: 127.798000000
Joint Positions: 0.0148005 0.7264 0.000749157 -1.15576 -0.000546102 1.25933 0.015533 
End-Effector Position: 0.659656 0.0100364 0.470437 
End-Effector Quaternion: 5.20664e-05 2.5814e-06 1 -1.03259e-05 
Manipulability: 0.146799
Manipulability Ellipsoid Eigenvalues: 0.0601454 0.580277 0.617461 
Manipulability Ellipsoid Eigenvectors: -0.999843 -0.0153027 0.00893211 0.00894948 -0.00106691 0.999959 -0.0152925 0.999882 0.0012037 
Force Ellipsoid Eigenvalues: 1.61953 1.72331 16.6264 
Force Ellipsoid Eigenvectors: 0.0152925 -0.999882 -0.0012037 0.00894948 -0.00106691 0.999959 0.999843 0.0153027 -0.00893211 
joint effort: 0.000335898 0.00031183 0.000164121 -1.73379e-05 2.0524e-05 4.3216e-05 -6.34949e-05 
----------------------------------------
time: 127.802000000
Joint Positions: 0.0148003 0.7264 0.000749188 -1.15576 -0.000546071 1.25933 0.0155328 
End-Effector Position: 0.659656 0.0100363 0.470437 
End-Effector Quaternion: 5.20678e-05 2.57445e-06 1 -1.03011e-05 
Manipulability: 0.146799
Manipulability Ellipsoid Eigenvalues: 0.0601454 0.580277 0.617461 
Manipulability Ellipsoid Eigenvectors: -0.999843 -0.0153025 0.00893202 0.00894939 -0.00106701 0.999959 -0.0152923 0.999882 0.00120379 
Force Ellipsoid Eigenvalues: 1.61953 1.72331 16.6264 
Force Ellipsoid Eigenvectors: 0.0152923 -0.999882 -0.00120379 0.00894939 -0.00106701 0.999959 0.999843 0.0153025 -0.00893202 
joint effort: 0.000211607 0.000270057 5.91326e-05 -1.42261e-05 1.70072e-05 4.89572e-05 -6.9924e-05 
----------------------------------------
time: 127.807000000
Joint Positions: 0.0148 0.7264 0.000749216 -1.15576 -0.000546039 1.25933 0.0155325 
End-Effector Position: 0.659656 0.0100361 0.470437 
End-Effector Quaternion: 5.2069e-05 2.56736e-06 1 -1.02763e-05 
Manipulability: 0.146799
Manipulability Ellipsoid Eigenvalues: 0.0601453 0.580277 0.617461 
Manipulability Ellipsoid Eigenvectors: -0.999843 -0.0153023 0.00893194 0.00894931 -0.00106709 0.999959 -0.0152921 0.999882 0.00120387 
Force Ellipsoid Eigenvalues: 1.61953 1.72331 16.6264 
Force Ellipsoid Eigenvectors: 0.0152921 -0.999882 -0.00120387 0.00894931 -0.00106709 0.999959 0.999843 0.0153023 -0.00893194 
