x y z nx ny nz
5.711266398429870605e-01 -4.263045638799667358e-02 1.985321640968322754e-01 4.652094841003417969e-02 3.429985418915748596e-02 -2.967103209812194109e-04 -2.666352745079840145e-03 -3.184773396521559802e-02 -9.994891757304426028e-01
5.741695165634155273e-01 -4.082916676998138428e-02 1.985105127096176147e-01 7.519525289535522461e-02 3.775174543261528015e-02 -5.694910068996250629e-04 -2.204381545542980284e-02 3.414171181938584904e-02 -9.991738656070867641e-01
5.783030390739440918e-01 -3.909748047590255737e-02 1.984805315732955933e-01 9.014613926410675049e-02 3.151574730873107910e-02 -6.298751686699688435e-04 -2.204381545542980284e-02 3.414171181938584904e-02 -9.991738656070867641e-01
5.829216241836547852e-01 -3.782831877470016479e-02 1.984522193670272827e-01 9.459676593542098999e-02 1.925073564052581787e-02 -5.026207072660326958e-04 -4.188284695378473310e-02 -2.002036112351754913e-04 -9.991225085281384422e-01
5.875872373580932617e-01 -3.722868487238883972e-02 1.984360814094543457e-01 9.202753752470016479e-02 4.734687041491270065e-03 -1.431120181223377585e-04 -4.188284695378473310e-02 -2.002036112351754913e-04 -9.991225085281384422e-01
5.920302867889404297e-01 -3.732636198401451111e-02 1.984423398971557617e-01 8.569549024105072021e-02 -8.641699329018592834e-03 3.933396656066179276e-04 -4.188284695378473310e-02 -2.002036112351754913e-04 -9.991225085281384422e-01
5.961250662803649902e-01 -3.799649700522422791e-02 1.984763294458389282e-01 7.809662818908691406e-02 -1.816364191472530365e-02 9.663161472417414188e-04 6.089809950727558679e-02 1.539937280306348836e-04 -9.981439764684921778e-01
5.998412966728210449e-01 -3.899846225976943970e-02 1.985370814800262451e-01 7.055308669805526733e-02 -2.191493287682533264e-02 1.463629305362701416e-03 4.748079663711032156e-02 9.236092797872289071e-04 -9.988717239438724693e-01
6.031839847564697266e-01 -4.001968353986740112e-02 1.986179053783416748e-01 6.315364688634872437e-02 -1.893384754657745361e-02 1.769308233633637428e-03 3.676873187232575918e-02 -1.677687979143410030e-02 -9.991829645560239559e-01
6.061422228813171387e-01 -4.072771593928337097e-02 1.987056136131286621e-01 5.517517402768135071e-02 -9.387503378093242645e-03 1.738815451972186565e-03 5.913320561469152803e-02 -5.344184377744002484e-02 -9.968185558693207771e-01
6.086662411689758301e-01 -4.082651436328887939e-02 1.987831890583038330e-01 4.578532651066780090e-02 5.435518920421600342e-03 1.364320749416947365e-03 5.913320561469152803e-02 -5.344184377744002484e-02 -9.968185558693207771e-01
6.106765866279602051e-01 -4.010523855686187744e-02 1.988373845815658569e-01 3.462740406394004822e-02 2.341550216078758240e-02 8.034599013626575470e-04 5.913320561469152803e-02 -5.344184377744002484e-02 -9.968185558693207771e-01
6.120939254760742188e-01 -3.846785798668861389e-02 1.988642364740371704e-01 2.206525579094886780e-02 4.207971319556236267e-02 2.705905935727059841e-04 6.240914106537650413e-03 -4.777905085434475813e-02 -9.988384320242051917e-01
6.128733158111572266e-01 -3.593778982758522034e-02 1.988696008920669556e-01 9.110061451792716980e-03 5.912307649850845337e-02 -5.624372352031059563e-05 6.240914106537650413e-03 -4.777905085434475813e-02 -9.988384320242051917e-01
6.130293607711791992e-01 -3.263797238469123840e-02 1.988668292760848999e-01 -2.867222763597965240e-03 7.286953181028366089e-02 -5.437319850898347795e-05 1.604590879084503291e-02 -1.070227389963532630e-02 -9.998139777690913110e-01
6.126440167427062988e-01 -2.875179238617420197e-02 1.988724321126937866e-01 -1.254720985889434814e-02 8.257767558097839355e-02 2.784290409181267023e-04 1.604590879084503291e-02 -1.070227389963532630e-02 -9.998139777690913110e-01
6.118528246879577637e-01 -2.447585575282573700e-02 1.988996267318725586e-01 -1.910011656582355499e-02 8.845981210470199585e-02 8.094332879409193993e-04 4.166807430643095639e-02 2.751181077861141952e-02 -9.987526579935972482e-01
6.108129620552062988e-01 -1.998096518218517303e-02 1.989548355340957642e-01 -2.249343320727348328e-02 9.133580327033996582e-02 1.399113214574754238e-03 3.897906895759671586e-02 4.225129950843807547e-02 -9.983463626773260158e-01
6.096628904342651367e-01 -1.539557706564664841e-02 1.990386545658111572e-01 -2.351032942533493042e-02 9.207970649003982544e-02 1.953714992851018906e-03 7.128411452695116064e-03 6.447569616438615647e-02 -9.978938171730893369e-01
6.084882616996765137e-01 -1.081334613263607025e-02 1.991468966007232666e-01 -2.347390539944171906e-02 9.120951592922210693e-02 2.375832758843898773e-03 -1.793179165008610342e-04 7.927923811060852421e-02 -9.968524315302069727e-01
6.073053479194641113e-01 -6.312247831374406815e-03 1.992699205875396729e-01 -2.384334057569503784e-02 8.883440494537353516e-02 2.545265015214681625e-03 -5.205855610563604567e-03 6.944304531488054190e-03 -9.999623371407223571e-01
6.060628890991210938e-01 -1.970587996765971184e-03 1.993929594755172729e-01 -2.585475891828536987e-02 8.483198285102844238e-02 2.376093529164791107e-03 -9.629003529581479925e-03 -1.651064652971302510e-03 -9.999522769985269566e-01
6.046598553657531738e-01 2.125391503795981407e-03 1.994998455047607422e-01 -3.026540391147136688e-02 7.900719344615936279e-02 1.899228198453783989e-03 -9.629003529581479925e-03 -1.651064652971302510e-03 -9.999522769985269566e-01
6.029736399650573730e-01 5.879051052033901215e-03 1.995777487754821777e-01 -3.718399256467819214e-02 7.113917171955108643e-02 1.216826960444450378e-03 1.181795217334920961e-02 -3.521388709588598592e-02 -9.993099209754832124e-01
6.008943319320678711e-01 9.182612411677837372e-03 1.996187865734100342e-01 -4.598717018961906433e-02 6.100328266620635986e-02 4.247918841429054737e-04 1.354375022015234104e-02 -2.355984319311092701e-02 -9.996306821104933293e-01
5.983605384826660156e-01 1.192035246640443802e-02 1.996191591024398804e-01 -5.536385998129844666e-02 4.850631952285766602e-02 -4.098876961506903172e-04 7.126244224355623817e-03 -9.889650829669603682e-03 -9.999257029638363159e-01
5.953885912895202637e-01 1.398101914674043655e-02 1.995782107114791870e-01 -6.351437419652938843e-02 3.392033651471138000e-02 -1.228238921612501144e-03 -5.863725851245762434e-03 2.309728452832670448e-02 -9.997160257615954615e-01
5.920889973640441895e-01 1.527972146868705750e-02 1.994983851909637451e-01 -6.846847385168075562e-02 1.802777126431465149e-02 -1.965074101462960243e-03 -5.863725851245762434e-03 2.309728452832670448e-02 -9.997160257615954615e-01
5.886657834053039551e-01 1.578045450150966644e-02 1.993851959705352783e-01 -6.845949590206146240e-02 2.001563319936394691e-03 -2.562502864748239517e-03 1.547439019944912841e-02 3.146785832387392901e-02 -9.993849694379357551e-01
5.853964686393737793e-01 1.550696883350610733e-02 1.992469131946563721e-01 -6.231345608830451965e-02 -1.294097304344177246e-02 -2.968862419947981834e-03 4.600333446547957145e-02 3.887074888064808581e-02 -9.981847314488009326e-01
5.825937390327453613e-01 1.453599333763122559e-02 1.990952789783477783e-01 -4.979550838470458984e-02 -2.589803375303745270e-02 -3.096298314630985260e-03 6.905242629172034241e-02 6.727791003111943668e-02 -9.953418735505258352e-01
5.805541872978210449e-01 1.297683548182249069e-02 1.989459991455078125e-01 -3.178542107343673706e-02 -3.646827116608619690e-02 -2.874951111152768135e-03 3.623929706320801192e-02 5.739769389437612834e-02 -9.976934489521178673e-01
5.795047283172607422e-01 1.094726286828517914e-02 1.988154053688049316e-01 -1.019404735416173935e-02 -4.471464082598686218e-02 -2.348961774259805679e-03 2.972716072017787467e-02 4.547529940640972212e-02 -9.985230558466909878e-01
5.795580744743347168e-01 8.554660715162754059e-03 1.987151503562927246e-01 1.232707407325506210e-02 -5.098943039774894714e-02 -1.661161077208817005e-03 1.991753337494495124e-02 3.257761240955163451e-02 -9.992707295983161986e-01
5.806862115859985352e-01 5.886310711503028870e-03 1.986496299505233765e-01 3.279956057667732239e-02 -5.574456229805946350e-02 -9.599287877790629864e-04 1.991753337494495124e-02 3.257761240955163451e-02 -9.992707295983161986e-01
5.827167034149169922e-01 3.008024999871850014e-03 1.986162066459655762e-01 4.842024296522140503e-02 -5.938686057925224304e-02 -3.768283349927514791e-04 5.510313871446591988e-02 4.867340930226739942e-02 -9.972936093892851295e-01
5.853539705276489258e-01 -2.961870995932258666e-05 1.986062824726104736e-01 5.706974118947982788e-02 -6.211888790130615234e-02 -2.018606573983561248e-05 7.757889677528524708e-02 6.637265381136027431e-02 -9.947744395586202160e-01
5.882225036621093750e-01 -3.175427438691258430e-03 1.986074894666671753e-01 5.767197161912918091e-02 -6.371345371007919312e-02 6.859891436761245131e-05 8.752207409773980762e-02 6.622321378086176713e-02 -9.939589390413287040e-01
5.909219384193420410e-01 -6.353481207042932510e-03 1.986067593097686768e-01 5.030646920204162598e-02 -6.340868026018142700e-02 -9.786182636162266135e-05 9.600530524652838016e-02 6.112466562835490447e-02 -9.935022680469042244e-01
5.930819511413574219e-01 -9.443733841180801392e-03 1.985935121774673462e-01 3.609507530927658081e-02 -6.020143255591392517e-02 -4.319441504776477814e-04 8.066782732149659074e-02 5.190387740237300401e-02 -9.953887125861077267e-01
5.944078564643859863e-01 -1.228401064872741699e-02 1.985629051923751831e-01 1.694213785231113434e-02 -5.340964719653129578e-02 -7.920409552752971649e-04 8.688346625967367787e-02 6.910238099149192126e-02 -9.938189594840756147e-01
5.947113037109375000e-01 -1.469545811414718628e-02 1.985171139240264893e-01 -4.804150667041540146e-03 -4.304825887084007263e-02 -1.039733528159558773e-03 6.797153704388392281e-02 5.278470885845976124e-02 -9.962899400579227072e-01
5.939242839813232422e-01 -1.651679351925849915e-02 1.984646469354629517e-01 -2.667599171400070190e-02 -2.980517596006393433e-02 -1.058678375557065010e-03 5.232890521740127948e-02 2.288496798072201660e-02 -9.983676496748427054e-01
5.920992493629455566e-01 -1.763147115707397461e-02 1.984182000160217285e-01 -4.632525891065597534e-02 -1.478190720081329346e-02 -7.992672617547214031e-04 4.093689652427267428e-02 8.420184092024690647e-03 -9.991262537841838487e-01
5.893972516059875488e-01 -1.798164471983909607e-02 1.983917355537414551e-01 -6.175479665398597717e-02 7.749304058961570263e-04 -2.594584075268357992e-04 4.093689652427267428e-02 8.420184092024690647e-03 -9.991262537841838487e-01
5.860622525215148926e-01 -1.756988465785980225e-02 1.983975917100906372e-01 -7.164599746465682983e-02 1.569543965160846710e-02 4.938545171171426773e-04 -2.081310902637348303e-02 -2.494189067445105185e-02 -9.994722190137352857e-01
5.823780894279479980e-01 -1.645041257143020630e-02 1.984427422285079956e-01 -7.572113722562789917e-02 2.908345498144626617e-02 1.312164706178009510e-03 -1.693811481568560304e-02 -2.707960498037198516e-02 -9.994897674606767479e-01
5.786136984825134277e-01 -1.471186149865388870e-02 1.985269337892532349e-01 -7.485513389110565186e-02 4.045856371521949768e-02 2.055595396086573601e-03 -1.892443594360202971e-02 -1.266431093061704113e-03 -9.998201147579013348e-01
5.749742984771728516e-01 -1.245627552270889282e-02 1.986449360847473145e-01 -7.072132080793380737e-02 4.976487159729003906e-02 2.664430765435099602e-03 -1.892443594360202971e-02 -1.266431093061704113e-03 -9.998201147579013348e-01
5.715778470039367676e-01 -9.780908003449440002e-03 1.987895071506500244e-01 -6.513597071170806885e-02 5.724981799721717834e-02 3.118236083537340164e-03 -3.297792333302736884e-02 1.618227092578948534e-02 -9.993250675722716858e-01
5.684625506401062012e-01 -6.766829639673233032e-03 1.989514231681823730e-01 -5.947482585906982422e-02 6.331329792737960815e-02 3.358690533787012100e-03 -2.692326868573072240e-02 2.253562139560641095e-02 -9.993834516188417894e-01
5.656164288520812988e-01 -3.474407829344272614e-03 1.991177946329116821e-01 -5.436960607767105103e-02 6.838357448577880859e-02 3.296093549579381943e-03 -3.471081286407136368e-02 5.578822846441792299e-02 -9.978390817326795448e-01
5.630154609680175781e-01 5.484879511641338468e-05 1.992728561162948608e-01 -4.966954514384269714e-02 7.278668880462646484e-02 2.906457521021366119e-03 -2.064855329907776260e-02 7.378414820055992362e-02 -9.970604478761418976e-01
5.606586933135986328e-01 3.788800211623311043e-03 1.994023174047470093e-01 -4.460077360272407532e-02 7.657136768102645874e-02 2.271862700581550598e-03 4.415044040999275936e-03 6.163609248345992137e-02 -9.980889236373110540e-01
5.585916042327880859e-01 7.686662953346967697e-03 1.994977742433547974e-01 -3.808351978659629822e-02 7.934313267469406128e-02 1.546317012980580330e-03 1.355278844661137946e-02 4.782764732517486711e-02 -9.987636547625569072e-01
5.569105148315429688e-01 1.167642883956432343e-02 1.995586454868316650e-01 -2.915927208960056305e-02 8.024749904870986938e-02 8.887269650585949421e-04 3.449499333986979360e-02 1.803944660388458882e-02 -9.992420496549913045e-01
5.557460784912109375e-01 1.563780568540096283e-02 1.995912194252014160e-01 -1.741885207593441010e-02 7.820755988359451294e-02 4.145260609220713377e-04 3.771200920638052151e-02 -1.175445273782173804e-02 -9.992195140210443638e-01
5.552290678024291992e-01 1.940203830599784851e-02 1.996057927608489990e-01 -3.262660466134548187e-03 7.236176729202270508e-02 1.684395247139036655e-04 3.993009353091312580e-02 -1.833888440413302193e-02 -9.990341700599756347e-01
5.554507374763488770e-01 2.277312986552715302e-02 1.996122747659683228e-01 1.212980505079030991e-02 6.248188018798828125e-02 9.081237658392637968e-05 2.493936954043875220e-02 -3.325659141557750671e-03 -9.996834338110237583e-01
5.564314723014831543e-01 2.556397393345832825e-02 1.996165961027145386e-01 2.710066176950931549e-02 4.915189370512962341e-02 8.213978435378521681e-05 1.180765857483546434e-02 1.481907980263672507e-02 -9.998204709200463336e-01
5.581081509590148926e-01 2.763443440198898315e-02 1.996216177940368652e-01 3.996611759066581726e-02 3.366651013493537903e-02 1.187467059935443103e-04 1.637862500896750096e-04 8.743083343587899903e-03 -9.999617651019019338e-01
5.603441596031188965e-01 2.892048284411430359e-02 1.996301263570785522e-01 4.947456344962120056e-02 1.777540892362594604e-02 2.216258726548403502e-04 -1.252106664671240842e-02 -7.200425302122129279e-03 -9.998956829407240621e-01
5.629592537879943848e-01 2.945000305771827698e-02 1.996448636054992676e-01 5.512854084372520447e-02 3.405414056032896042e-03 3.680312365759164095e-04 -1.252106664671240842e-02 -7.200425302122129279e-03 -9.998956829407240621e-01
5.657690167427062988e-01 2.934499457478523254e-02 1.996664106845855713e-01 5.726142972707748413e-02 -7.605785503983497620e-03 4.935972974635660648e-04 -1.252106664671240842e-02 -7.200425302122129279e-03 -9.998956829407240621e-01
5.686209201812744141e-01 2.881000004708766937e-02 1.996917128562927246e-01 5.681559070944786072e-02 -1.379398908466100693e-02 5.183552857488393784e-04 3.863236863613792732e-02 2.818824006787015723e-02 -9.988558270408385287e-01
5.714139342308044434e-01 2.810628339648246765e-02 1.997152417898178101e-01 5.490579456090927124e-02 -1.435465086251497269e-02 4.229767946526408195e-04 3.863236863613792732e-02 2.818824006787015723e-02 -9.988558270408385287e-01
5.740957260131835938e-01 2.751381881535053253e-02 1.997320055961608887e-01 5.236699804663658142e-02 -9.343954734504222870e-03 2.477332600392401218e-04 3.681345357247598621e-02 3.375237503693009899e-02 -9.987519946480374333e-01
5.766422748565673828e-01 2.728815935552120209e-02 1.997387558221817017e-01 4.949500039219856262e-02 3.176107711624354124e-04 2.235206557088531554e-05 -6.566406540059591991e-03 3.848378440197536970e-02 -9.992376497316606265e-01
5.790315270423889160e-01 2.762308344244956970e-02 1.997342407703399658e-01 4.607505723834037781e-02 1.307936944067478180e-02 -2.030796167673543096e-04 -2.488890382593172620e-02 1.343498175531843142e-02 -9.995999418415238980e-01
5.812245011329650879e-01 2.862826921045780182e-02 1.997194737195968628e-01 4.164342954754829407e-02 2.712805010378360748e-02 -3.877872950397431850e-04 -3.356797146914970026e-02 -2.804465096141454516e-03 -9.994325021055553426e-01
5.831617116928100586e-01 3.032511286437511444e-02 1.996971368789672852e-01 3.584421798586845398e-02 4.074571654200553894e-02 -5.055245710536837578e-04 -5.013662687238219090e-02 -2.433497559885793027e-02 -9.984458561216338346e-01
5.847756266593933105e-01 3.265784308314323425e-02 1.996719539165496826e-01 2.871265076100826263e-02 5.256352573633193970e-02 -5.018394440412521362e-04 -3.629899015536754842e-02 -2.899632706362687343e-02 -9.989202151966491972e-01
5.860125422477722168e-01 3.551404550671577454e-02 1.996512711048126221e-01 2.076299674808979034e-02 6.168453022837638855e-02 -3.257097268942743540e-04 -5.236535276632107300e-02 -3.763027832879358575e-02 -9.979187501898921786e-01
5.868527293205261230e-01 3.874868154525756836e-02 1.996441185474395752e-01 1.284481864422559738e-02 6.770092248916625977e-02 3.932538675144314766e-05 -5.621643078797596005e-02 -4.065264220093146863e-02 -9.975906352755842255e-01
5.873196125030517578e-01 4.220754280686378479e-02 1.996592432260513306e-01 5.831412039697170258e-03 7.065349817276000977e-02 5.656427820213139057e-04 3.773223860637741484e-02 7.672213129609425919e-02 -9.963382923169902261e-01
5.874725580215454102e-01 4.574814438819885254e-02 1.997026652097702026e-01 2.860366366803646088e-04 7.097051292657852173e-02 1.171150826849043369e-03 4.660331307452138250e-02 9.195957381228760108e-02 -9.946715880091984152e-01
5.873861312866210938e-01 4.925698041915893555e-02 1.997758746147155762e-01 -3.743466688320040703e-03 6.938286870718002319e-02 1.757416641339659691e-03 4.954774402935220590e-02 4.730232756326227528e-02 -9.976509965246863620e-01
5.871244072914123535e-01 5.266145989298820496e-02 1.998763084411621094e-01 -6.725807674229145050e-03 6.679628789424896240e-02 2.259846776723861694e-03 4.954774402935220590e-02 4.730232756326227528e-02 -9.976509965246863620e-01
5.867199301719665527e-01 5.593435838818550110e-02 1.999983787536621094e-01 -9.453611448407173157e-03 6.411965936422348022e-02 2.623056527227163315e-03 5.470306198634145717e-02 3.171168074815926274e-02 -9.979989700953831866e-01
5.861651301383972168e-01 5.908902361989021301e-02 2.001339644193649292e-01 -1.273752097040414810e-02 6.206696107983589172e-02 2.800586633384227753e-03 5.172744294706271145e-02 6.216053475066212960e-03 -9.986418939356356272e-01
5.854192376136779785e-01 6.216467544436454773e-02 2.002734839916229248e-01 -1.709841564297676086e-02 6.095912307500839233e-02 2.779908012598752975e-03 3.828062893439275471e-02 1.625967475492690745e-02 -9.991347338688867374e-01
5.844277739524841309e-01 6.520276516675949097e-02 2.004070430994033813e-01 -2.256071381270885468e-02 6.056432798504829407e-02 2.562665380537509918e-03 3.582761191488586378e-02 3.240947352625945382e-02 -9.988323223886114155e-01
5.831483602523803711e-01 6.821800023317337036e-02 2.005252540111541748e-01 -2.861482463777065277e-02 6.004512682557106018e-02 2.165722893550992012e-03 2.389355954158755430e-02 5.207272343318647412e-02 -9.983574156005871059e-01
5.815739035606384277e-01 7.117160409688949585e-02 2.006196975708007812e-01 -3.436275199055671692e-02 5.809901654720306396e-02 1.611798303201794624e-03 4.049907362581011555e-02 6.664258654540901328e-02 -9.969546582929379452e-01
5.797450542449951172e-01 7.395718991756439209e-02 2.006831020116806030e-01 -3.879119828343391418e-02 5.332451313734054565e-02 9.246757836081087589e-04 4.779450960165828460e-02 7.613860843884721896e-02 -9.959511017891053974e-01
5.777488350868225098e-01 7.640805095434188843e-02 2.007097005844116211e-01 -4.105645418167114258e-02 4.470992460846900940e-02 1.389822282362729311e-04 5.304781636451131460e-02 7.887972067825288480e-02 -9.954717067012390785e-01
5.757057070732116699e-01 7.832606881856918335e-02 2.006959766149520874e-01 -4.066820815205574036e-02 3.201067820191383362e-02 -6.881770677864551544e-04 5.106206309688038347e-02 7.494907684089327504e-02 -9.958791601348970790e-01
5.737506747245788574e-01 7.952217012643814087e-02 2.006414681673049927e-01 -3.753232955932617188e-02 1.583331637084484100e-02 -1.492065610364079475e-03 6.004356926065167188e-02 8.374182986928302430e-02 -9.946768700028092436e-01
5.720147490501403809e-01 7.985419034957885742e-02 2.005487531423568726e-01 -3.190518915653228760e-02 -2.552608493715524673e-03 -2.216284861788153648e-03 6.063385366669422905e-02 9.348439362476061720e-02 -9.937727124127209155e-01
5.706089138984680176e-01 7.925255596637725830e-02 2.004233896732330322e-01 -2.432847395539283752e-02 -2.151264064013957977e-02 -2.797972410917282104e-03 6.593070330993068551e-02 1.006651981224989945e-01 -9.927334285930015101e-01
5.696114897727966309e-01 7.773163169622421265e-02 2.002737671136856079e-01 -1.556874811649322510e-02 -3.932426497340202332e-02 -3.187226830050349236e-03 6.593070330993068551e-02 1.006651981224989945e-01 -9.927334285930015101e-01
5.690582394599914551e-01 7.538802921772003174e-02 2.001093178987503052e-01 -6.560180801898241043e-03 -5.441969260573387146e-02 -3.390662604942917824e-03 5.073803202077536989e-02 9.964621530311253139e-02 -9.937284759331516115e-01
5.689355731010437012e-01 7.238674163818359375e-02 1.999375969171524048e-01 1.654339139349758625e-03 -6.563190370798110962e-02 -3.477961523458361626e-03 6.830531623667417118e-02 6.789614624276385513e-02 -9.953514440122087636e-01
5.691767930984497070e-01 6.893561780452728271e-02 1.997629702091217041e-01 7.995101623237133026e-03 -7.241313159465789795e-02 -3.507147077471017838e-03 3.614518087183456185e-02 3.616660091445168118e-02 -9.986918958698109972e-01
5.696629881858825684e-01 6.525307148694992065e-02 1.995885521173477173e-01 1.145207881927490234e-02 -7.488860934972763062e-02 -3.469435963779687881e-03 2.004173254964869075e-02 2.414860583771579958e-02 -9.995074656001838864e-01
5.702301859855651855e-01 6.153953075408935547e-02 1.994193643331527710e-01 1.123535912483930588e-02 -7.365299761295318604e-02 -3.298108465969562531e-03 1.053927091396286014e-02 2.638735421466942635e-02 -9.995962341386405159e-01
5.706849694252014160e-01 5.796272680163383484e-02 1.992634236812591553e-01 6.956579163670539856e-03 -6.941917538642883301e-02 -2.939403289929032326e-03 5.391793056091378697e-03 3.837204660656287625e-02 -9.992489752833694228e-01
5.708287358283996582e-01 5.465796217322349548e-02 1.991302222013473511e-01 -1.206180313602089882e-03 -6.277140974998474121e-02 -2.388520631939172745e-03 1.425046919367944920e-02 4.712282449474031881e-02 -9.987874466258563899e-01
5.704877376556396484e-01 5.173510313034057617e-02 1.990284621715545654e-01 -1.243469119071960449e-02 -5.414289981126785278e-02 -1.681710593402385712e-03 1.851101129918735974e-02 3.828521973932121764e-02 -9.990953830381726908e-01
5.695436596870422363e-01 4.928401485085487366e-02 1.989637911319732666e-01 -2.532854303717613220e-02 -4.390066117048263550e-02 -9.052200475707650185e-04 3.651267018757939353e-02 6.084128997254814597e-03 -9.993146693049780316e-01
5.679585933685302734e-01 4.737664014101028442e-02 1.989372223615646362e-01 -3.807510808110237122e-02 -3.239436820149421692e-02 -1.573764602653682232e-04 2.034596317741141011e-02 -1.105749896254165469e-02 -9.997318507965406997e-01
5.657891631126403809e-01 4.606797173619270325e-02 1.989456117153167725e-01 -4.870161414146423340e-02 -1.995235309004783630e-02 4.928900161758065224e-04 2.034596317741141011e-02 -1.105749896254165469e-02 -9.997318507965406997e-01
5.631867051124572754e-01 4.539702832698822021e-02 1.989830285310745239e-01 -5.539697036147117615e-02 -6.885418668389320374e-03 1.003753859549760818e-03 2.972713017631624117e-03 -3.584802476676189186e-03 -9.999891560244630329e-01
5.603802204132080078e-01 4.538677632808685303e-02 1.990420222282409668e-01 -5.686204507946968079e-02 6.475295871496200562e-03 1.356031978502869606e-03 -1.277715447328518078e-02 -4.390356021620662498e-03 -9.999087303827131068e-01
5.576440095901489258e-01 4.604215919971466064e-02 1.991149187088012695e-01 -5.258658155798912048e-02 1.973999664187431335e-02 1.559580327011644840e-03 -2.045553363134078317e-02 -1.197752474084140366e-02 -9.997190155453379301e-01
5.552557110786437988e-01 4.734732955694198608e-02 1.991950869560241699e-01 -4.294562712311744690e-02 3.246686235070228577e-02 1.647323719225823879e-03 -1.762743126154320619e-02 2.268247533781090654e-03 -9.998420518853189387e-01
5.534546375274658203e-01 4.926489293575286865e-02 1.992781460285186768e-01 -2.909747324883937836e-02 4.423572868108749390e-02 1.674787723459303379e-03 -4.312422543524996321e-02 -1.538787607979400646e-02 -9.989512072410555721e-01
5.524083971977233887e-01 5.173965543508529663e-02 1.993631571531295776e-01 -1.275165099650621414e-02 5.475479736924171448e-02 1.725460286252200603e-03 -1.052148057074011461e-02 6.851806370684385313e-03 -9.999211724901408971e-01
5.521926283836364746e-01 5.470665171742439270e-02 1.994533985853195190e-01 4.121681675314903259e-03 6.392500549554824829e-02 1.884149620309472084e-03 1.035181808472890840e-02 3.336604244377712469e-03 -9.999408517169688926e-01
5.527861118316650391e-01 5.810017883777618408e-02 1.995559185743331909e-01 1.961834356188774109e-02 7.181613892316818237e-02 2.216493478044867516e-03 3.027004660455452287e-02 1.628903238845210875e-03 -9.995404298730475867e-01
5.540829300880432129e-01 6.185982748866081238e-02 1.996792852878570557e-01 3.225386515259742737e-02 7.856984436511993408e-02 2.718099858611822128e-03 6.128022419133417886e-02 -1.377077500431274750e-03 -9.981196510331902250e-01
5.559208393096923828e-01 6.593108922243118286e-02 1.998301297426223755e-01 4.126344621181488037e-02 8.428074419498443604e-02 3.315505338832736015e-03 6.726683468082504669e-02 -1.591858099938060073e-02 -9.976080250925153381e-01
5.581197142601013184e-01 7.026065886020660400e-02 2.000112831592559814e-01 4.669189825654029846e-02 8.890198916196823120e-02 3.930842038244009018e-03 2.652963031092580096e-02 6.069309056086024876e-03 -9.996296025034208110e-01
5.605163574218750000e-01 7.478865981101989746e-02 2.002211064100265503e-01 4.917440563440322876e-02 9.221814572811126709e-02 4.462041426450014114e-03 1.899348113833137369e-02 5.867709445431595200e-02 -9.980963111136356147e-01
5.629838705062866211e-01 7.944309711456298828e-02 2.004519402980804443e-01 4.952663555741310120e-02 9.395926445722579956e-02 4.771344829350709915e-03 2.240659158556324027e-02 1.167227588744455535e-01 -9.929117494582565540e-01
5.654331445693969727e-01 8.414398133754730225e-02 2.006893754005432129e-01 4.844528436660766602e-02 9.407614916563034058e-02 4.726276267319917679e-03 2.636864456685278704e-02 1.106950145006602992e-01 -9.935045587949788981e-01
5.678067803382873535e-01 8.882048726081848145e-02 2.009144872426986694e-01 4.650070145726203918e-02 9.298405796289443970e-02 4.277907311916351318e-03 2.029768390537675313e-02 7.319905431462665757e-02 -9.971107774332408358e-01
5.700758695602416992e-01 9.343179315328598022e-02 2.011090517044067383e-01 4.426208138465881348e-02 9.146824479103088379e-02 3.504869760945439339e-03 -3.762157160277757040e-02 2.924925246878934751e-02 -9.988639039319391344e-01
5.722395777702331543e-01 9.797330200672149658e-02 2.012608796358108521e-01 4.228540882468223572e-02 9.019213914871215820e-02 2.568339463323354721e-03 -4.556571314378812104e-02 2.223406780844756903e-02 -9.987138789525192850e-01
5.743193626403808594e-01 1.024558618664741516e-01 2.013652175664901733e-01 4.090591892600059509e-02 8.911026269197463989e-02 1.605023629963397980e-03 -8.655669947193872504e-02 1.363967258844553734e-02 -9.961535509680243816e-01
5.763420462608337402e-01 1.068632453680038452e-01 2.014224231243133545e-01 4.000256210565567017e-02 8.718510717153549194e-02 6.834637024439871311e-04 -1.039971679443281588e-01 5.232888968954374845e-03 -9.945638269767295148e-01
5.783157944679260254e-01 1.111083328723907471e-01 2.014356106519699097e-01 3.894640877842903137e-02 8.261832594871520996e-02 -1.558441435918211937e-04 -1.031434778269467029e-01 -1.482726095860470352e-03 -9.946653831832525938e-01
5.802101492881774902e-01 1.150120720267295837e-01 2.014102637767791748e-01 3.682712838053703308e-02 7.353126257658004761e-02 -8.577628759667277336e-04 -1.110352601225233493e-01 2.140454998076888812e-02 -9.935859380283339481e-01
5.819523930549621582e-01 1.183198094367980957e-01 2.013547718524932861e-01 3.286358714103698730e-02 5.877820402383804321e-02 -1.361662638373672962e-03 -5.926078971172398652e-02 5.601583436460436799e-02 -9.966696469247873225e-01
5.834429860115051270e-01 1.207506731152534485e-01 2.012798786163330078e-01 2.676106430590152740e-02 3.845636174082756042e-02 -1.634078565984964371e-03 -4.065246340561055188e-02 6.730905936149811364e-02 -9.969036401503034162e-01
5.845823884010314941e-01 1.220591217279434204e-01 2.011970281600952148e-01 1.881588064134120941e-02 1.388152223080396652e-02 -1.680117682553827763e-03 -3.136076409351414018e-02 6.523010424485589653e-02 -9.973773287846863234e-01
5.852974057197570801e-01 1.220861151814460754e-01 2.011168152093887329e-01 9.784068912267684937e-03 -1.280164252966642380e-02 -1.528652152046561241e-03 -3.136076409351414018e-02 6.523010424485589653e-02 -9.973773287846863234e-01
5.855590701103210449e-01 1.207893267273902893e-01 2.010479569435119629e-01 6.817924440838396549e-04 -3.906989097595214844e-02 -1.225732499733567238e-03 -2.845752215331546695e-02 7.103304438508253882e-02 -9.970679395288368774e-01
5.853917002677917480e-01 1.182521060109138489e-01 2.009964436292648315e-01 -7.376248016953468323e-03 -6.241895630955696106e-02 -8.349283598363399506e-04 -2.501121385831350449e-02 5.478612301849399707e-02 -9.981848124991364868e-01
5.848749876022338867e-01 1.146721690893173218e-01 2.009647935628890991e-01 -1.329254731535911560e-02 -8.077849447727203369e-02 -4.309476644266396761e-04 -3.136348923890355106e-02 3.741549239057131993e-02 -9.988074952011185559e-01
5.841402411460876465e-01 1.103283613920211792e-01 2.009516507387161255e-01 -1.609621383249759674e-02 -9.297382831573486328e-02 -9.476577542955055833e-05 -5.081938079868698194e-02 1.264800163558420579e-02 -9.986277677833038657e-01
5.833604335784912109e-01 1.055288836359977722e-01 2.009520828723907471e-01 -1.509547512978315353e-02 -9.900520741939544678e-02 1.122466564993374050e-04 -5.143942765196400646e-02 -1.301080020139634350e-02 -9.985913600462192896e-01
5.827311277389526367e-01 1.005584299564361572e-01 2.009593546390533447e-01 -1.007610931992530823e-02 -9.981283545494079590e-02 1.784551568562164903e-04 -5.248066456162660265e-02 2.365826906399610388e-04 -9.986219123741478798e-01
5.824419260025024414e-01 9.564973413944244385e-02 2.009672224521636963e-01 -1.491590403020381927e-03 -9.653508663177490234e-02 1.359846646664664149e-04 -3.255688405951810693e-02 -2.064416427182543326e-02 -9.992566576109729315e-01
5.826415419578552246e-01 9.099263697862625122e-02 2.009712159633636475e-01 9.476527571678161621e-03 -8.974882215261459351e-02 2.347238660149741918e-05 -2.460517746116793261e-02 -2.357937069436043948e-02 -9.994191305542247106e-01
5.834060907363891602e-01 8.676733076572418213e-02 2.009686976671218872e-01 2.110652998089790344e-02 -7.926344871520996094e-02 -1.243940059794113040e-04 -8.768920712273788054e-03 -4.571026659723402379e-03 -9.999511046760325428e-01
5.847223401069641113e-01 8.317099511623382568e-02 2.009592354297637939e-01 3.154405206441879272e-02 -6.458990275859832764e-02 -2.540395944379270077e-04 4.029289445160603826e-03 1.538707408377671879e-02 -9.998734933858919316e-01
5.864923596382141113e-01 8.041505515575408936e-02 2.009457498788833618e-01 3.925637155771255493e-02 -4.564758390188217163e-02 -2.854826161637902260e-04 -3.060890419350959044e-03 3.918065244478333153e-02 -9.992274552982627345e-01
5.885574221611022949e-01 7.869446277618408203e-02 2.009345442056655884e-01 4.334589093923568726e-02 -2.317613735795021057e-02 -1.627196907065808773e-04 -2.752306231311229222e-03 4.116000349371626982e-02 -9.991487771702501908e-01
5.907320380210876465e-01 7.814750075340270996e-02 2.009325176477432251e-01 4.363974928855895996e-02 1.297637354582548141e-03 8.149461064022034407e-05 -2.752306231311229222e-03 4.116000349371626982e-02 -9.991487771702501908e-01
5.928378105163574219e-01 7.882427424192428589e-02 2.009430825710296631e-01 4.059156402945518494e-02 2.577330172061920166e-02 3.412361256778240204e-04 -1.762233854757339763e-02 4.944779797952818245e-02 -9.986212337303320696e-01
5.947294831275939941e-01 8.067379146814346313e-02 2.009635716676712036e-01 3.507468476891517639e-02 4.820752888917922974e-02 4.781475290656089783e-04 -6.537591471124250264e-02 7.302757215655347744e-02 -9.951848890927692537e-01
5.963102579116821289e-01 8.355361968278884888e-02 2.009858340024948120e-01 2.815601229667663574e-02 6.698548793792724609e-02 4.125356790609657764e-04 -6.537591471124250264e-02 7.302757215655347744e-02 -9.951848890927692537e-01
5.975363254547119141e-01 8.726089447736740112e-02 2.010001987218856812e-01 2.088774554431438446e-02 8.130554854869842529e-02 1.620707043912261724e-04 -8.116580639178511960e-04 -1.306943798252611227e-02 -9.999142618244868386e-01
5.984116196632385254e-01 9.157533943653106689e-02 2.009999603033065796e-01 1.412367261946201324e-02 9.127220511436462402e-02 -1.717216800898313522e-04 -8.116580639178511960e-04 -1.306943798252611227e-02 -9.999142618244868386e-01
5.989742875099182129e-01 9.629769623279571533e-02 2.009850740432739258e-01 8.382161147892475128e-03 9.762217849493026733e-02 -4.238661495037376881e-04 -3.124714273774489154e-02 -4.233377918454907934e-02 -9.986147741790528665e-01
5.992786288261413574e-01 1.012699455022811890e-01 2.009633183479309082e-01 3.792482661083340645e-03 1.012677028775215149e-01 -4.465347738005220890e-04 -4.590646170120973868e-02 -4.566750073209093624e-02 -9.979013358789334820e-01
5.993766188621520996e-01 1.063756719231605530e-01 2.009482681751251221e-01 1.282429293496534228e-04 1.029612496495246887e-01 -1.553799520479515195e-04 -4.590646170120973868e-02 -4.566750073209093624e-02 -9.979013358789334820e-01
5.993015766143798828e-01 1.115294918417930603e-01 2.009537518024444580e-01 -3.130981465801596642e-03 1.031916290521621704e-01 3.745612048078328371e-04 -5.718497694223156902e-02 3.416406575470626317e-02 -9.977788808254185460e-01
5.990552902221679688e-01 1.166639775037765503e-01 2.009867727756500244e-01 -6.720453500747680664e-03 1.021876558661460876e-01 9.461414301767945290e-04 -6.154384375453224310e-02 5.198146702182377538e-02 -9.967498594833995584e-01
5.986010432243347168e-01 1.217157244682312012e-01 2.010453790426254272e-01 -1.144895236939191818e-02 9.988221526145935059e-02 1.398309599608182907e-03 -3.507657373806664924e-02 7.216592748383142408e-02 -9.967756582517433017e-01
5.978658795356750488e-01 1.266080439090728760e-01 2.011222243309020996e-01 -1.795711927115917206e-02 9.581065177917480469e-02 1.675626728683710098e-03 -2.213825504939335304e-02 5.363293086209368343e-02 -9.983152840603561895e-01
5.967566370964050293e-01 1.312306821346282959e-01 2.012082934379577637e-01 -2.641210146248340607e-02 8.909502625465393066e-02 1.767350360751152039e-03 -3.241175072547140823e-03 3.356993618012882319e-02 -9.994311152685868560e-01
5.951893329620361328e-01 1.354250758886337280e-01 2.012947499752044678e-01 -3.627981245517730713e-02 7.868083566427230835e-02 1.691130339168012142e-03 1.474072537850685746e-02 1.207370335514196648e-03 -9.998906206531733565e-01
5.931236147880554199e-01 1.389878392219543457e-01 2.013753354549407959e-01 -4.634778201580047607e-02 6.382946670055389404e-02 1.532277092337608337e-03 1.795228648843496394e-02 3.111331361508663448e-03 -9.998340037351181042e-01
5.905888080596923828e-01 1.416991055011749268e-01 2.014479935169219971e-01 -5.504499003291130066e-02 4.462122544646263123e-02 1.373753417283296585e-03 1.431672333560825468e-02 5.631664649505518580e-03 -9.998816508888476173e-01
5.876900553703308105e-01 1.433685123920440674e-01 2.015140205621719360e-01 -6.090449169278144836e-02 2.215498685836791992e-02 1.267076237127184868e-03 1.431672333560825468e-02 5.631664649505518580e-03 -9.998816508888476173e-01
5.845934152603149414e-01 1.438812613487243652e-01 2.015770375728607178e-01 -6.296097487211227417e-02 -1.645225449465215206e-03 1.253789523616433144e-03 4.904203094419566644e-02 -9.704363111807492656e-03 -9.987495704807400898e-01
5.814951062202453613e-01 1.432281434535980225e-01 2.016423940658569336e-01 -6.097171083092689514e-02 -2.447952702641487122e-02 1.360552269034087658e-03 4.682349329217191936e-02 -3.534734042997299264e-02 -9.982775796332630236e-01
5.785843729972839355e-01 1.415109634399414062e-01 2.017151564359664917e-01 -5.545856058597564697e-02 -4.420767351984977722e-02 1.550091081298887730e-03 2.769299381449145253e-02 -4.058306230619796590e-02 -9.987923273360892473e-01
5.760080218315124512e-01 1.389217078685760498e-01 2.017973512411117554e-01 -4.759591072797775269e-02 -5.936259031295776367e-02 1.737744780257344246e-03 6.650487990181642474e-03 -5.273726291505543423e-02 -9.985862767471425094e-01
5.738445520401000977e-01 1.356994658708572388e-01 2.018871009349822998e-01 -3.894280642271041870e-02 -6.952711939811706543e-02 1.852248562499880791e-03 -2.424561028570219184e-02 -4.568185280280715604e-02 -9.986617639142776337e-01
5.720947384834289551e-01 1.320756673812866211e-01 2.019799798727035522e-01 -3.104937262833118439e-02 -7.542472332715988159e-02 1.862731529399752617e-03 -2.760266048610474782e-02 -3.441833606315548855e-02 -9.990262615540856928e-01
5.706918835639953613e-01 1.282240748405456543e-01 2.020700126886367798e-01 -2.506371960043907166e-02 -7.863891869783401489e-02 1.738800201565027237e-03 -3.960907415231270517e-02 -1.601297613058646693e-02 -9.990869360762545393e-01
5.695279240608215332e-01 1.242320165038108826e-01 2.021487802267074585e-01 -2.149382047355175018e-02 -8.104336261749267578e-02 1.412168960087001324e-03 -3.817752155293682725e-02 -8.270432156926136452e-03 -9.992367471215281016e-01
5.684857964515686035e-01 1.201017275452613831e-01 2.022037357091903687e-01 -2.019197121262550354e-02 -8.416803926229476929e-02 7.860470796003937721e-04 -2.681057897474505708e-02 -2.252900113944096561e-02 -9.993866303691971709e-01
5.674676299095153809e-01 1.157790198922157288e-01 2.022178918123245239e-01 -2.053534239530563354e-02 -8.874018490314483643e-02 -2.200425660703331232e-04 -2.900115287542054821e-03 -6.407574520005655805e-03 -9.999752658531556593e-01
5.664111375808715820e-01 1.111969798803329468e-01 2.021726369857788086e-01 -2.172468788921833038e-02 -9.454147517681121826e-02 -1.590363681316375732e-03 2.419778103226228813e-02 3.122944895619145581e-02 -9.992192897002176721e-01
5.652900338172912598e-01 1.063180044293403625e-01 2.020526975393295288e-01 -2.312045171856880188e-02 -1.006174981594085693e-01 -3.207058180123567581e-03 1.368375762206409940e-02 2.835888170363639119e-02 -9.995041413640363137e-01
5.640986561775207520e-01 1.011582612991333008e-01 2.018504887819290161e-01 -2.453387901186943054e-02 -1.057723462581634521e-01 -4.881239496171474457e-03 1.057928939091029932e-02 4.456199161082094462e-02 -9.989506031519579388e-01
5.628272294998168945e-01 9.578651934862136841e-02 2.015692591667175293e-01 -2.632304280996322632e-02 -1.090971827507019043e-01 -6.368125323206186295e-03 7.067846472104312265e-03 5.924176218854155379e-02 -9.982186429620732993e-01
5.614396333694458008e-01 9.030546247959136963e-02 2.012239098548889160e-01 -2.918186224997043610e-02 -1.101452112197875977e-01 -7.445727474987506866e-03 2.099434134159235479e-02 8.445932502264642816e-02 -9.962057317875417928e-01
5.598674416542053223e-01 8.483685553073883057e-02 2.008388936519622803e-01 -3.370479494333267212e-02 -1.085991635918617249e-01 -7.954683154821395874e-03 2.851455809571160765e-02 1.176011336192530898e-01 -9.926514460504617388e-01
5.580257773399353027e-01 7.952599972486495972e-02 2.004457563161849976e-01 -3.996224328875541687e-02 -1.038350388407707214e-01 -7.771102711558341980e-03 1.967496168260056064e-02 1.041077744570908237e-01 -9.943713929807009855e-01
5.558455586433410645e-01 7.455661892890930176e-02 2.000797837972640991e-01 -4.724623635411262512e-02 -9.494010359048843384e-02 -6.867686286568641663e-03 1.970125574268563606e-02 5.065606966189234450e-02 -9.985218190538305283e-01
5.533137917518615723e-01 7.015343010425567627e-02 1.997741311788558960e-01 -5.402391031384468079e-02 -8.118750900030136108e-02 -5.358183290809392929e-03 -2.064146144373022428e-03 5.367452932918590630e-02 -9.985563500373852985e-01
5.505070090293884277e-01 6.656085699796676636e-02 1.995532959699630737e-01 -5.824623629450798035e-02 -6.251540780067443848e-02 -3.475266275927424431e-03 -3.006818797621115067e-03 2.449469522845321504e-02 -9.996954380932141504e-01
5.475987195968627930e-01 6.400418281555175781e-02 1.994287818670272827e-01 -5.808616429567337036e-02 -3.975165635347366333e-02 -1.505455467849969864e-03 -4.533837894301907812e-02 5.346190153992198130e-03 -9.989573812949461562e-01
5.448283553123474121e-01 6.264564394950866699e-02 1.993981897830963135e-01 -5.272782221436500549e-02 -1.458977814763784409e-02 2.818840730469673872e-04 -7.094633648518104685e-02 1.100692788213214653e-02 -9.974194026967437843e-01
5.424435138702392578e-01 6.254751980304718018e-02 1.994478255510330200e-01 -4.266526922583580017e-02 1.066477224230766296e-02 1.703517162241041660e-03 -7.945803336478171608e-02 -1.772279061722425303e-02 -9.966806527792838599e-01
5.406412482261657715e-01 6.365235894918441772e-02 1.995583921670913696e-01 -2.942483313381671906e-02 3.352866321802139282e-02 2.719308715313673019e-03 -5.105059838136860595e-02 2.982818081546227684e-02 -9.982505276893893775e-01
5.395299196243286133e-01 6.578686833381652832e-02 1.997108310461044312e-01 -1.502750255167484283e-02 5.185168236494064331e-02 3.378444816917181015e-03 -9.238039387951708925e-02 5.795764787481324370e-02 -9.940355999044925284e-01
5.391176939010620117e-01 6.869053095579147339e-02 1.998893469572067261e-01 -1.461791689507663250e-03 6.429477781057357788e-02 3.761939937248826027e-03 -8.735988268173885962e-02 6.906690177721845625e-02 -9.937796606767159702e-01
5.393245816230773926e-01 7.206448167562484741e-02 2.000822275876998901e-01 9.737953543663024902e-03 7.066312432289123535e-02 3.953319508582353592e-03 -7.287296428025162587e-02 7.806245202441544628e-02 -9.942815419482277095e-01
5.400120019912719727e-01 7.562952488660812378e-02 2.002819031476974487e-01 1.775770075619220734e-02 7.193861156702041626e-02 4.033899866044521332e-03 -6.851842846818845256e-02 4.802484674336885556e-02 -9.964932709524564336e-01
5.410196185111999512e-01 7.917613536119461060e-02 2.004837840795516968e-01 2.254638075828552246e-02 6.992576271295547485e-02 4.041132051497697830e-03 -2.861426352349264596e-02 3.948143766890551375e-03 -9.995827309841862629e-01
5.421991944313049316e-01 8.259046822786331177e-02 2.006836235523223877e-01 2.463778294622898102e-02 6.664745509624481201e-02 3.952254541218280792e-03 -2.425034443979603646e-02 1.411393382321899509e-02 -9.996062813250949919e-01
5.434367060661315918e-01 8.585145324468612671e-02 2.008762955665588379e-01 2.486309409141540527e-02 6.379198282957077026e-02 3.754731500521302223e-03 4.369528595789023279e-03 1.679132253136261799e-02 -9.998494680228109388e-01
5.446606874465942383e-01 8.900715410709381104e-02 2.010568976402282715e-01 2.409674786031246185e-02 6.243613734841346741e-02 3.469325834885239601e-03 1.394368750481856170e-02 2.729369835672351002e-02 -9.995302034489904619e-01
5.458404421806335449e-01 9.214414656162261963e-02 2.012222558259963989e-01 2.309383638203144073e-02 6.304357200860977173e-02 3.144734073430299759e-03 5.339507206495359287e-02 1.476205442390982059e-02 -9.984643448948810063e-01
5.469779968261718750e-01 9.536047279834747314e-02 2.013724297285079956e-01 2.240825816988945007e-02 6.560933589935302734e-02 2.862336812540888786e-03 1.030278700932612673e-01 4.126829408337714944e-02 -9.938220091573209958e-01
5.480973720550537109e-01 9.874644130468368530e-02 2.015106827020645142e-01 2.236643433570861816e-02 6.982947885990142822e-02 2.667863620445132256e-03 7.631788575764197891e-02 4.699214182161023934e-02 -9.959755614062530960e-01
5.492331981658935547e-01 1.023730710148811340e-01 2.016407251358032227e-01 2.306597307324409485e-02 7.523584365844726562e-02 2.533768070861697197e-03 4.341822136419939970e-02 2.399126036154908964e-02 -9.987688809118122624e-01
5.504198074340820312e-01 1.062862575054168701e-01 2.017643004655838013e-01 2.439725399017333984e-02 8.129162341356277466e-02 2.409264678135514259e-03 4.341822136419939970e-02 2.399126036154908964e-02 -9.987688809118122624e-01
5.516821146011352539e-01 1.105048805475234985e-01 2.018799781799316406e-01 2.609577775001525879e-02 8.745317161083221436e-02 2.217991743236780167e-03 8.940875594194958031e-03 1.222142471053356237e-02 -9.998853421866199520e-01
5.530299544334411621e-01 1.150210723280906677e-01 2.019832432270050049e-01 2.781871706247329712e-02 9.319442510604858398e-02 1.912369159981608391e-03 1.531450931346035535e-02 4.750474593474951664e-03 -9.998714411331210972e-01
5.544564127922058105e-01 1.198012158274650574e-01 2.020690292119979858e-01 2.924039028584957123e-02 9.801129251718521118e-02 1.519187120720744133e-03 4.945989424585338357e-02 8.907851867401127971e-03 -9.987363861571768586e-01
5.559413433074951172e-01 1.247881501913070679e-01 2.021351009607315063e-01 3.015673719346523285e-02 1.014660224318504333e-01 1.123931491747498512e-03 5.095123145667922876e-02 2.484986221900506789e-02 -9.983919352432411021e-01
5.574593544006347656e-01 1.299082636833190918e-01 2.021842151880264282e-01 3.056296519935131073e-02 1.033387407660484314e-01 8.407385903410613537e-04 2.760372175543015366e-02 1.888594961646328924e-02 -9.994405212169121810e-01
5.589896440505981445e-01 1.350883096456527710e-01 2.022237479686737061e-01 3.064751625061035156e-02 1.038630157709121704e-01 7.405245560221374035e-04 -1.022154925057459224e-02 2.300315894197216965e-03 -9.999451127315464039e-01
