x y z nx ny nz
5.688397288322448730e-01 -2.857421897351741791e-02 1.859803348779678345e-01 4.492959007620811462e-02 -1.767233386635780334e-02 -2.562174806371331215e-03 -3.538123423527247957e-02 -2.616674500768583628e-02 -9.990312656357114296e-01
5.716856718063354492e-01 -3.003715537488460541e-02 1.858128160238265991e-01 6.890694797039031982e-02 -4.084515199065208435e-02 -4.138719756156206131e-03 -3.538123423527247957e-02 -2.616674500768583628e-02 -9.990312656357114296e-01
5.753522515296936035e-01 -3.243860602378845215e-02 1.855912506580352783e-01 7.775609940290451050e-02 -5.521288886666297913e-02 -4.723623860627412796e-03 -3.300167993049991227e-02 -8.850895645900028891e-03 -9.994161049162806343e-01
5.791898965835571289e-01 -3.536655008792877197e-02 1.853570193052291870e-01 7.574988901615142822e-02 -6.190485134720802307e-02 -4.645747598260641098e-03 -2.198898781994827745e-02 3.718993805008640342e-03 -9.997512958219820778e-01
5.827643871307373047e-01 -3.847885131835937500e-02 1.851364225149154663e-01 6.723023951053619385e-02 -6.258723884820938110e-02 -4.178258124738931656e-03 -3.384077671348011823e-02 9.625920300259230289e-03 -9.993808800891688104e-01
5.858446955680847168e-01 -4.152584448456764221e-02 1.849444657564163208e-01 5.598129332065582275e-02 -5.929251015186309814e-02 -3.499879501760005951e-03 -2.936299109157623115e-04 3.217601172563955975e-02 -9.994821749530637955e-01
5.883663892745971680e-01 -4.435870051383972168e-02 1.847888678312301636e-01 4.488649219274520874e-02 -5.402165278792381287e-02 -2.724185818806290627e-03 -1.035412718966372166e-02 1.851995737389897090e-02 -9.997748762731583083e-01
5.903870463371276855e-01 -4.691646993160247803e-02 1.846719980239868164e-01 3.594018891453742981e-02 -4.828909784555435181e-02 -1.950416713953018188e-03 -1.035412718966372166e-02 1.851995737389897090e-02 -9.997748762731583083e-01
5.920437574386596680e-01 -4.919395595788955688e-02 1.845929026603698730e-01 3.032726235687732697e-02 -4.281037673354148865e-02 -1.213653478771448135e-03 1.301264689851468377e-02 1.445567231777588994e-02 -9.998108343864531289e-01
5.935128331184387207e-01 -5.120153725147247314e-02 1.845486164093017578e-01 2.843516506254673004e-02 -3.749286010861396790e-02 -5.576664116233587265e-04 -1.539101435647788341e-02 -1.422461098850230123e-02 -9.997803644387622812e-01
5.949708819389343262e-01 -5.293221026659011841e-02 1.845336258411407471e-01 2.988724783062934875e-02 -3.173409029841423035e-02 -4.201563206152059138e-05 -2.659142535856540645e-04 7.230030110101480154e-03 -9.999738276336118670e-01
5.965603590011596680e-01 -5.434699356555938721e-02 1.845400929450988770e-01 3.369298204779624939e-02 -2.485720440745353699e-02 3.005674807354807854e-04 -2.659142535856540645e-04 7.230030110101480154e-03 -9.999738276336118670e-01
5.983654856681823730e-01 -5.538042262196540833e-02 1.845584362745285034e-01 3.851262852549552917e-02 -1.647990383207798004e-02 4.333745746407657862e-04 -4.181476294308453419e-03 3.227340014616354030e-02 -9.994703311739703278e-01
6.004024147987365723e-01 -5.595988035202026367e-02 1.845786869525909424e-01 4.296420142054557800e-02 -6.698345299810171127e-03 3.764234425034373999e-04 -1.687860788516109753e-02 4.268487658345353902e-02 -9.989460014960338530e-01
6.026242375373840332e-01 -5.602902546525001526e-02 1.845934391021728516e-01 4.590925946831703186e-02 3.932509571313858032e-03 2.136465482180938125e-04 -1.687860788516109753e-02 4.268487658345353902e-02 -9.989460014960338530e-01
6.049384474754333496e-01 -5.556665733456611633e-02 1.845996975898742676e-01 4.665910825133323669e-02 1.456225104629993439e-02 3.693274265970103443e-05 -4.253526233185780242e-02 4.524387806431676845e-02 -9.980700090444865058e-01
6.072315573692321777e-01 -5.459558591246604919e-02 1.845976114273071289e-01 4.506580531597137451e-02 2.428060770034790039e-02 -1.204202126245945692e-04 -6.322240348253868603e-02 7.610422014095408194e-02 -9.950935008192086650e-01
6.093955039978027344e-01 -5.317974835634231567e-02 1.845879107713699341e-01 4.149311035871505737e-02 3.235295787453651428e-02 -2.676305302884429693e-04 -6.810246673486475277e-02 7.737082011765109013e-02 -9.946737204817208688e-01
6.113497018814086914e-01 -5.141139402985572815e-02 1.845709681510925293e-01 3.667473420500755310e-02 3.838120028376579285e-02 -4.099549551028758287e-04 -6.974614067283173291e-02 7.190028099210545032e-02 -9.949702636021348079e-01
6.130537986755371094e-01 -4.939302802085876465e-02 1.845470815896987915e-01 3.149027749896049500e-02 4.235337674617767334e-02 -5.457708612084388733e-04 -5.479409839394572962e-02 5.499820484174152563e-02 -9.969818474994317503e-01
6.145090460777282715e-01 -4.721963778138160706e-02 1.845166087150573730e-01 2.671946585178375244e-02 4.458221048116683960e-02 -6.733860354870557785e-04 -5.941430839486035176e-02 4.814321807665801478e-02 -9.970717980713244000e-01
6.157481670379638672e-01 -4.496618732810020447e-02 1.844812482595443726e-01 2.284639514982700348e-02 4.555579274892807007e-02 -7.407797384075820446e-04 -2.936655740769793937e-02 -1.710446944345777459e-02 -9.994223543773064211e-01
6.168183684349060059e-01 -4.268309473991394043e-02 1.844459623098373413e-01 1.996165700256824493e-02 4.576794430613517761e-02 -6.704925908707082272e-04 1.087044532241743938e-02 -1.788121669308571915e-02 -9.997810237777405851e-01
6.177619695663452148e-01 -4.039921984076499939e-02 1.844174414873123169e-01 1.778193563222885132e-02 4.558700695633888245e-02 -4.705113533418625593e-04 1.087044532241743938e-02 -1.788121669308571915e-02 -9.997810237777405851e-01
6.186009049415588379e-01 -3.812964633107185364e-02 1.844009459018707275e-01 1.577544212341308594e-02 4.519594088196754456e-02 -1.895935129141435027e-04 6.728351321591928558e-02 -1.844049641688911070e-02 -9.975634701307088958e-01
6.193289160728454590e-01 -3.588459268212318420e-02 1.843999624252319336e-01 1.334446668624877930e-02 4.460626840591430664e-02 1.502549130236729980e-04 5.232817867123441130e-02 -1.906949977838652294e-03 -9.986281216031988039e-01
6.199126839637756348e-01 -3.367643430829048157e-02 1.844166070222854614e-01 1.000727247446775436e-02 4.372008517384529114e-02 5.155842518433928490e-04 7.014135317691264082e-02 4.175228586567170282e-03 -9.975283244293172702e-01
6.203013062477111816e-01 -3.152300789952278137e-02 1.844508051872253418e-01 5.536584183573722839e-03 4.241701215505599976e-02 8.522944990545511246e-04 7.014135317691264082e-02 4.175228586567170282e-03 -9.975283244293172702e-01
6.204404234886169434e-01 -2.944661304354667664e-02 1.845004409551620483e-01 2.862310429918579757e-05 4.063874110579490662e-02 1.133195357397198677e-03 6.107021397302064836e-02 3.123598326249737989e-02 -9.976445971952708769e-01
6.202884316444396973e-01 -2.746953070163726807e-02 1.845625787973403931e-01 -6.107171531766653061e-03 3.844455629587173462e-02 1.352478167973458767e-03 5.008237475314684245e-02 5.277435430637315850e-02 -9.973497998519028629e-01
6.198299527168273926e-01 -2.560778707265853882e-02 1.846335828304290771e-01 -1.223195716738700867e-02 3.602515906095504761e-02 1.487681991420686245e-03 5.008237475314684245e-02 5.277435430637315850e-02 -9.973497998519028629e-01
6.190838813781738281e-01 -2.386530674993991852e-02 1.847089082002639771e-01 -1.761042699217796326e-02 3.367404639720916748e-02 1.525056082755327225e-03 3.362989569387743460e-02 4.877155609855818308e-02 -9.982436403150005688e-01
6.181045770645141602e-01 -2.223033085465431213e-02 1.847845613956451416e-01 -2.156056463718414307e-02 3.172498196363449097e-02 1.500925864093005657e-03 2.307612562800818307e-02 5.682884175233705176e-02 -9.981172151451391805e-01
6.169758439064025879e-01 -2.067538909614086151e-02 1.848592460155487061e-01 -2.358764968812465668e-02 3.047266975045204163e-02 1.486337627284228802e-03 3.561673522378645124e-02 4.348941894645079465e-02 -9.984188092227123112e-01
6.157992482185363770e-01 -1.916113123297691345e-02 1.849347800016403198e-01 -2.347718179225921631e-02 3.009764105081558228e-02 1.534996321424841881e-03 3.225209224988068862e-02 3.887082570683732946e-02 -9.987236161483185048e-01
6.146790981292724609e-01 -1.764331199228763580e-02 1.850147694349288940e-01 -2.132883667945861816e-02 3.061512298882007599e-02 1.664330251514911652e-03 2.517442433368537180e-02 4.555298437656440935e-02 -9.986446685242232890e-01
6.137076020240783691e-01 -1.608144491910934448e-02 1.851032227277755737e-01 -1.753064990043640137e-02 3.185956552624702454e-02 1.873968169093132019e-03 2.517442433368537180e-02 4.555298437656440935e-02 -9.986446685242232890e-01
6.129522323608398438e-01 -1.444711443036794662e-02 1.852039098739624023e-01 -1.268481276929378510e-02 3.351365029811859131e-02 2.153727924451231956e-03 2.040296943544295596e-02 5.463421450947345687e-02 -9.982979622543307618e-01
6.124474406242370605e-01 -1.272991579025983810e-02 1.853195279836654663e-01 -7.506006397306919098e-03 3.517431020736694336e-02 2.470790175721049309e-03 5.163062892991424242e-03 7.564486656101052087e-02 -9.971214554619360904e-01
6.121919155120849609e-01 -1.093960832804441452e-02 1.854507476091384888e-01 -2.716013696044683456e-03 3.643797710537910461e-02 2.777858637273311615e-03 3.631763214461575934e-02 8.111414008563240519e-02 -9.960429337491314428e-01
6.121504306793212891e-01 -9.103957563638687134e-03 1.855953633785247803e-01 1.056154258549213409e-03 3.698805719614028931e-02 3.006514394655823708e-03 3.656368660640891416e-02 7.426428224817643864e-02 -9.965680675206843864e-01
6.122608184814453125e-01 -7.262617815285921097e-03 1.857479959726333618e-01 3.358799964189529419e-03 3.666553273797035217e-02 3.098958637565374374e-03 6.203198681440668695e-04 7.491221759439786743e-02 -9.971899392073462209e-01
6.124443411827087402e-01 -5.458277650177478790e-03 1.859014481306076050e-01 3.982247784733772278e-03 3.550806641578674316e-02 3.039204981178045273e-03 2.926389130914224673e-02 6.736467910844964879e-02 -9.972991650814024833e-01
6.126186847686767578e-01 -3.726905211806297302e-03 1.860491633415222168e-01 2.990683307871222496e-03 3.374682739377021790e-02 2.869478426873683929e-03 -5.831354878443055674e-03 6.338470399705790903e-02 -9.979721311727532962e-01
6.127113103866577148e-01 -2.089037559926509857e-03 1.861879974603652954e-01 7.151886820793151855e-04 3.176787495613098145e-02 2.683660015463829041e-03 -9.970796408150066348e-03 5.478696371334213638e-02 -9.984482819976506773e-01
6.126717329025268555e-01 -5.435772472992539406e-04 1.863189935684204102e-01 -2.297927392646670341e-03 3.005052916705608368e-02 2.556057181209325790e-03 -9.970796408150066348e-03 5.478696371334213638e-02 -9.984482819976506773e-01
6.124795675277709961e-01 9.349563624709844589e-04 1.864453554153442383e-01 -5.388128571212291718e-03 2.909081056714057922e-02 2.498510526493191719e-03 -9.325363224386444896e-03 6.676587894395190348e-02 -9.977250898957963354e-01
6.121470332145690918e-01 2.395231043919920921e-03 1.865701377391815186e-01 -7.913379929959774017e-03 2.932016924023628235e-02 2.493035513907670975e-03 -3.654108768775545663e-02 1.080693225665194379e-01 -9.934715750481286634e-01
6.117143630981445312e-01 3.903903532773256302e-03 1.866956353187561035e-01 -9.393680840730667114e-03 3.102672472596168518e-02 2.526969881728291512e-03 -3.654108768775545663e-02 1.080693225665194379e-01 -9.934715750481286634e-01
6.112384796142578125e-01 5.536743905395269394e-03 1.868223547935485840e-01 -9.641479700803756714e-03 3.428689762949943542e-02 2.542024478316307068e-03 -6.223540958249950544e-02 7.339937683532687940e-02 -9.953588726043910428e-01
6.107763648033142090e-01 7.366416510194540024e-03 1.869467645883560181e-01 -8.843512274324893951e-03 3.889999911189079285e-02 2.434531226754188538e-03 -6.223540958249950544e-02 7.339937683532687940e-02 -9.953588726043910428e-01
6.103662252426147461e-01 9.446972981095314026e-03 1.870612502098083496e-01 -7.562575396150350571e-03 4.432225972414016724e-02 2.144958125427365303e-03 -7.560537460479095639e-02 5.841610992519599005e-02 -9.954252284476603485e-01
6.100110411643981934e-01 1.179597713053226471e-02 1.871574521064758301e-01 -6.644491106271743774e-03 4.963790252804756165e-02 1.703246380202472210e-03 -7.312463932815389811e-02 3.057655974914895609e-03 -9.973181226976005620e-01
6.096691489219665527e-01 1.437703706324100494e-02 1.872303634881973267e-01 -7.032256107777357101e-03 5.360449478030204773e-02 1.213395618833601475e-03 -7.312463932815389811e-02 3.057655974914895609e-03 -9.973181226976005620e-01
6.092551946640014648e-01 1.708720810711383820e-02 1.872806996107101440e-01 -9.526762180030345917e-03 5.480231717228889465e-02 7.997965440154075623e-04 -9.261731613391475937e-02 -2.132990658747366958e-02 -9.954732883584170855e-01
6.086533069610595703e-01 1.975527219474315643e-02 1.873145699501037598e-01 -1.454958319664001465e-02 5.192025750875473022e-02 5.549935740418732166e-04 -1.095359950421569417e-01 -4.622035947574825582e-02 -9.929076211602252400e-01
6.077400445938110352e-01 2.215627394616603851e-02 1.873408854007720947e-01 -2.198191732168197632e-02 4.411983862519264221e-02 4.974376643076539040e-04 -1.095359950421569417e-01 -4.622035947574825582e-02 -9.929076211602252400e-01
6.064122319221496582e-01 2.404268272221088409e-02 1.873676031827926636e-01 -3.113070502877235413e-02 3.133651614189147949e-02 5.712779820896685123e-04 -9.217449038717812071e-02 -8.669341673936149795e-02 -9.919617506809015328e-01
6.046133041381835938e-01 2.518574520945549011e-02 1.873977780342102051e-01 -4.082660749554634094e-02 1.438600663095712662e-02 6.354913930408656597e-04 -9.217449038717812071e-02 -8.669341673936149795e-02 -9.919617506809015328e-01
6.023519039154052734e-01 2.541612833738327026e-02 1.874259859323501587e-01 -4.962982609868049622e-02 -5.170645657926797867e-03 4.930072464048862457e-04 -1.000357995197616728e-01 -6.848458126863680995e-02 -9.926241488805828128e-01
5.997084379196166992e-01 2.465270087122917175e-02 1.874378323554992676e-01 -5.610993131995201111e-02 -2.536647394299507141e-02 -1.904862801893614233e-05 -9.484566284074422149e-02 -8.178855305015851618e-02 -9.921264701782032125e-01
5.968267917633056641e-01 2.291161380708217621e-02 1.874139606952667236e-01 -5.915576964616775513e-02 -4.427698254585266113e-02 -9.360521216876804829e-04 -4.491429804790389446e-02 2.320527550193624694e-02 -9.987212929630285840e-01
5.938922166824340820e-01 2.029451355338096619e-02 1.873378157615661621e-01 -5.822768062353134155e-02 -6.040704250335693359e-02 -2.109599066898226738e-03 2.259078604673719817e-03 9.150987855143145888e-02 -9.958016060889639531e-01
5.911011695861816406e-01 1.696153357625007629e-02 1.872034370899200439e-01 -5.341347679495811462e-02 -7.291216403245925903e-02 -3.265636274591088295e-03 -3.214047443543405387e-03 1.173779512847593909e-01 -9.930821146557937684e-01
5.886355638504028320e-01 1.309869997203350067e-02 1.870180368423461914e-01 -4.521182924509048462e-02 -8.160116523504257202e-02 -4.150392487645149231e-03 1.785274360265134627e-02 9.842361386294058712e-02 -9.949844580585249787e-01
5.866504907608032227e-01 8.889655582606792450e-03 1.867978423833847046e-01 -3.419106826186180115e-02 -8.676060289144515991e-02 -4.657135810703039169e-03 -5.049591535630818320e-03 6.313486724536696015e-02 -9.979922295094451057e-01
5.852755904197692871e-01 4.497198387980461121e-03 1.865612268447875977e-01 -2.080548927187919617e-02 -8.893767744302749634e-02 -4.807265475392341614e-03 -1.618976820408485557e-03 6.241227830558555845e-02 -9.980491402875718565e-01
5.846172571182250977e-01 5.474052522913552821e-05 1.863239109516143799e-01 -5.528115667402744293e-03 -8.876063674688339233e-02 -4.685197956860065460e-03 1.949769127057247170e-02 3.502429160426809296e-02 -9.991962465055282960e-01
5.847504734992980957e-01 -4.334245342761278152e-03 1.860968768596649170e-01 1.085674203932285309e-02 -8.679877966642379761e-02 -4.395910073071718216e-03 3.722457210715217346e-02 5.941575442810407420e-02 -9.975390214699264568e-01
5.856984257698059082e-01 -8.591707795858383179e-03 1.858862787485122681e-01 2.706073038280010223e-02 -8.349969238042831421e-02 -4.028240218758583069e-03 1.730383537167315064e-02 7.198016557283277994e-02 -9.972559516210157682e-01
5.874091982841491699e-01 -1.266063842922449112e-02 1.856950372457504272e-01 4.137111455202102661e-02 -7.925751060247421265e-02 -3.621312323957681656e-03 1.624895637593468806e-02 7.631801915292292515e-02 -9.969511178424280695e-01
5.897448062896728516e-01 -1.650473661720752716e-02 1.855254769325256348e-01 5.205285921692848206e-02 -7.450643926858901978e-02 -3.160868305712938309e-03 1.686095379738902431e-02 5.748992842785848739e-02 -9.982036948260619713e-01
5.924926400184631348e-01 -2.010927908122539520e-02 1.853807419538497925e-01 5.785956978797912598e-02 -6.967520713806152344e-02 -2.628283109515905380e-03 3.833362296001580332e-03 4.316261810500499757e-02 -9.990607057280499470e-01
5.953975319862365723e-01 -2.347464673221111298e-02 1.852634549140930176e-01 5.833499133586883545e-02 -6.493950635194778442e-02 -2.063428517431020737e-03 -7.841520895481757149e-04 3.488551739548299835e-02 -9.993910074538141508e-01
5.982002019882202148e-01 -2.659811079502105713e-02 1.851732134819030762e-01 5.377066880464553833e-02 -5.999907478690147400e-02 -1.546255312860012054e-03 -3.257947976576366429e-05 2.636311906303643454e-02 -9.996524320431805499e-01
6.006684303283691406e-01 -2.945292182266712189e-02 1.851074695587158203e-01 4.495766386389732361e-02 -5.419338494539260864e-02 -1.083696843124926090e-03 4.015112244976526412e-03 1.427921658747967337e-02 -9.998899853710446761e-01
6.026150584220886230e-01 -3.198025375604629517e-02 1.850630640983581543e-01 3.290802240371704102e-02 -4.689992591738700867e-02 -6.923218606971204281e-04 -2.138418771123422324e-02 -2.565588049270410217e-02 -9.994420905235454899e-01
6.039035320281982422e-01 -3.409909456968307495e-02 1.850345581769943237e-01 1.863069832324981689e-02 -3.785368055105209351e-02 -4.477369948290288448e-04 -6.373872180682388366e-02 -3.330550384567882577e-02 -9.974107071582988260e-01
6.044445037841796875e-01 -3.572419658303260803e-02 1.850139647722244263e-01 3.008568892255425453e-03 -2.715033292770385742e-02 -3.760520485229790211e-04 -6.373872180682388366e-02 -3.330550384567882577e-02 -9.974107071582988260e-01
6.041902303695678711e-01 -3.677948936820030212e-02 1.849939376115798950e-01 -1.317852735519409180e-02 -1.506136730313301086e-02 -4.248654004186391830e-04 -6.373872180682388366e-02 -3.330550384567882577e-02 -9.974107071582988260e-01
6.031328439712524414e-01 -3.720354661345481873e-02 1.849709898233413696e-01 -2.911676838994026184e-02 -1.900937058962881565e-03 -4.932273295708000660e-04 -1.680438290276317984e-02 -3.392098270375791536e-02 -9.992832329453290585e-01
6.013097167015075684e-01 -3.695143014192581177e-02 1.849469691514968872e-01 -4.380825906991958618e-02 1.198558788746595383e-02 -4.675371164921671152e-04 -1.680438290276317984e-02 -3.392098270375791536e-02 -9.992832329453290585e-01
5.988140106201171875e-01 -3.599720075726509094e-02 1.849294751882553101e-01 -5.601914972066879272e-02 2.618357911705970764e-02 -2.323704975424334407e-04 1.367120581683685734e-02 -1.834025042121783036e-02 -9.997383324370435753e-01
5.958030223846435547e-01 -3.433638066053390503e-02 1.849310398101806641e-01 -6.442040950059890747e-02 4.024917259812355042e-02 2.949514891952276230e-04 1.120464868985947791e-02 -1.798968983832359078e-02 -9.997753882274046378e-01
5.924946665763854980e-01 -3.198248520493507385e-02 1.849662512540817261e-01 -6.791359186172485352e-02 5.390663817524909973e-02 1.113265287131071091e-03 2.337594414794311008e-03 -7.714684489286006107e-03 -9.999675091189627052e-01
5.891478657722473145e-01 -2.895287424325942993e-02 1.850484758615493774e-01 -6.595872342586517334e-02 6.727775931358337402e-02 2.175722969695925713e-03 -9.771922402336636823e-03 8.583584392133724802e-03 -9.999154122272273515e-01
5.860301852226257324e-01 -2.524876780807971954e-02 1.851891726255416870e-01 -5.874777585268020630e-02 8.088646829128265381e-02 3.451881930232048035e-03 -6.408957219598428699e-03 6.327305891007358254e-03 -9.999594444103814261e-01
5.833780169486999512e-01 -2.084204740822315216e-02 1.853970140218734741e-01 -4.733801633119583130e-02 9.538231045007705688e-02 4.861749242991209030e-03 6.445327452451376539e-03 4.328799059190856224e-02 -9.990418447805605728e-01
5.813483595848083496e-01 -1.567755267024040222e-02 1.856740564107894897e-01 -3.384740278124809265e-02 1.111974716186523438e-01 6.219759583473205566e-03 5.017217468240298822e-02 6.253601973856802443e-02 -9.967808179940542690e-01
5.799667239189147949e-01 -9.688733145594596863e-03 1.860119551420211792e-01 -2.141874656081199646e-02 1.283552795648574829e-01 7.296478375792503357e-03 4.767258930485616247e-02 6.056902144298680762e-02 -9.970249334236378491e-01
5.790910720825195312e-01 -2.818002365529537201e-03 1.863904446363449097e-01 -1.360635459423065186e-02 1.464739143848419189e-01 7.843031547963619232e-03 5.513034442108792621e-02 5.426380127974855805e-02 -9.970035531494779724e-01
5.784162878990173340e-01 4.965799394994974136e-03 1.867757439613342285e-01 -1.338387094438076019e-02 1.648781597614288330e-01 7.568662986159324646e-03 2.039890923763054698e-02 8.107747551021537991e-02 -9.964990353556822944e-01
5.775238871574401855e-01 1.365519966930150986e-02 1.871224492788314819e-01 -2.231281623244285583e-02 1.826978474855422974e-01 6.299568340182304382e-03 -4.408526138603011124e-02 1.390470988907269168e-01 -9.893039947440815940e-01
5.759687423706054688e-01 2.318989671766757965e-02 1.873855590820312500e-01 -3.989321365952491760e-02 1.986899822950363159e-01 4.224630072712898254e-03 -5.395531493704549403e-02 8.312896440832620581e-02 -9.950770820717574905e-01
5.734014511108398438e-01 3.341588005423545837e-02 1.875411421060562134e-01 -6.279821693897247314e-02 2.103493362665176392e-01 1.998727209866046906e-03 -4.789436989197499300e-02 -7.276188656214740980e-02 -9.961986936322330122e-01
5.697084069252014160e-01 4.400166869163513184e-02 1.876012086868286133e-01 -8.492279797792434692e-02 2.130821943283081055e-01 4.041178908664733171e-04 -4.789436989197499300e-02 -7.276188656214740980e-02 -9.961986936322330122e-01
5.650856494903564453e-01 5.439235270023345947e-02 1.876081973314285278e-01 -9.998756647109985352e-02 2.025451213121414185e-01 -1.245019084308296442e-04 -6.870480799116907011e-02 4.534048265331431897e-03 -9.976267296755956249e-01
5.599503517150878906e-01 6.394906342029571533e-02 1.876110434532165527e-01 -1.054250746965408325e-01 1.797233074903488159e-01 2.380908845225349069e-04 -6.870480799116907011e-02 4.534048265331431897e-03 -9.976267296755956249e-01
5.547467470169067383e-01 7.222229987382888794e-02 1.876435577869415283e-01 -1.027201637625694275e-01 1.512062102556228638e-01 1.062338124029338360e-03 -6.870480799116907011e-02 4.534048265331431897e-03 -9.976267296755956249e-01
5.498185157775878906e-01 7.910280674695968628e-02 1.877228766679763794e-01 -9.440880268812179565e-02 1.240141987800598145e-01 2.110691973939538002e-03 -7.203182309781432091e-02 -2.275765663521051810e-03 -9.973997379936742069e-01
5.453972220420837402e-01 8.476274460554122925e-02 1.878576129674911499e-01 -8.244232833385467529e-02 1.023832410573959351e-01 3.278611460700631142e-03 -5.112895649838820888e-02 -6.684996791918263077e-03 -9.986696854432289827e-01
5.416291356086730957e-01 8.952001482248306274e-02 1.880531311035156250e-01 -6.828016042709350586e-02 8.790761232376098633e-02 4.542039241641759872e-03 -6.508310236226044765e-02 7.294938186417083102e-03 -9.978531824180146836e-01
5.385969281196594238e-01 9.372771531343460083e-02 1.883127838373184204e-01 -5.300891026854515076e-02 8.040051162242889404e-02 5.844226107001304626e-03 -5.421309300961457689e-02 4.644070182951750420e-02 -9.974488466873441261e-01
5.363411307334899902e-01 9.769318997859954834e-02 1.886352747678756714e-01 -3.722414746880531311e-02 7.821847498416900635e-02 7.055412512272596359e-03 3.570564025718891282e-02 5.788878545273359183e-02 -9.976843166907213289e-01
5.348834991455078125e-01 1.016103029251098633e-01 1.890111565589904785e-01 -2.108079195022583008e-02 7.846613228321075439e-02 7.979895919561386108e-03 6.991226777902621869e-02 7.607491508859075269e-02 -9.946481197419805298e-01
5.342413187026977539e-01 1.055141985416412354e-01 1.894208788871765137e-01 -4.607223905622959137e-03 7.768969982862472534e-02 8.409196510910987854e-03 1.284333576408499544e-01 7.760128129914066475e-02 -9.886773557555715852e-01
5.344241261482238770e-01 1.092796400189399719e-01 1.898353546857833862e-01 1.191890984773635864e-02 7.292806357145309448e-02 8.169879205524921417e-03 1.178471619227983713e-01 8.195728663311199758e-02 -9.896439003967434367e-01
5.354170203208923340e-01 1.126664057374000549e-01 1.902188360691070557e-01 2.779785357415676117e-02 6.254258751869201660e-02 7.169196382164955139e-03 1.228920249843834106e-01 7.652974976312340583e-02 -9.894648794143385828e-01
5.371621251106262207e-01 1.153916567564010620e-01 1.905328482389450073e-01 4.200598597526550293e-02 4.646730795502662659e-02 5.391127429902553558e-03 1.228920249843834106e-01 7.652974976312340583e-02 -9.894648794143385828e-01
5.395485162734985352e-01 1.172020733356475830e-01 1.907408386468887329e-01 5.345001444220542908e-02 2.594935707747936249e-02 2.928589237853884697e-03 1.075457821347846760e-01 7.068363350540785017e-02 -9.916842888225518848e-01
5.424166321754455566e-01 1.179260388016700745e-01 1.908143609762191772e-01 6.127474457025527954e-02 3.009356558322906494e-03 1.250889454240677878e-05 7.968484381899462732e-02 8.781689539294237901e-02 -9.929443683042304958e-01
5.455787181854248047e-01 1.174954101443290710e-01 1.907399743795394897e-01 6.520830094814300537e-02 -2.023446373641490936e-02 -2.987810410559177399e-03 6.564264090924593065e-02 9.699483486171110724e-02 -9.931178407936336328e-01
5.488565564155578613e-01 1.159321293234825134e-01 1.905243843793869019e-01 6.590457260608673096e-02 -4.229686781764030457e-02 -5.635771900415420532e-03 4.729113900528244402e-02 9.980745057974083068e-02 -9.938822973462981825e-01
5.521302223205566406e-01 1.133014708757400513e-01 1.901948004961013794e-01 6.504322588443756104e-02 -6.292938441038131714e-02 -7.547427900135517120e-03 1.312700971015823108e-02 1.168757843715378109e-01 -9.930597830149034966e-01
5.553770065307617188e-01 1.096477955579757690e-01 1.897923499345779419e-01 6.482716649770736694e-02 -8.321762084960937500e-02 -8.550604805350303650e-03 -7.770873421393563463e-02 1.412925657224467502e-01 -9.869132502385586925e-01
5.586702227592468262e-01 1.049448847770690918e-01 1.893609315156936646e-01 6.690105795860290527e-02 -1.048988327383995056e-01 -8.706406690180301666e-03 -9.538492405182076583e-02 1.297943494207630388e-01 -9.869423200572916555e-01
5.621297955513000488e-01 9.909032285213470459e-02 1.889387965202331543e-01 7.148107886314392090e-02 -1.292835474014282227e-01 -8.178976364433765411e-03 -5.229793646744530095e-02 5.952941985077242482e-02 -9.968556435168922647e-01
5.658575296401977539e-01 9.194044768810272217e-02 1.885561347007751465e-01 7.762712240219116211e-02 -1.567113101482391357e-01 -7.127758581191301346e-03 -4.127482603886277468e-02 4.649302964690076728e-02 -9.980655223619908645e-01
5.699049830436706543e-01 8.336050808429718018e-02 1.882335841655731201e-01 8.426994830369949341e-02 -1.864862591028213501e-01 -5.774236284196376801e-03 -1.122075277492098032e-02 4.186986559314601758e-02 -9.990600627892077812e-01
5.742618441581726074e-01 7.331112027168273926e-02 1.879791170358657837e-01 9.000492095947265625e-02 -2.154893130064010620e-01 -4.404159728437662125e-03 4.385074399878381365e-03 4.341916568466504256e-02 -9.990473197860826327e-01
5.788027644157409668e-01 6.201456859707832336e-02 1.877881884574890137e-01 9.163296222686767578e-02 -2.363727539777755737e-01 -3.233149647712707520e-03 4.385074399878381365e-03 4.341916568466504256e-02 -9.990473197860826327e-01
5.832324624061584473e-01 5.006948858499526978e-02 1.876434832811355591e-01 8.555535227060317993e-02 -2.414304912090301514e-01 -2.554988954216241837e-03 -6.357920510404869996e-02 -1.029884362604479159e-01 -9.926485111422697072e-01
5.871803164482116699e-01 3.826163709163665771e-02 1.875123977661132812e-01 7.235921174287796021e-02 -2.308835834264755249e-01 -2.688538283109664917e-03 -6.357920510404869996e-02 -1.029884362604479159e-01 -9.926485111422697072e-01
5.904092192649841309e-01 2.719708159565925598e-02 1.873558908700942993e-01 5.679777637124061584e-02 -2.116985768079757690e-01 -3.571936627849936485e-03 -7.099070427883108492e-02 -6.741236284391750877e-02 -9.951964093784682053e-01
5.928916931152343750e-01 1.719211414456367493e-02 1.871469616889953613e-01 4.250168800354003906e-02 -1.885001361370086670e-01 -4.785237833857536316e-03 2.259078604673719817e-03 9.150987855143145888e-02 -9.958016060889639531e-01
5.947069525718688965e-01 8.423275314271450043e-03 1.868808716535568237e-01 3.010764904320240021e-02 -1.622534096240997314e-01 -5.858129356056451797e-03 3.736774542085100070e-02 7.636703322498093749e-02 -9.963793092174170196e-01
5.959472656250000000e-01 1.015896094031631947e-03 1.865736991167068481e-01 1.950541324913501740e-02 -1.340417265892028809e-01 -6.428995635360479355e-03 8.106346381043856575e-03 9.352124304366887797e-02 -9.955842828439578351e-01
5.967087745666503906e-01 -4.961924627423286438e-03 1.862553805112838745e-01 1.095480658113956451e-02 -1.050710976123809814e-01 -6.303526461124420166e-03 -4.180856552308390844e-02 8.148762623370645053e-02 -9.957970730112123414e-01
5.970985293388366699e-01 -9.478634223341941833e-03 1.859629303216934204e-01 4.635384771972894669e-03 -7.559727132320404053e-02 -5.394704174250364304e-03 -8.653624609328912365e-02 3.804041843917867205e-02 -9.955221768876139077e-01
5.972259640693664551e-01 -1.250923518091440201e-02 1.857346892356872559e-01 4.615321522578597069e-04 -4.562677443027496338e-02 -3.735199337825179100e-03 -7.443534388539703450e-02 2.232259400006491798e-02 -9.969759683040362308e-01
5.971918106079101562e-01 -1.403792016208171844e-02 1.856015473604202271e-01 -1.826802035793662071e-03 -1.552061643451452255e-02 -1.590285799466073513e-03 -7.443534388539703450e-02 2.232259400006491798e-02 -9.969759683040362308e-01
5.970809459686279297e-01 -1.407351903617382050e-02 1.855785846710205078e-01 -2.608196344226598740e-03 1.409667916595935822e-02 6.717010401189327240e-04 -7.443534388539703450e-02 2.232259400006491798e-02 -9.969759683040362308e-01
5.969562530517578125e-01 -1.265569217503070831e-02 1.856628656387329102e-01 -2.380088204517960548e-03 4.261637479066848755e-02 2.699831034988164902e-03 -7.443534388539703450e-02 2.232259400006491798e-02 -9.969759683040362308e-01
5.968527793884277344e-01 -9.848542511463165283e-03 1.858339905738830566e-01 -1.757950871251523495e-03 6.966961175203323364e-02 4.145460203289985657e-03 -8.653624609328912365e-02 3.804041843917867205e-02 -9.955221768876139077e-01
5.967730283737182617e-01 -5.723963491618633270e-03 1.860561370849609375e-01 -1.431797863915562630e-03 9.531354159116744995e-02 4.740480333566665649e-03 -9.063880880611178970e-02 6.341488082645384272e-02 -9.938627466737929295e-01
5.966860055923461914e-01 -3.401768917683511972e-04 1.862862557172775269e-01 -2.048134338110685349e-03 1.200379207730293274e-01 4.463999997824430466e-03 8.106346381043856575e-03 9.352124304366887797e-02 -9.955842828439578351e-01
5.965322852134704590e-01 6.264544557780027390e-03 1.864868104457855225e-01 -4.099658224731683731e-03 1.441509276628494263e-01 3.558371216058731079e-03 2.412443046580991721e-02 9.958744210435761801e-02 -9.947363234685919764e-01
5.962303280830383301e-01 1.404017396271228790e-02 1.866360455751419067e-01 -7.978652603924274445e-03 1.668742299079895020e-01 2.411270048469305038e-03 5.243356595894457794e-02 5.977900977948666372e-02 -9.968335824743330686e-01
5.956763029098510742e-01 2.288846112787723541e-02 1.867338418960571289e-01 -1.418201159685850143e-02 1.870572715997695923e-01 1.500763581134378910e-03 -4.491429804790389446e-02 2.320527550193624694e-02 -9.987212929630285840e-01
5.947500467300415039e-01 3.269707038998603821e-02 1.868058592081069946e-01 -2.286758646368980408e-02 2.052871286869049072e-01 1.380179193802177906e-03 -1.327453936672665091e-01 -1.345313573996427536e-01 -9.819775834174280238e-01
5.933716297149658203e-01 4.338612407445907593e-02 1.868957132101058960e-01 -3.226903453469276428e-02 2.222750037908554077e-01 2.214214066043496132e-03 -1.327453936672665091e-01 -1.345313573996427536e-01 -9.819775834174280238e-01
5.916116833686828613e-01 5.480230972170829773e-02 1.870433241128921509e-01 -3.812887147068977356e-02 2.343723773956298828e-01 3.690184326842427254e-03 -1.327453936672665091e-01 -1.345313573996427536e-01 -9.819775834174280238e-01
5.897471904754638672e-01 6.654296070337295532e-02 1.872664391994476318e-01 -3.645007684826850891e-02 2.352536767721176147e-01 5.234636366367340088e-03 3.222153439726917375e-03 3.517097076388452093e-02 -9.993761156545303281e-01
5.881566405296325684e-01 7.799885421991348267e-02 1.875546872615814209e-01 -2.717083506286144257e-02 2.229821532964706421e-01 6.295106373727321625e-03 -9.534286384641346007e-03 4.895016555182024609e-02 -9.987557152144787009e-01
5.871248841285705566e-01 8.860959112644195557e-02 1.878813803195953369e-01 -1.409972738474607468e-02 2.014473676681518555e-01 6.772638764232397079e-03 -2.738763531257309286e-02 4.701549846333487326e-02 -9.985186329429359686e-01
5.867285132408142090e-01 9.803920984268188477e-02 1.882194876670837402e-01 -1.754526048898696899e-03 1.757372915744781494e-01 6.751736160367727280e-03 -3.072495247045651037e-02 7.117317745836421183e-02 -9.969906499582473769e-01
5.868583917617797852e-01 1.061690896749496460e-01 1.885451972484588623e-01 6.949133705347776413e-03 1.494579315185546875e-01 6.276415660977363586e-03 -3.665231374831621342e-02 7.921713090685225667e-02 -9.961833435998522779e-01
5.873094797134399414e-01 1.130303069949150085e-01 1.888369917869567871e-01 1.109515316784381866e-02 1.249907910823822021e-01 5.395076237618923187e-03 -4.628592761684170026e-02 7.433533288132888883e-02 -9.961585572528454113e-01
5.878621339797973633e-01 1.187573075294494629e-01 1.890767961740493774e-01 1.101179420948028564e-02 1.040890961885452271e-01 4.197157919406890869e-03 -9.262480275699101762e-02 5.571317266816980251e-02 -9.941411812733015330e-01
5.883205533027648926e-01 1.235531792044639587e-01 1.892514228820800781e-01 7.324513047933578491e-03 8.774574846029281616e-02 2.787881065160036087e-03 -8.525604094028106650e-02 1.715611205753255972e-02 -9.962113607564703210e-01
5.885165929794311523e-01 1.276406347751617432e-01 1.893558353185653687e-01 5.173035315237939358e-04 7.575269043445587158e-02 1.388460514135658741e-03 -6.284278650936553356e-02 -4.959300087018656857e-03 -9.980111169342679167e-01
5.883064866065979004e-01 1.312020868062973022e-01 1.893954873085021973e-01 -8.921888656914234161e-03 6.670554727315902710e-02 1.974791230168193579e-04 -5.093035769360202553e-02 -2.716478213845157849e-02 -9.983326966871174379e-01
5.875790119171142578e-01 1.343340426683425903e-01 1.893828958272933960e-01 -2.017804421484470367e-02 5.857259407639503479e-02 -7.009680848568677902e-04 -4.459709457379972680e-02 -5.781549512065827651e-02 -9.973306711805911551e-01
5.862746834754943848e-01 1.370347142219543457e-01 1.893366128206253052e-01 -3.199397027492523193e-02 4.945441707968711853e-02 -1.150217372924089432e-03 -2.191538603841486355e-02 -9.378284370749523369e-02 -9.953514424960274720e-01
5.844034552574157715e-01 1.392247229814529419e-01 1.892825961112976074e-01 -4.285557568073272705e-02 3.814570233225822449e-02 -1.010618521831929684e-03 -3.896486508543303001e-02 -1.182191965513992166e-01 -9.922227375209738964e-01
5.820496082305908203e-01 1.407866775989532471e-01 1.892493665218353271e-01 -5.129812285304069519e-02 2.433220297098159790e-02 -3.184071683790534735e-04 -5.026490188343631094e-02 -1.183466281657120506e-01 -9.916993068659750721e-01
5.793620347976684570e-01 1.416075676679611206e-01 1.892594993114471436e-01 -5.620471760630607605e-02 8.503621444106101990e-03 7.239042315632104874e-04 -7.586029602283486661e-02 -1.207762639684761413e-01 -9.897768988752692065e-01
5.765311717987060547e-01 1.416135281324386597e-01 1.893232315778732300e-01 -5.702973529696464539e-02 -8.265321142971515656e-03 1.825581421144306660e-03 -8.302544586732955867e-02 -1.018250909010327554e-01 -9.913316428922902546e-01
5.737583041191101074e-01 1.407928913831710815e-01 1.894374489784240723e-01 -5.388531833887100220e-02 -2.456032112240791321e-02 2.742969663813710213e-03 -7.774597144385583802e-02 -8.427715731100877961e-02 -9.934047134364858422e-01
5.712247490882873535e-01 1.392061561346054077e-01 1.895891577005386353e-01 -4.745722934603691101e-02 -3.890922293066978455e-02 3.325506579130887985e-03 -6.069448417343648039e-02 -5.963634370709892246e-02 -9.963732664509669101e-01
5.690696835517883301e-01 1.369816064834594727e-01 1.897602677345275879e-01 -3.874579817056655884e-02 -5.007264018058776855e-02 3.519064048305153847e-03 -5.319303818841512183e-02 -3.234489733240960424e-02 -9.980602728807722590e-01
5.673822164535522461e-01 1.342981606721878052e-01 1.899322867393493652e-01 -2.875318750739097595e-02 -5.726540833711624146e-02 3.361993469297885895e-03 -4.632169686416287568e-02 -1.134437190934233126e-02 -9.988621554667126423e-01
5.662062764167785645e-01 1.313600391149520874e-01 1.900896281003952026e-01 -1.828387193381786346e-02 -6.025964021682739258e-02 2.931951312348246574e-03 -6.656648901220657555e-02 -9.046394365757569334e-03 -9.977409810604989104e-01
5.655515193939208984e-01 1.283698976039886475e-01 1.902208030223846436e-01 -7.905263453722000122e-03 -5.934603139758110046e-02 2.314781304448843002e-03 -6.840441719009848764e-02 -2.062294895008938769e-02 -9.974444995504686551e-01
5.654032230377197266e-01 1.255056858062744141e-01 1.903178989887237549e-01 1.973140053451061249e-03 -5.522250384092330933e-02 1.568949897773563862e-03 -6.840441719009848764e-02 -2.062294895008938769e-02 -9.974444995504686551e-01
5.657275319099426270e-01 1.229031607508659363e-01 1.903755068778991699e-01 1.099899876862764359e-02 -4.887862876057624817e-02 7.352777174673974514e-04 -7.957166711715107921e-02 -2.851228309144994422e-02 -9.964212961910792199e-01
5.664731264114379883e-01 1.206437423825263977e-01 1.903914660215377808e-01 1.882461644709110260e-02 -4.149796068668365479e-02 -9.714300540508702397e-05 -8.553633161257136186e-02 -2.132557572704255403e-02 -9.961067993905945439e-01
5.675710439682006836e-01 1.187472566962242126e-01 1.903684437274932861e-01 2.509130910038948059e-02 -3.436144813895225525e-02 -8.236254798248410225e-04 -6.804209080758744088e-02 7.196500492233411095e-02 -9.950835703311859959e-01
5.689341425895690918e-01 1.171702891588211060e-01 1.903124600648880005e-01 2.943329885601997375e-02 -2.871713414788246155e-02 -1.415901584550738335e-03 -6.804209080758744088e-02 7.196500492233411095e-02 -9.950835703311859959e-01
5.704575181007385254e-01 1.158122643828392029e-01 1.902284771203994751e-01 3.150234743952751160e-02 -2.560396492481231689e-02 -1.943334355019032955e-03 -1.359234592122841173e-02 1.138719059637286063e-01 -9.934024547798063765e-01
5.720204710960388184e-01 1.145304441452026367e-01 1.901178061962127686e-01 3.101690113544464111e-02 -2.566887997090816498e-02 -2.483677119016647339e-03 -4.417965180610455150e-02 6.821746046239197947e-02 -9.966917961197200304e-01
5.734913349151611328e-01 1.131632700562477112e-01 1.899788230657577515e-01 2.781662531197071075e-02 -2.901812642812728882e-02 -3.075745655223727226e-03 -4.417965180610455150e-02 6.821746046239197947e-02 -9.966917961197200304e-01
5.747343301773071289e-01 1.115593090653419495e-01 1.898085176944732666e-01 2.190313301980495453e-02 -3.514039888978004456e-02 -3.736511804163455963e-03 -3.992256764317596296e-02 8.216433553827420799e-02 -9.958188643304212162e-01
5.756187438964843750e-01 1.096067428588867188e-01 1.896049082279205322e-01 1.347344741225242615e-02 -4.296215251088142395e-02 -4.407628439366817474e-03 -4.136033030500241292e-02 1.115274737676626299e-01 -9.929002697502223862e-01
5.760291218757629395e-01 1.072571352124214172e-01 1.893697082996368408e-01 2.942582825198769569e-03 -5.102228373289108276e-02 -5.000338423997163773e-03 -4.136033030500241292e-02 1.115274737676626299e-01 -9.929002697502223862e-01
5.758764147758483887e-01 1.045383512973785400e-01 1.891089230775833130e-01 -9.051081724464893341e-03 -5.772891640663146973e-02 -5.430815741419792175e-03 -3.549735721035597591e-02 9.993018671203937608e-02 -9.943610488211902521e-01
5.751085281372070312e-01 1.015542149543762207e-01 1.888341009616851807e-01 -2.166509628295898438e-02 -6.163663044571876526e-02 -5.561896599829196930e-03 -1.981832328701094853e-02 8.208544261358675931e-02 -9.964282283090052372e-01
5.737192630767822266e-01 9.847214818000793457e-02 1.885627359151840210e-01 -3.390568867325782776e-02 -6.164599955081939697e-02 -5.292639136314392090e-03 -1.981832328701094853e-02 8.208544261358675931e-02 -9.964282283090052372e-01
5.717546343803405762e-01 9.550268203020095825e-02 1.883152872323989868e-01 -4.467899724841117859e-02 -5.713257566094398499e-02 -4.605359397828578949e-03 -3.166373919442347449e-03 6.403241644422408285e-02 -9.979427958147280009e-01
5.693161487579345703e-01 9.287393838167190552e-02 1.881127506494522095e-01 -5.286092683672904968e-02 -4.801728576421737671e-02 -3.496026154607534409e-03 -1.511148754632151044e-02 6.047469699397743648e-02 -9.980553361240167565e-01
5.665585994720458984e-01 9.080394357442855835e-02 1.879750490188598633e-01 -5.744124576449394226e-02 -3.478246182203292847e-02 -2.012205310165882111e-03 -4.127482603886277468e-02 4.649302964690076728e-02 -9.980655223619908645e-01
5.636788606643676758e-01 8.947359025478363037e-02 1.879179626703262329e-01 -5.774807184934616089e-02 -1.843166351318359375e-02 -2.712343120947480202e-04 -4.025769275729932511e-02 6.079658387815586179e-02 -9.973380036680671301e-01
5.608929991722106934e-01 8.900387585163116455e-02 1.879510730504989624e-01 -5.368682369589805603e-02 -3.570511471480131149e-04 1.595550565980374813e-03 -2.732032873929699998e-02 5.470451414587573086e-02 -9.981287571088413024e-01
5.584039688110351562e-01 8.944190293550491333e-02 1.880778968334197998e-01 -4.587441310286521912e-02 1.787798665463924408e-02 3.477568970993161201e-03 -2.732032873929699998e-02 5.470451414587573086e-02 -9.981287571088413024e-01
5.563664436340332031e-01 9.075905382633209229e-02 1.882967650890350342e-01 -3.562603145837783813e-02 3.480816259980201721e-02 5.277202464640140533e-03 -7.972864173217540651e-03 6.205820896162976552e-02 -9.980406866132013333e-01
5.548572540283203125e-01 9.286233037710189819e-02 1.886004209518432617e-01 -2.474270761013031006e-02 4.932300001382827759e-02 6.869177799671888351e-03 2.281332818954399932e-02 7.224754210939207666e-02 -9.971257918207050430e-01
5.538612604141235352e-01 9.561602026224136353e-02 1.889750361442565918e-01 -1.509604416787624359e-02 6.082444638013839722e-02 8.115260861814022064e-03 1.630636973716627358e-02 9.653821795482933621e-02 -9.951956967240667140e-01
5.532811880111694336e-01 9.886676073074340820e-02 1.894000619649887085e-01 -8.106769993901252747e-03 6.920529901981353760e-02 8.885812945663928986e-03 -5.654026783175777199e-03 9.891197506425898622e-02 -9.950801239940542109e-01
5.529713630676269531e-01 1.024633496999740601e-01 1.898497045040130615e-01 -4.286021925508975983e-03 7.465827465057373047e-02 9.099757298827171326e-03 -2.619800633807625387e-02 1.254508817045947855e-01 -9.917538710493898346e-01
5.527865290641784668e-01 1.062672883272171021e-01 1.902954578399658203e-01 -3.107897471636533737e-03 7.749915122985839844e-02 8.730133064091205597e-03 -2.892603152917581216e-02 1.448934525856233335e-01 -9.890243536414008441e-01
5.526261925697326660e-01 1.101584583520889282e-01 1.907088011503219604e-01 -3.306740662083029747e-03 7.814766466617584229e-02 7.803458254784345627e-03 -4.298131478005329242e-02 1.486536785618882417e-01 -9.879548018142311205e-01
5.524575114250183105e-01 1.140432879328727722e-01 1.910646110773086548e-01 -3.441366134211421013e-03 7.724547386169433594e-02 6.428855936974287033e-03 1.312700971015823108e-02 1.168757843715378109e-01 -9.930597830149034966e-01
5.523093938827514648e-01 1.178677976131439209e-01 1.913433223962783813e-01 -2.484230557456612587e-03 7.573500275611877441e-02 4.719800315797328949e-03 1.904744449437013529e-02 8.517404286958506210e-02 -9.961840077402788207e-01
5.522440075874328613e-01 1.216287240386009216e-01 1.915306001901626587e-01 -1.310979423578828573e-04 7.470206916332244873e-02 2.771075349301099777e-03 -4.049886854297303496e-02 4.087467285637002429e-02 -9.983431788536563101e-01
5.523215532302856445e-01 1.253715157508850098e-01 1.916174739599227905e-01 3.232378978282213211e-03 7.500983029603958130e-02 7.037890609353780746e-04 -4.607541763257318873e-02 1.288427592340160403e-02 -9.988548699995979385e-01
5.525723695755004883e-01 1.291697472333908081e-01 1.916026324033737183e-01 6.799087394028902054e-03 7.691970467567443848e-02 -1.297182985581457615e-03 -6.816373464525116166e-02 -1.168150269275193033e-02 -9.976057576879010513e-01
5.529859662055969238e-01 1.330913007259368896e-01 1.914959102869033813e-01 9.744704701006412506e-03 7.994259148836135864e-02 -2.971539739519357681e-03 -1.081104217108628390e-01 -3.861090641760351466e-02 -9.933888134165345107e-01
5.535193681716918945e-01 1.371658742427825928e-01 1.913188993930816650e-01 1.159164030104875565e-02 8.304062485694885254e-02 -4.109031055122613907e-03 -7.920900762352288405e-02 -3.850397769866299030e-02 -9.961141384453277015e-01
5.541185736656188965e-01 1.413706690073013306e-01 1.910991221666336060e-01 1.237687189131975174e-02 8.515088260173797607e-02 -4.682006314396858215e-03 -7.920900762352288405e-02 -3.850397769866299030e-02 -9.961141384453277015e-01
5.547413825988769531e-01 1.456455290317535400e-01 1.908611208200454712e-01 1.253564096987247467e-02 8.584377169609069824e-02 -4.837876651436090469e-03 -7.920900762352288405e-02 -3.850397769866299030e-02 -9.961141384453277015e-01
