time: 0.000000000
Joint Positions: 0 0 0 0 0 0 0 
End-Effector Position: -8.52966e-17 3.01263e-17 1.261 
End-Effector Quaternion: 1 3.08149e-33 -6.12323e-17 -1.83697e-16 
Manipulability: 1.0488e-33
Manipulability Ellipsoid Eigenvalues: 2.59029e-33 3.15675e-32 1.04972 
Manipulability Ellipsoid Eigenvectors: 0 0.533691 0.845679 0 -0.845679 0.533691 1 0 0 
Force Ellipsoid Eigenvalues: 74.3374 1.35624e+32 7.03652e+33 
Force Ellipsoid Eigenvectors: 1 0 0 0 0.999997 -0.00238849 0 0.00238849 0.999997 
joint effort: 0 0 0 0 0 0 0 
----------------------------------------
time: 0.212000000
Joint Positions: 0 0 0 0 0 0 0 
End-Effector Position: -8.52966e-17 3.01263e-17 1.261 
End-Effector Quaternion: 1 3.08149e-33 -6.12323e-17 -1.83697e-16 
Manipulability: 1.0488e-33
Manipulability Ellipsoid Eigenvalues: 2.59029e-33 3.15675e-32 1.04972 
Manipulability Ellipsoid Eigenvectors: 0 0.533691 0.845679 0 -0.845679 0.533691 1 0 0 
Force Ellipsoid Eigenvalues: 74.3374 1.35624e+32 7.03652e+33 
Force Ellipsoid Eigenvectors: 1 0 0 0 0.999997 -0.00238849 0 0.00238849 0.999997 
joint effort: 1.08054e-14 32.0545 9.24178e-15 -75.9432 1.07609e-14 0.599062 1.08778e-14 
----------------------------------------
time: 0.213000000
Joint Positions: 0 0 0 0 0 0 0 
End-Effector Position: -8.52966e-17 3.01263e-17 1.261 
End-Effector Quaternion: 1 3.08149e-33 -6.12323e-17 -1.83697e-16 
Manipulability: 1.0488e-33
Manipulability Ellipsoid Eigenvalues: 2.59029e-33 3.15675e-32 1.04972 
Manipulability Ellipsoid Eigenvectors: 0 0.533691 0.845679 0 -0.845679 0.533691 1 0 0 
Force Ellipsoid Eigenvalues: 74.3374 1.35624e+32 7.03652e+33 
Force Ellipsoid Eigenvectors: 1 0 0 0 0.999997 -0.00238849 0 0.00238849 0.999997 
joint effort: 1.08054e-14 32.0545 9.24178e-15 -75.9432 1.07609e-14 0.599062 1.08778e-14 
----------------------------------------
time: 0.218000000
Joint Positions: 0 0 0 0 0 0 0 
End-Effector Position: -8.52966e-17 3.01263e-17 1.261 
End-Effector Quaternion: 1 3.08149e-33 -6.12323e-17 -1.83697e-16 
Manipulability: 1.0488e-33
Manipulability Ellipsoid Eigenvalues: 2.59029e-33 3.15675e-32 1.04972 
Manipulability Ellipsoid Eigenvectors: 0 0.533691 0.845679 0 -0.845679 0.533691 1 0 0 
Force Ellipsoid Eigenvalues: 74.3374 1.35624e+32 7.03652e+33 
Force Ellipsoid Eigenvectors: 1 0 0 0 0.999997 -0.00238849 0 0.00238849 0.999997 
joint effort: 1.08054e-14 32.0545 9.24178e-15 -75.9432 1.07609e-14 0.599062 1.08778e-14 
----------------------------------------
time: 0.223000000
Joint Positions: 0 0 0 0 0 0 0 
End-Effector Position: -8.52966e-17 3.01263e-17 1.261 
End-Effector Quaternion: 1 3.08149e-33 -6.12323e-17 -1.83697e-16 
Manipulability: 1.0488e-33
Manipulability Ellipsoid Eigenvalues: 2.59029e-33 3.15675e-32 1.04972 
Manipulability Ellipsoid Eigenvectors: 0 0.533691 0.845679 0 -0.845679 0.533691 1 0 0 
Force Ellipsoid Eigenvalues: 74.3374 1.35624e+32 7.03652e+33 
Force Ellipsoid Eigenvectors: 1 0 0 0 0.999997 -0.00238849 0 0.00238849 0.999997 
joint effort: 1.08054e-14 32.0545 9.24178e-15 -75.9432 1.07609e-14 0.599062 1.08778e-14 
----------------------------------------
time: 0.228000000
Joint Positions: 0 0 0 0 0 0 0 
End-Effector Position: -8.52966e-17 3.01263e-17 1.261 
End-Effector Quaternion: 1 3.08149e-33 -6.12323e-17 -1.83697e-16 
Manipulability: 1.0488e-33
Manipulability Ellipsoid Eigenvalues: 2.59029e-33 3.15675e-32 1.04972 
Manipulability Ellipsoid Eigenvectors: 0 0.533691 0.845679 0 -0.845679 0.533691 1 0 0 
Force Ellipsoid Eigenvalues: 74.3374 1.35624e+32 7.03652e+33 
Force Ellipsoid Eigenvectors: 1 0 0 0 0.999997 -0.00238849 0 0.00238849 0.999997 
joint effort: 1.08054e-14 32.0545 9.24178e-15 -75.9432 1.07609e-14 0.599062 1.08778e-14 
----------------------------------------
time: 0.233000000
Joint Positions: 0 0 0 0 0 0 0 
End-Effector Position: -8.52966e-17 3.01263e-17 1.261 
End-Effector Quaternion: 1 3.08149e-33 -6.12323e-17 -1.83697e-16 
Manipulability: 1.0488e-33
Manipulability Ellipsoid Eigenvalues: 2.59029e-33 3.15675e-32 1.04972 
Manipulability Ellipsoid Eigenvectors: 0 0.533691 0.845679 0 -0.845679 0.533691 1 0 0 
Force Ellipsoid Eigenvalues: 74.3374 1.35624e+32 7.03652e+33 
Force Ellipsoid Eigenvectors: 1 0 0 0 0.999997 -0.00238849 0 0.00238849 0.999997 
joint effort: 1.08054e-14 32.0545 9.24178e-15 -75.9432 1.07609e-14 0.599062 1.08778e-14 
----------------------------------------
time: 0.238000000
Joint Positions: 0 0 0 0 0 0 0 
End-Effector Position: -8.52966e-17 3.01263e-17 1.261 
End-Effector Quaternion: 1 3.08149e-33 -6.12323e-17 -1.83697e-16 
Manipulability: 1.0488e-33
Manipulability Ellipsoid Eigenvalues: 2.59029e-33 3.15675e-32 1.04972 
Manipulability Ellipsoid Eigenvectors: 0 0.533691 0.845679 0 -0.845679 0.533691 1 0 0 
Force Ellipsoid Eigenvalues: 74.3374 1.35624e+32 7.03652e+33 
Force Ellipsoid Eigenvectors: 1 0 0 0 0.999997 -0.00238849 0 0.00238849 0.999997 
joint effort: 1.08054e-14 32.0545 9.24178e-15 -75.9432 1.07609e-14 0.599062 1.08778e-14 
----------------------------------------
time: 0.243000000
Joint Positions: 0 0 0 0 0 0 0 
End-Effector Position: -8.52966e-17 3.01263e-17 1.261 
End-Effector Quaternion: 1 3.08149e-33 -6.12323e-17 -1.83697e-16 
Manipulability: 1.0488e-33
Manipulability Ellipsoid Eigenvalues: 2.59029e-33 3.15675e-32 1.04972 
Manipulability Ellipsoid Eigenvectors: 0 0.533691 0.845679 0 -0.845679 0.533691 1 0 0 
Force Ellipsoid Eigenvalues: 74.3374 1.35624e+32 7.03652e+33 
Force Ellipsoid Eigenvectors: 1 0 0 0 0.999997 -0.00238849 0 0.00238849 0.999997 
joint effort: 1.08054e-14 32.0545 9.24178e-15 -75.9432 1.07609e-14 0.599062 1.08778e-14 
----------------------------------------
time: 0.248000000
Joint Positions: 0 0 0 0 0 0 0 
End-Effector Position: -8.52966e-17 3.01263e-17 1.261 
End-Effector Quaternion: 1 3.08149e-33 -6.12323e-17 -1.83697e-16 
Manipulability: 1.0488e-33
Manipulability Ellipsoid Eigenvalues: 2.59029e-33 3.15675e-32 1.04972 
Manipulability Ellipsoid Eigenvectors: 0 0.533691 0.845679 0 -0.845679 0.533691 1 0 0 
Force Ellipsoid Eigenvalues: 74.3374 1.35624e+32 7.03652e+33 
Force Ellipsoid Eigenvectors: 1 0 0 0 0.999997 -0.00238849 0 0.00238849 0.999997 
joint effort: 1.08054e-14 32.0545 9.24178e-15 -75.9432 1.07609e-14 0.599062 1.08778e-14 
----------------------------------------
time: 0.253000000
Joint Positions: 0 0 0 0 0 0 0 
End-Effector Position: -8.52966e-17 3.01263e-17 1.261 
End-Effector Quaternion: 1 3.08149e-33 -6.12323e-17 -1.83697e-16 
Manipulability: 1.0488e-33
Manipulability Ellipsoid Eigenvalues: 2.59029e-33 3.15675e-32 1.04972 
Manipulability Ellipsoid Eigenvectors: 0 0.533691 0.845679 0 -0.845679 0.533691 1 0 0 
Force Ellipsoid Eigenvalues: 74.3374 1.35624e+32 7.03652e+33 
Force Ellipsoid Eigenvectors: 1 0 0 0 0.999997 -0.00238849 0 0.00238849 0.999997 
joint effort: 1.08054e-14 32.0545 9.24178e-15 -75.9432 1.07609e-14 0.599062 1.08778e-14 
----------------------------------------
time: 0.258000000
Joint Positions: 0 0 0 0 0 0 0 
End-Effector Position: -8.52966e-17 3.01263e-17 1.261 
End-Effector Quaternion: 1 3.08149e-33 -6.12323e-17 -1.83697e-16 
Manipulability: 1.0488e-33
Manipulability Ellipsoid Eigenvalues: 2.59029e-33 3.15675e-32 1.04972 
Manipulability Ellipsoid Eigenvectors: 0 0.533691 0.845679 0 -0.845679 0.533691 1 0 0 
Force Ellipsoid Eigenvalues: 74.3374 1.35624e+32 7.03652e+33 
Force Ellipsoid Eigenvectors: 1 0 0 0 0.999997 -0.00238849 0 0.00238849 0.999997 
joint effort: 1.08054e-14 32.0545 9.24178e-15 -75.9432 1.07609e-14 0.599062 1.08778e-14 
----------------------------------------
time: 0.263000000
Joint Positions: 0 0 0 0 0 0 0 
End-Effector Position: -8.52966e-17 3.01263e-17 1.261 
End-Effector Quaternion: 1 3.08149e-33 -6.12323e-17 -1.83697e-16 
Manipulability: 1.0488e-33
Manipulability Ellipsoid Eigenvalues: 2.59029e-33 3.15675e-32 1.04972 
Manipulability Ellipsoid Eigenvectors: 0 0.533691 0.845679 0 -0.845679 0.533691 1 0 0 
Force Ellipsoid Eigenvalues: 74.3374 1.35624e+32 7.03652e+33 
Force Ellipsoid Eigenvectors: 1 0 0 0 0.999997 -0.00238849 0 0.00238849 0.999997 
joint effort: 1.08054e-14 32.0545 9.24178e-15 -75.9432 1.07609e-14 0.599062 1.08778e-14 
----------------------------------------
time: 0.268000000
Joint Positions: 0 0 0 0 0 0 0 
End-Effector Position: -8.52966e-17 3.01263e-17 1.261 
End-Effector Quaternion: 1 3.08149e-33 -6.12323e-17 -1.83697e-16 
Manipulability: 1.0488e-33
Manipulability Ellipsoid Eigenvalues: 2.59029e-33 3.15675e-32 1.04972 
Manipulability Ellipsoid Eigenvectors: 0 0.533691 0.845679 0 -0.845679 0.533691 1 0 0 
Force Ellipsoid Eigenvalues: 74.3374 1.35624e+32 7.03652e+33 
Force Ellipsoid Eigenvectors: 1 0 0 0 0.999997 -0.00238849 0 0.00238849 0.999997 
joint effort: 1.08054e-14 32.0545 9.24178e-15 -75.9432 1.07609e-14 0.599062 1.08778e-14 
----------------------------------------
time: 0.272000000
Joint Positions: 0 0 0 0 0 0 0 
End-Effector Position: -8.52966e-17 3.01263e-17 1.261 
End-Effector Quaternion: 1 3.08149e-33 -6.12323e-17 -1.83697e-16 
Manipulability: 1.0488e-33
Manipulability Ellipsoid Eigenvalues: 2.59029e-33 3.15675e-32 1.04972 
Manipulability Ellipsoid Eigenvectors: 0 0.533691 0.845679 0 -0.845679 0.533691 1 0 0 
Force Ellipsoid Eigenvalues: 74.3374 1.35624e+32 7.03652e+33 
Force Ellipsoid Eigenvectors: 1 0 0 0 0.999997 -0.00238849 0 0.00238849 0.999997 
joint effort: 1.08054e-14 32.0545 9.24178e-15 -75.9432 1.07609e-14 0.599062 1.08778e-14 
----------------------------------------
time: 0.278000000
Joint Positions: 0 0 0 0 0 0 0 
End-Effector Position: -8.52966e-17 3.01263e-17 1.261 
End-Effector Quaternion: 1 3.08149e-33 -6.12323e-17 -1.83697e-16 
Manipulability: 1.0488e-33
Manipulability Ellipsoid Eigenvalues: 2.59029e-33 3.15675e-32 1.04972 
Manipulability Ellipsoid Eigenvectors: 0 0.533691 0.845679 0 -0.845679 0.533691 1 0 0 
Force Ellipsoid Eigenvalues: 74.3374 1.35624e+32 7.03652e+33 
Force Ellipsoid Eigenvectors: 1 0 0 0 0.999997 -0.00238849 0 0.00238849 0.999997 
joint effort: 1.08054e-14 32.0545 9.24178e-15 -75.9432 1.07609e-14 0.599062 1.08778e-14 
----------------------------------------
time: 0.283000000
Joint Positions: 0 0 0 0 0 0 0 
End-Effector Position: -8.52966e-17 3.01263e-17 1.261 
End-Effector Quaternion: 1 3.08149e-33 -6.12323e-17 -1.83697e-16 
Manipulability: 1.0488e-33
Manipulability Ellipsoid Eigenvalues: 2.59029e-33 3.15675e-32 1.04972 
Manipulability Ellipsoid Eigenvectors: 0 0.533691 0.845679 0 -0.845679 0.533691 1 0 0 
Force Ellipsoid Eigenvalues: 74.3374 1.35624e+32 7.03652e+33 
Force Ellipsoid Eigenvectors: 1 0 0 0 0.999997 -0.00238849 0 0.00238849 0.999997 
joint effort: 1.08054e-14 32.0545 9.24178e-15 -75.9432 1.07609e-14 0.599062 1.08778e-14 
----------------------------------------
time: 0.288000000
Joint Positions: 0 0 0 0 0 0 0 
End-Effector Position: -8.52966e-17 3.01263e-17 1.261 
End-Effector Quaternion: 1 3.08149e-33 -6.12323e-17 -1.83697e-16 
Manipulability: 1.0488e-33
Manipulability Ellipsoid Eigenvalues: 2.59029e-33 3.15675e-32 1.04972 
Manipulability Ellipsoid Eigenvectors: 0 0.533691 0.845679 0 -0.845679 0.533691 1 0 0 
Force Ellipsoid Eigenvalues: 74.3374 1.35624e+32 7.03652e+33 
Force Ellipsoid Eigenvectors: 1 0 0 0 0.999997 -0.00238849 0 0.00238849 0.999997 
joint effort: 1.08054e-14 32.0545 9.24178e-15 -75.9432 1.07609e-14 0.599062 1.08778e-14 
----------------------------------------
time: 0.293000000
Joint Positions: 0 0 0 0 0 0 0 
End-Effector Position: -8.52966e-17 3.01263e-17 1.261 
End-Effector Quaternion: 1 3.08149e-33 -6.12323e-17 -1.83697e-16 
Manipulability: 1.0488e-33
Manipulability Ellipsoid Eigenvalues: 2.59029e-33 3.15675e-32 1.04972 
Manipulability Ellipsoid Eigenvectors: 0 0.533691 0.845679 0 -0.845679 0.533691 1 0 0 
Force Ellipsoid Eigenvalues: 74.3374 1.35624e+32 7.03652e+33 
Force Ellipsoid Eigenvectors: 1 0 0 0 0.999997 -0.00238849 0 0.00238849 0.999997 
joint effort: 1.08054e-14 32.0545 9.24178e-15 -75.9432 1.07609e-14 0.599062 1.08778e-14 
----------------------------------------
time: 0.298000000
Joint Positions: 0 0 0 0 0 0 0 
End-Effector Position: -8.52966e-17 3.01263e-17 1.261 
End-Effector Quaternion: 1 3.08149e-33 -6.12323e-17 -1.83697e-16 
Manipulability: 1.0488e-33
Manipulability Ellipsoid Eigenvalues: 2.59029e-33 3.15675e-32 1.04972 
Manipulability Ellipsoid Eigenvectors: 0 0.533691 0.845679 0 -0.845679 0.533691 1 0 0 
Force Ellipsoid Eigenvalues: 74.3374 1.35624e+32 7.03652e+33 
Force Ellipsoid Eigenvectors: 1 0 0 0 0.999997 -0.00238849 0 0.00238849 0.999997 
joint effort: 1.08054e-14 32.0545 9.24178e-15 -75.9432 1.07609e-14 0.599062 1.08778e-14 
----------------------------------------
time: 0.303000000
Joint Positions: 0 0 0 0 0 0 0 
End-Effector Position: -8.52966e-17 3.01263e-17 1.261 
End-Effector Quaternion: 1 3.08149e-33 -6.12323e-17 -1.83697e-16 
Manipulability: 1.0488e-33
Manipulability Ellipsoid Eigenvalues: 2.59029e-33 3.15675e-32 1.04972 
Manipulability Ellipsoid Eigenvectors: 0 0.533691 0.845679 0 -0.845679 0.533691 1 0 0 
Force Ellipsoid Eigenvalues: 74.3374 1.35624e+32 7.03652e+33 
Force Ellipsoid Eigenvectors: 1 0 0 0 0.999997 -0.00238849 0 0.00238849 0.999997 
joint effort: 1.08054e-14 32.0545 9.24178e-15 -75.9432 1.07609e-14 0.599062 1.08778e-14 
----------------------------------------
time: 0.308000000
Joint Positions: 0 0 0 0 0 0 0 
End-Effector Position: -8.52966e-17 3.01263e-17 1.261 
End-Effector Quaternion: 1 3.08149e-33 -6.12323e-17 -1.83697e-16 
Manipulability: 1.0488e-33
Manipulability Ellipsoid Eigenvalues: 2.59029e-33 3.15675e-32 1.04972 
Manipulability Ellipsoid Eigenvectors: 0 0.533691 0.845679 0 -0.845679 0.533691 1 0 0 
Force Ellipsoid Eigenvalues: 74.3374 1.35624e+32 7.03652e+33 
Force Ellipsoid Eigenvectors: 1 0 0 0 0.999997 -0.00238849 0 0.00238849 0.999997 
joint effort: 1.08054e-14 32.0545 9.24178e-15 -75.9432 1.07609e-14 0.599062 1.08778e-14 
----------------------------------------
time: 0.313000000
Joint Positions: 0 0 0 0 0 0 0 
End-Effector Position: -8.52966e-17 3.01263e-17 1.261 
End-Effector Quaternion: 1 3.08149e-33 -6.12323e-17 -1.83697e-16 
Manipulability: 1.0488e-33
Manipulability Ellipsoid Eigenvalues: 2.59029e-33 3.15675e-32 1.04972 
Manipulability Ellipsoid Eigenvectors: 0 0.533691 0.845679 0 -0.845679 0.533691 1 0 0 
Force Ellipsoid Eigenvalues: 74.3374 1.35624e+32 7.03652e+33 
Force Ellipsoid Eigenvectors: 1 0 0 0 0.999997 -0.00238849 0 0.00238849 0.999997 
joint effort: 1.08054e-14 32.0545 9.24178e-15 -75.9432 1.07609e-14 0.599062 1.08778e-14 
----------------------------------------
time: 0.318000000
Joint Positions: 0 0 0 0 0 0 0 
End-Effector Position: -8.52966e-17 3.01263e-17 1.261 
End-Effector Quaternion: 1 3.08149e-33 -6.12323e-17 -1.83697e-16 
Manipulability: 1.0488e-33
Manipulability Ellipsoid Eigenvalues: 2.59029e-33 3.15675e-32 1.04972 
Manipulability Ellipsoid Eigenvectors: 0 0.533691 0.845679 0 -0.845679 0.533691 1 0 0 
Force Ellipsoid Eigenvalues: 74.3374 1.35624e+32 7.03652e+33 
Force Ellipsoid Eigenvectors: 1 0 0 0 0.999997 -0.00238849 0 0.00238849 0.999997 
joint effort: 1.08054e-14 32.0545 9.24178e-15 -75.9432 1.07609e-14 0.599062 1.08778e-14 
----------------------------------------
time: 0.324000000
Joint Positions: 0 0 0 0 0 0 0 
End-Effector Position: -8.52966e-17 3.01263e-17 1.261 
End-Effector Quaternion: 1 3.08149e-33 -6.12323e-17 -1.83697e-16 
Manipulability: 1.0488e-33
Manipulability Ellipsoid Eigenvalues: 2.59029e-33 3.15675e-32 1.04972 
Manipulability Ellipsoid Eigenvectors: 0 0.533691 0.845679 0 -0.845679 0.533691 1 0 0 
Force Ellipsoid Eigenvalues: 74.3374 1.35624e+32 7.03652e+33 
Force Ellipsoid Eigenvectors: 1 0 0 0 0.999997 -0.00238849 0 0.00238849 0.999997 
joint effort: 1.08054e-14 32.0545 9.24178e-15 -75.9432 1.07609e-14 0.599062 1.08778e-14 
----------------------------------------
time: 0.328000000
Joint Positions: 0 0 0 0 0 0 0 
End-Effector Position: -8.52966e-17 3.01263e-17 1.261 
End-Effector Quaternion: 1 3.08149e-33 -6.12323e-17 -1.83697e-16 
Manipulability: 1.0488e-33
Manipulability Ellipsoid Eigenvalues: 2.59029e-33 3.15675e-32 1.04972 
Manipulability Ellipsoid Eigenvectors: 0 0.533691 0.845679 0 -0.845679 0.533691 1 0 0 
Force Ellipsoid Eigenvalues: 74.3374 1.35624e+32 7.03652e+33 
Force Ellipsoid Eigenvectors: 1 0 0 0 0.999997 -0.00238849 0 0.00238849 0.999997 
joint effort: 1.08054e-14 32.0545 9.24178e-15 -75.9432 1.07609e-14 0.599062 1.08778e-14 
----------------------------------------
time: 0.333000000
Joint Positions: 0 0 0 0 0 0 0 
End-Effector Position: -8.52966e-17 3.01263e-17 1.261 
End-Effector Quaternion: 1 3.08149e-33 -6.12323e-17 -1.83697e-16 
Manipulability: 1.0488e-33
Manipulability Ellipsoid Eigenvalues: 2.59029e-33 3.15675e-32 1.04972 
Manipulability Ellipsoid Eigenvectors: 0 0.533691 0.845679 0 -0.845679 0.533691 1 0 0 
Force Ellipsoid Eigenvalues: 74.3374 1.35624e+32 7.03652e+33 
Force Ellipsoid Eigenvectors: 1 0 0 0 0.999997 -0.00238849 0 0.00238849 0.999997 
joint effort: 1.08054e-14 32.0545 9.24178e-15 -75.9432 1.07609e-14 0.599062 1.08778e-14 
----------------------------------------
time: 0.338000000
Joint Positions: 0 0 0 0 0 0 0 
End-Effector Position: -8.52966e-17 3.01263e-17 1.261 
End-Effector Quaternion: 1 3.08149e-33 -6.12323e-17 -1.83697e-16 
Manipulability: 1.0488e-33
Manipulability Ellipsoid Eigenvalues: 2.59029e-33 3.15675e-32 1.04972 
Manipulability Ellipsoid Eigenvectors: 0 0.533691 0.845679 0 -0.845679 0.533691 1 0 0 
Force Ellipsoid Eigenvalues: 74.3374 1.35624e+32 7.03652e+33 
Force Ellipsoid Eigenvectors: 1 0 0 0 0.999997 -0.00238849 0 0.00238849 0.999997 
joint effort: 1.08054e-14 32.0545 9.24178e-15 -75.9432 1.07609e-14 0.599062 1.08778e-14 
----------------------------------------
time: 0.343000000
Joint Positions: 0 0 0 0 0 0 0 
End-Effector Position: -8.52966e-17 3.01263e-17 1.261 
End-Effector Quaternion: 1 3.08149e-33 -6.12323e-17 -1.83697e-16 
Manipulability: 1.0488e-33
Manipulability Ellipsoid Eigenvalues: 2.59029e-33 3.15675e-32 1.04972 
Manipulability Ellipsoid Eigenvectors: 0 0.533691 0.845679 0 -0.845679 0.533691 1 0 0 
Force Ellipsoid Eigenvalues: 74.3374 1.35624e+32 7.03652e+33 
Force Ellipsoid Eigenvectors: 1 0 0 0 0.999997 -0.00238849 0 0.00238849 0.999997 
joint effort: 1.08054e-14 32.0545 9.24178e-15 -75.9432 1.07609e-14 0.599062 1.08778e-14 
----------------------------------------
time: 0.348000000
Joint Positions: 0 0 0 0 0 0 0 
End-Effector Position: -8.52966e-17 3.01263e-17 1.261 
End-Effector Quaternion: 1 3.08149e-33 -6.12323e-17 -1.83697e-16 
Manipulability: 1.0488e-33
Manipulability Ellipsoid Eigenvalues: 2.59029e-33 3.15675e-32 1.04972 
Manipulability Ellipsoid Eigenvectors: 0 0.533691 0.845679 0 -0.845679 0.533691 1 0 0 
Force Ellipsoid Eigenvalues: 74.3374 1.35624e+32 7.03652e+33 
Force Ellipsoid Eigenvectors: 1 0 0 0 0.999997 -0.00238849 0 0.00238849 0.999997 
joint effort: 1.08054e-14 32.0545 9.24178e-15 -75.9432 1.07609e-14 0.599062 1.08778e-14 
----------------------------------------
time: 0.352000000
Joint Positions: 0 0 0 0 0 0 0 
End-Effector Position: -8.52966e-17 3.01263e-17 1.261 
End-Effector Quaternion: 1 3.08149e-33 -6.12323e-17 -1.83697e-16 
Manipulability: 1.0488e-33
Manipulability Ellipsoid Eigenvalues: 2.59029e-33 3.15675e-32 1.04972 
Manipulability Ellipsoid Eigenvectors: 0 0.533691 0.845679 0 -0.845679 0.533691 1 0 0 
Force Ellipsoid Eigenvalues: 74.3374 1.35624e+32 7.03652e+33 
Force Ellipsoid Eigenvectors: 1 0 0 0 0.999997 -0.00238849 0 0.00238849 0.999997 
joint effort: 1.08054e-14 32.0545 9.24178e-15 -75.9432 1.07609e-14 0.599062 1.08778e-14 
----------------------------------------
time: 0.358000000
Joint Positions: 0 0 0 0 0 0 0 
End-Effector Position: -8.52966e-17 3.01263e-17 1.261 
End-Effector Quaternion: 1 3.08149e-33 -6.12323e-17 -1.83697e-16 
Manipulability: 1.0488e-33
Manipulability Ellipsoid Eigenvalues: 2.59029e-33 3.15675e-32 1.04972 
Manipulability Ellipsoid Eigenvectors: 0 0.533691 0.845679 0 -0.845679 0.533691 1 0 0 
Force Ellipsoid Eigenvalues: 74.3374 1.35624e+32 7.03652e+33 
Force Ellipsoid Eigenvectors: 1 0 0 0 0.999997 -0.00238849 0 0.00238849 0.999997 
joint effort: 1.08054e-14 32.0545 9.24178e-15 -75.9432 1.07609e-14 0.599062 1.08778e-14 
----------------------------------------
time: 0.363000000
Joint Positions: 0 0 0 0 0 0 0 
End-Effector Position: -8.52966e-17 3.01263e-17 1.261 
End-Effector Quaternion: 1 3.08149e-33 -6.12323e-17 -1.83697e-16 
Manipulability: 1.0488e-33
Manipulability Ellipsoid Eigenvalues: 2.59029e-33 3.15675e-32 1.04972 
Manipulability Ellipsoid Eigenvectors: 0 0.533691 0.845679 0 -0.845679 0.533691 1 0 0 
Force Ellipsoid Eigenvalues: 74.3374 1.35624e+32 7.03652e+33 
Force Ellipsoid Eigenvectors: 1 0 0 0 0.999997 -0.00238849 0 0.00238849 0.999997 
joint effort: 1.08054e-14 32.0545 9.24178e-15 -75.9432 1.07609e-14 0.599062 1.08778e-14 
----------------------------------------
time: 0.368000000
Joint Positions: 0 0 0 0 0 0 0 
End-Effector Position: -8.52966e-17 3.01263e-17 1.261 
End-Effector Quaternion: 1 3.08149e-33 -6.12323e-17 -1.83697e-16 
Manipulability: 1.0488e-33
Manipulability Ellipsoid Eigenvalues: 2.59029e-33 3.15675e-32 1.04972 
Manipulability Ellipsoid Eigenvectors: 0 0.533691 0.845679 0 -0.845679 0.533691 1 0 0 
Force Ellipsoid Eigenvalues: 74.3374 1.35624e+32 7.03652e+33 
Force Ellipsoid Eigenvectors: 1 0 0 0 0.999997 -0.00238849 0 0.00238849 0.999997 
joint effort: 1.08054e-14 32.0545 9.24178e-15 -75.9432 1.07609e-14 0.599062 1.08778e-14 
----------------------------------------
time: 0.372000000
Joint Positions: 0 0 0 0 0 0 0 
End-Effector Position: -8.52966e-17 3.01263e-17 1.261 
End-Effector Quaternion: 1 3.08149e-33 -6.12323e-17 -1.83697e-16 
Manipulability: 1.0488e-33
Manipulability Ellipsoid Eigenvalues: 2.59029e-33 3.15675e-32 1.04972 
Manipulability Ellipsoid Eigenvectors: 0 0.533691 0.845679 0 -0.845679 0.533691 1 0 0 
Force Ellipsoid Eigenvalues: 74.3374 1.35624e+32 7.03652e+33 
Force Ellipsoid Eigenvectors: 1 0 0 0 0.999997 -0.00238849 0 0.00238849 0.999997 
joint effort: 1.08054e-14 32.0545 9.24178e-15 -75.9432 1.07609e-14 0.599062 1.08778e-14 
----------------------------------------
time: 0.377000000
Joint Positions: 0 0 0 0 0 0 0 
End-Effector Position: -8.52966e-17 3.01263e-17 1.261 
End-Effector Quaternion: 1 3.08149e-33 -6.12323e-17 -1.83697e-16 
Manipulability: 1.0488e-33
Manipulability Ellipsoid Eigenvalues: 2.59029e-33 3.15675e-32 1.04972 
Manipulability Ellipsoid Eigenvectors: 0 0.533691 0.845679 0 -0.845679 0.533691 1 0 0 
Force Ellipsoid Eigenvalues: 74.3374 1.35624e+32 7.03652e+33 
Force Ellipsoid Eigenvectors: 1 0 0 0 0.999997 -0.00238849 0 0.00238849 0.999997 
joint effort: 1.08054e-14 32.0545 9.24178e-15 -75.9432 1.07609e-14 0.599062 1.08778e-14 
----------------------------------------
time: 0.382000000
Joint Positions: 0 0 0 0 0 0 0 
End-Effector Position: -8.52966e-17 3.01263e-17 1.261 
End-Effector Quaternion: 1 3.08149e-33 -6.12323e-17 -1.83697e-16 
Manipulability: 1.0488e-33
Manipulability Ellipsoid Eigenvalues: 2.59029e-33 3.15675e-32 1.04972 
Manipulability Ellipsoid Eigenvectors: 0 0.533691 0.845679 0 -0.845679 0.533691 1 0 0 
Force Ellipsoid Eigenvalues: 74.3374 1.35624e+32 7.03652e+33 
Force Ellipsoid Eigenvectors: 1 0 0 0 0.999997 -0.00238849 0 0.00238849 0.999997 
joint effort: 1.08054e-14 32.0545 9.24178e-15 -75.9432 1.07609e-14 0.599062 1.08778e-14 
----------------------------------------
time: 0.388000000
Joint Positions: 0 0 0 0 0 0 0 
End-Effector Position: -8.52966e-17 3.01263e-17 1.261 
End-Effector Quaternion: 1 3.08149e-33 -6.12323e-17 -1.83697e-16 
Manipulability: 1.0488e-33
Manipulability Ellipsoid Eigenvalues: 2.59029e-33 3.15675e-32 1.04972 
Manipulability Ellipsoid Eigenvectors: 0 0.533691 0.845679 0 -0.845679 0.533691 1 0 0 
Force Ellipsoid Eigenvalues: 74.3374 1.35624e+32 7.03652e+33 
Force Ellipsoid Eigenvectors: 1 0 0 0 0.999997 -0.00238849 0 0.00238849 0.999997 
joint effort: 1.08054e-14 32.0545 9.24178e-15 -75.9432 1.07609e-14 0.599062 1.08778e-14 
----------------------------------------
time: 0.392000000
Joint Positions: 0 0 0 0 0 0 0 
End-Effector Position: -8.52966e-17 3.01263e-17 1.261 
End-Effector Quaternion: 1 3.08149e-33 -6.12323e-17 -1.83697e-16 
Manipulability: 1.0488e-33
Manipulability Ellipsoid Eigenvalues: 2.59029e-33 3.15675e-32 1.04972 
Manipulability Ellipsoid Eigenvectors: 0 0.533691 0.845679 0 -0.845679 0.533691 1 0 0 
Force Ellipsoid Eigenvalues: 74.3374 1.35624e+32 7.03652e+33 
Force Ellipsoid Eigenvectors: 1 0 0 0 0.999997 -0.00238849 0 0.00238849 0.999997 
joint effort: 1.08054e-14 32.0545 9.24178e-15 -75.9432 1.07609e-14 0.599062 1.08778e-14 
----------------------------------------
time: 0.398000000
Joint Positions: 0 0 0 0 0 0 0 
End-Effector Position: -8.52966e-17 3.01263e-17 1.261 
End-Effector Quaternion: 1 3.08149e-33 -6.12323e-17 -1.83697e-16 
Manipulability: 1.0488e-33
Manipulability Ellipsoid Eigenvalues: 2.59029e-33 3.15675e-32 1.04972 
Manipulability Ellipsoid Eigenvectors: 0 0.533691 0.845679 0 -0.845679 0.533691 1 0 0 
Force Ellipsoid Eigenvalues: 74.3374 1.35624e+32 7.03652e+33 
Force Ellipsoid Eigenvectors: 1 0 0 0 0.999997 -0.00238849 0 0.00238849 0.999997 
joint effort: 1.08054e-14 32.0545 9.24178e-15 -75.9432 1.07609e-14 0.599062 1.08778e-14 
----------------------------------------
time: 0.402000000
Joint Positions: 0 0 0 0 0 0 0 
End-Effector Position: -8.52966e-17 3.01263e-17 1.261 
End-Effector Quaternion: 1 3.08149e-33 -6.12323e-17 -1.83697e-16 
Manipulability: 1.0488e-33
Manipulability Ellipsoid Eigenvalues: 2.59029e-33 3.15675e-32 1.04972 
Manipulability Ellipsoid Eigenvectors: 0 0.533691 0.845679 0 -0.845679 0.533691 1 0 0 
Force Ellipsoid Eigenvalues: 74.3374 1.35624e+32 7.03652e+33 
Force Ellipsoid Eigenvectors: 1 0 0 0 0.999997 -0.00238849 0 0.00238849 0.999997 
joint effort: 1.08054e-14 32.0545 9.24178e-15 -75.9432 1.07609e-14 0.599062 1.08778e-14 
----------------------------------------
time: 0.408000000
Joint Positions: 0 0 0 0 0 0 0 
End-Effector Position: -8.52966e-17 3.01263e-17 1.261 
End-Effector Quaternion: 1 3.08149e-33 -6.12323e-17 -1.83697e-16 
Manipulability: 1.0488e-33
Manipulability Ellipsoid Eigenvalues: 2.59029e-33 3.15675e-32 1.04972 
Manipulability Ellipsoid Eigenvectors: 0 0.533691 0.845679 0 -0.845679 0.533691 1 0 0 
Force Ellipsoid Eigenvalues: 74.3374 1.35624e+32 7.03652e+33 
Force Ellipsoid Eigenvectors: 1 0 0 0 0.999997 -0.00238849 0 0.00238849 0.999997 
joint effort: 1.08054e-14 32.0545 9.24178e-15 -75.9432 1.07609e-14 0.599062 1.08778e-14 
----------------------------------------
time: 0.412000000
Joint Positions: 0 0 0 0 0 0 0 
End-Effector Position: -8.52966e-17 3.01263e-17 1.261 
End-Effector Quaternion: 1 3.08149e-33 -6.12323e-17 -1.83697e-16 
Manipulability: 1.0488e-33
Manipulability Ellipsoid Eigenvalues: 2.59029e-33 3.15675e-32 1.04972 
Manipulability Ellipsoid Eigenvectors: 0 0.533691 0.845679 0 -0.845679 0.533691 1 0 0 
Force Ellipsoid Eigenvalues: 74.3374 1.35624e+32 7.03652e+33 
Force Ellipsoid Eigenvectors: 1 0 0 0 0.999997 -0.00238849 0 0.00238849 0.999997 
joint effort: 1.08054e-14 32.0545 9.24178e-15 -75.9432 1.07609e-14 0.599062 1.08778e-14 
----------------------------------------
time: 0.417000000
Joint Positions: 0 0 0 0 0 0 0 
End-Effector Position: -8.52966e-17 3.01263e-17 1.261 
End-Effector Quaternion: 1 3.08149e-33 -6.12323e-17 -1.83697e-16 
Manipulability: 1.0488e-33
Manipulability Ellipsoid Eigenvalues: 2.59029e-33 3.15675e-32 1.04972 
Manipulability Ellipsoid Eigenvectors: 0 0.533691 0.845679 0 -0.845679 0.533691 1 0 0 
Force Ellipsoid Eigenvalues: 74.3374 1.35624e+32 7.03652e+33 
Force Ellipsoid Eigenvectors: 1 0 0 0 0.999997 -0.00238849 0 0.00238849 0.999997 
joint effort: 1.08054e-14 32.0545 9.24178e-15 -75.9432 1.07609e-14 0.599062 1.08778e-14 
----------------------------------------
time: 0.422000000
Joint Positions: 0 0 0 0 0 0 0 
End-Effector Position: -8.52966e-17 3.01263e-17 1.261 
End-Effector Quaternion: 1 3.08149e-33 -6.12323e-17 -1.83697e-16 
Manipulability: 1.0488e-33
Manipulability Ellipsoid Eigenvalues: 2.59029e-33 3.15675e-32 1.04972 
Manipulability Ellipsoid Eigenvectors: 0 0.533691 0.845679 0 -0.845679 0.533691 1 0 0 
Force Ellipsoid Eigenvalues: 74.3374 1.35624e+32 7.03652e+33 
Force Ellipsoid Eigenvectors: 1 0 0 0 0.999997 -0.00238849 0 0.00238849 0.999997 
joint effort: 1.08054e-14 32.0545 9.24178e-15 -75.9432 1.07609e-14 0.599062 1.08778e-14 
----------------------------------------
time: 0.428000000
Joint Positions: 0 0 0 0 0 0 0 
End-Effector Position: -8.52966e-17 3.01263e-17 1.261 
End-Effector Quaternion: 1 3.08149e-33 -6.12323e-17 -1.83697e-16 
Manipulability: 1.0488e-33
Manipulability Ellipsoid Eigenvalues: 2.59029e-33 3.15675e-32 1.04972 
Manipulability Ellipsoid Eigenvectors: 0 0.533691 0.845679 0 -0.845679 0.533691 1 0 0 
Force Ellipsoid Eigenvalues: 74.3374 1.35624e+32 7.03652e+33 
Force Ellipsoid Eigenvectors: 1 0 0 0 0.999997 -0.00238849 0 0.00238849 0.999997 
joint effort: 1.08054e-14 32.0545 9.24178e-15 -75.9432 1.07609e-14 0.599062 1.08778e-14 
----------------------------------------
time: 0.432000000
Joint Positions: 0 0 0 0 0 0 0 
End-Effector Position: -8.52966e-17 3.01263e-17 1.261 
End-Effector Quaternion: 1 3.08149e-33 -6.12323e-17 -1.83697e-16 
Manipulability: 1.0488e-33
Manipulability Ellipsoid Eigenvalues: 2.59029e-33 3.15675e-32 1.04972 
Manipulability Ellipsoid Eigenvectors: 0 0.533691 0.845679 0 -0.845679 0.533691 1 0 0 
Force Ellipsoid Eigenvalues: 74.3374 1.35624e+32 7.03652e+33 
Force Ellipsoid Eigenvectors: 1 0 0 0 0.999997 -0.00238849 0 0.00238849 0.999997 
joint effort: 1.08054e-14 32.0545 9.24178e-15 -75.9432 1.07609e-14 0.599062 1.08778e-14 
----------------------------------------
time: 0.437000000
Joint Positions: 0 0 0 0 0 0 0 
End-Effector Position: -8.52966e-17 3.01263e-17 1.261 
End-Effector Quaternion: 1 3.08149e-33 -6.12323e-17 -1.83697e-16 
Manipulability: 1.0488e-33
Manipulability Ellipsoid Eigenvalues: 2.59029e-33 3.15675e-32 1.04972 
Manipulability Ellipsoid Eigenvectors: 0 0.533691 0.845679 0 -0.845679 0.533691 1 0 0 
Force Ellipsoid Eigenvalues: 74.3374 1.35624e+32 7.03652e+33 
Force Ellipsoid Eigenvectors: 1 0 0 0 0.999997 -0.00238849 0 0.00238849 0.999997 
joint effort: 1.08054e-14 32.0545 9.24178e-15 -75.9432 1.07609e-14 0.599062 1.08778e-14 
----------------------------------------
time: 0.442000000
Joint Positions: 0 0 0 0 0 0 0 
End-Effector Position: -8.52966e-17 3.01263e-17 1.261 
End-Effector Quaternion: 1 3.08149e-33 -6.12323e-17 -1.83697e-16 
Manipulability: 1.0488e-33
Manipulability Ellipsoid Eigenvalues: 2.59029e-33 3.15675e-32 1.04972 
Manipulability Ellipsoid Eigenvectors: 0 0.533691 0.845679 0 -0.845679 0.533691 1 0 0 
Force Ellipsoid Eigenvalues: 74.3374 1.35624e+32 7.03652e+33 
Force Ellipsoid Eigenvectors: 1 0 0 0 0.999997 -0.00238849 0 0.00238849 0.999997 
joint effort: 1.08054e-14 32.0545 9.24178e-15 -75.9432 1.07609e-14 0.599062 1.08778e-14 
----------------------------------------
time: 0.448000000
Joint Positions: 0 0 0 0 0 0 0 
End-Effector Position: -8.52966e-17 3.01263e-17 1.261 
End-Effector Quaternion: 1 3.08149e-33 -6.12323e-17 -1.83697e-16 
Manipulability: 1.0488e-33
Manipulability Ellipsoid Eigenvalues: 2.59029e-33 3.15675e-32 1.04972 
Manipulability Ellipsoid Eigenvectors: 0 0.533691 0.845679 0 -0.845679 0.533691 1 0 0 
Force Ellipsoid Eigenvalues: 74.3374 1.35624e+32 7.03652e+33 
Force Ellipsoid Eigenvectors: 1 0 0 0 0.999997 -0.00238849 0 0.00238849 0.999997 
joint effort: 1.08054e-14 32.0545 9.24178e-15 -75.9432 1.07609e-14 0.599062 1.08778e-14 
----------------------------------------
time: 0.452000000
Joint Positions: 0 0 0 0 0 0 0 
End-Effector Position: -8.52966e-17 3.01263e-17 1.261 
End-Effector Quaternion: 1 3.08149e-33 -6.12323e-17 -1.83697e-16 
Manipulability: 1.0488e-33
Manipulability Ellipsoid Eigenvalues: 2.59029e-33 3.15675e-32 1.04972 
Manipulability Ellipsoid Eigenvectors: 0 0.533691 0.845679 0 -0.845679 0.533691 1 0 0 
Force Ellipsoid Eigenvalues: 74.3374 1.35624e+32 7.03652e+33 
Force Ellipsoid Eigenvectors: 1 0 0 0 0.999997 -0.00238849 0 0.00238849 0.999997 
joint effort: 1.08054e-14 32.0545 9.24178e-15 -75.9432 1.07609e-14 0.599062 1.08778e-14 
----------------------------------------
time: 0.458000000
Joint Positions: 0 0 0 0 0 0 0 
End-Effector Position: -8.52966e-17 3.01263e-17 1.261 
End-Effector Quaternion: 1 3.08149e-33 -6.12323e-17 -1.83697e-16 
Manipulability: 1.0488e-33
Manipulability Ellipsoid Eigenvalues: 2.59029e-33 3.15675e-32 1.04972 
Manipulability Ellipsoid Eigenvectors: 0 0.533691 0.845679 0 -0.845679 0.533691 1 0 0 
Force Ellipsoid Eigenvalues: 74.3374 1.35624e+32 7.03652e+33 
Force Ellipsoid Eigenvectors: 1 0 0 0 0.999997 -0.00238849 0 0.00238849 0.999997 
joint effort: 1.08054e-14 32.0545 9.24178e-15 -75.9432 1.07609e-14 0.599062 1.08778e-14 
----------------------------------------
time: 0.462000000
Joint Positions: 0 0 0 0 0 0 0 
End-Effector Position: -8.52966e-17 3.01263e-17 1.261 
End-Effector Quaternion: 1 3.08149e-33 -6.12323e-17 -1.83697e-16 
Manipulability: 1.0488e-33
Manipulability Ellipsoid Eigenvalues: 2.59029e-33 3.15675e-32 1.04972 
Manipulability Ellipsoid Eigenvectors: 0 0.533691 0.845679 0 -0.845679 0.533691 1 0 0 
Force Ellipsoid Eigenvalues: 74.3374 1.35624e+32 7.03652e+33 
Force Ellipsoid Eigenvectors: 1 0 0 0 0.999997 -0.00238849 0 0.00238849 0.999997 
joint effort: 1.08054e-14 32.0545 9.24178e-15 -75.9432 1.07609e-14 0.599062 1.08778e-14 
----------------------------------------
time: 0.467000000
Joint Positions: 0 0 0 0 0 0 0 
End-Effector Position: -8.52966e-17 3.01263e-17 1.261 
End-Effector Quaternion: 1 3.08149e-33 -6.12323e-17 -1.83697e-16 
Manipulability: 1.0488e-33
Manipulability Ellipsoid Eigenvalues: 2.59029e-33 3.15675e-32 1.04972 
Manipulability Ellipsoid Eigenvectors: 0 0.533691 0.845679 0 -0.845679 0.533691 1 0 0 
Force Ellipsoid Eigenvalues: 74.3374 1.35624e+32 7.03652e+33 
Force Ellipsoid Eigenvectors: 1 0 0 0 0.999997 -0.00238849 0 0.00238849 0.999997 
joint effort: 1.08054e-14 32.0545 9.24178e-15 -75.9432 1.07609e-14 0.599062 1.08778e-14 
----------------------------------------
time: 0.472000000
Joint Positions: 0 0 0 0 0 0 0 
End-Effector Position: -8.52966e-17 3.01263e-17 1.261 
End-Effector Quaternion: 1 3.08149e-33 -6.12323e-17 -1.83697e-16 
Manipulability: 1.0488e-33
Manipulability Ellipsoid Eigenvalues: 2.59029e-33 3.15675e-32 1.04972 
Manipulability Ellipsoid Eigenvectors: 0 0.533691 0.845679 0 -0.845679 0.533691 1 0 0 
Force Ellipsoid Eigenvalues: 74.3374 1.35624e+32 7.03652e+33 
Force Ellipsoid Eigenvectors: 1 0 0 0 0.999997 -0.00238849 0 0.00238849 0.999997 
joint effort: 1.08054e-14 32.0545 9.24178e-15 -75.9432 1.07609e-14 0.599062 1.08778e-14 
----------------------------------------
time: 0.477000000
Joint Positions: 0 0 0 0 0 0 0 
End-Effector Position: -8.52966e-17 3.01263e-17 1.261 
End-Effector Quaternion: 1 3.08149e-33 -6.12323e-17 -1.83697e-16 
Manipulability: 1.0488e-33
Manipulability Ellipsoid Eigenvalues: 2.59029e-33 3.15675e-32 1.04972 
Manipulability Ellipsoid Eigenvectors: 0 0.533691 0.845679 0 -0.845679 0.533691 1 0 0 
Force Ellipsoid Eigenvalues: 74.3374 1.35624e+32 7.03652e+33 
Force Ellipsoid Eigenvectors: 1 0 0 0 0.999997 -0.00238849 0 0.00238849 0.999997 
joint effort: 1.08054e-14 32.0545 9.24178e-15 -75.9432 1.07609e-14 0.599062 1.08778e-14 
----------------------------------------
time: 0.482000000
Joint Positions: 0 0 0 0 0 0 0 
End-Effector Position: -8.52966e-17 3.01263e-17 1.261 
End-Effector Quaternion: 1 3.08149e-33 -6.12323e-17 -1.83697e-16 
Manipulability: 1.0488e-33
Manipulability Ellipsoid Eigenvalues: 2.59029e-33 3.15675e-32 1.04972 
Manipulability Ellipsoid Eigenvectors: 0 0.533691 0.845679 0 -0.845679 0.533691 1 0 0 
Force Ellipsoid Eigenvalues: 74.3374 1.35624e+32 7.03652e+33 
Force Ellipsoid Eigenvectors: 1 0 0 0 0.999997 -0.00238849 0 0.00238849 0.999997 
joint effort: 1.08054e-14 32.0545 9.24178e-15 -75.9432 1.07609e-14 0.599062 1.08778e-14 
----------------------------------------
time: 0.487000000
Joint Positions: 0 0 0 0 0 0 0 
End-Effector Position: -8.52966e-17 3.01263e-17 1.261 
End-Effector Quaternion: 1 3.08149e-33 -6.12323e-17 -1.83697e-16 
Manipulability: 1.0488e-33
Manipulability Ellipsoid Eigenvalues: 2.59029e-33 3.15675e-32 1.04972 
Manipulability Ellipsoid Eigenvectors: 0 0.533691 0.845679 0 -0.845679 0.533691 1 0 0 
Force Ellipsoid Eigenvalues: 74.3374 1.35624e+32 7.03652e+33 
Force Ellipsoid Eigenvectors: 1 0 0 0 0.999997 -0.00238849 0 0.00238849 0.999997 
joint effort: 1.08054e-14 32.0545 9.24178e-15 -75.9432 1.07609e-14 0.599062 1.08778e-14 
----------------------------------------
time: 0.497000000
Joint Positions: 0 0 0 0 0 0 0 
End-Effector Position: -8.52966e-17 3.01263e-17 1.261 
End-Effector Quaternion: 1 3.08149e-33 -6.12323e-17 -1.83697e-16 
Manipulability: 1.0488e-33
Manipulability Ellipsoid Eigenvalues: 2.59029e-33 3.15675e-32 1.04972 
Manipulability Ellipsoid Eigenvectors: 0 0.533691 0.845679 0 -0.845679 0.533691 1 0 0 
Force Ellipsoid Eigenvalues: 74.3374 1.35624e+32 7.03652e+33 
Force Ellipsoid Eigenvectors: 1 0 0 0 0.999997 -0.00238849 0 0.00238849 0.999997 
joint effort: 1.08054e-14 32.0545 9.24178e-15 -75.9432 1.07609e-14 0.599062 1.08778e-14 
----------------------------------------
time: 0.498000000
Joint Positions: 0 0 0 0 0 0 0 
End-Effector Position: -8.52966e-17 3.01263e-17 1.261 
End-Effector Quaternion: 1 3.08149e-33 -6.12323e-17 -1.83697e-16 
Manipulability: 1.0488e-33
Manipulability Ellipsoid Eigenvalues: 2.59029e-33 3.15675e-32 1.04972 
Manipulability Ellipsoid Eigenvectors: 0 0.533691 0.845679 0 -0.845679 0.533691 1 0 0 
Force Ellipsoid Eigenvalues: 74.3374 1.35624e+32 7.03652e+33 
Force Ellipsoid Eigenvectors: 1 0 0 0 0.999997 -0.00238849 0 0.00238849 0.999997 
joint effort: 1.08054e-14 32.0545 9.24178e-15 -75.9432 1.07609e-14 0.599062 1.08778e-14 
----------------------------------------
time: 0.502000000
Joint Positions: 0 0 0 0 0 0 0 
End-Effector Position: -8.52966e-17 3.01263e-17 1.261 
End-Effector Quaternion: 1 3.08149e-33 -6.12323e-17 -1.83697e-16 
Manipulability: 1.0488e-33
Manipulability Ellipsoid Eigenvalues: 2.59029e-33 3.15675e-32 1.04972 
Manipulability Ellipsoid Eigenvectors: 0 0.533691 0.845679 0 -0.845679 0.533691 1 0 0 
Force Ellipsoid Eigenvalues: 74.3374 1.35624e+32 7.03652e+33 
Force Ellipsoid Eigenvectors: 1 0 0 0 0.999997 -0.00238849 0 0.00238849 0.999997 
joint effort: 1.08054e-14 32.0545 9.24178e-15 -75.9432 1.07609e-14 0.599062 1.08778e-14 
----------------------------------------
time: 0.510000000
Joint Positions: 0 0 0 0 0 0 0 
End-Effector Position: -8.52966e-17 3.01263e-17 1.261 
End-Effector Quaternion: 1 3.08149e-33 -6.12323e-17 -1.83697e-16 
Manipulability: 1.0488e-33
Manipulability Ellipsoid Eigenvalues: 2.59029e-33 3.15675e-32 1.04972 
Manipulability Ellipsoid Eigenvectors: 0 0.533691 0.845679 0 -0.845679 0.533691 1 0 0 
Force Ellipsoid Eigenvalues: 74.3374 1.35624e+32 7.03652e+33 
Force Ellipsoid Eigenvectors: 1 0 0 0 0.999997 -0.00238849 0 0.00238849 0.999997 
joint effort: 1.08054e-14 32.0545 9.24178e-15 -75.9432 1.07609e-14 0.599062 1.08778e-14 
----------------------------------------
time: 0.512000000
Joint Positions: 0 0 0 0 0 0 0 
End-Effector Position: -8.52966e-17 3.01263e-17 1.261 
End-Effector Quaternion: 1 3.08149e-33 -6.12323e-17 -1.83697e-16 
Manipulability: 1.0488e-33
Manipulability Ellipsoid Eigenvalues: 2.59029e-33 3.15675e-32 1.04972 
Manipulability Ellipsoid Eigenvectors: 0 0.533691 0.845679 0 -0.845679 0.533691 1 0 0 
Force Ellipsoid Eigenvalues: 74.3374 1.35624e+32 7.03652e+33 
Force Ellipsoid Eigenvectors: 1 0 0 0 0.999997 -0.00238849 0 0.00238849 0.999997 
joint effort: 1.08054e-14 32.0545 9.24178e-15 -75.9432 1.07609e-14 0.599062 1.08778e-14 
----------------------------------------
time: 0.517000000
Joint Positions: 0 0 0 0 0 0 0 
End-Effector Position: -8.52966e-17 3.01263e-17 1.261 
End-Effector Quaternion: 1 3.08149e-33 -6.12323e-17 -1.83697e-16 
Manipulability: 1.0488e-33
Manipulability Ellipsoid Eigenvalues: 2.59029e-33 3.15675e-32 1.04972 
Manipulability Ellipsoid Eigenvectors: 0 0.533691 0.845679 0 -0.845679 0.533691 1 0 0 
