time: 16.536000000
Joint Positions: 0.00370515 0.901189 0.00136231 -1.33557 -0.00111212 0.89708 0.00616318 
End-Effector Position: 0.644456 0.00293439 0.29256 
End-Effector Quaternion: 0.00387415 0.000463066 0.999992 0.000118915 
Manipulability: 0.157135
Manipulability Ellipsoid Eigenvalues: 0.0702056 0.563225 0.624442 
Manipulability Ellipsoid Eigenvectors: -0.949455 -0.00451093 0.31387 -0.313868 -0.0011021 -0.949466 -0.00462889 0.999989 0.000369442 
Force Ellipsoid Eigenvalues: 1.60143 1.77549 14.2439 
Force Ellipsoid Eigenvectors: 0.00462889 -0.999989 -0.000369442 -0.313868 -0.0011021 -0.949466 0.949455 0.00451093 -0.31387 
joint effort: 0.963069 54.4331 0.603453 -19.4212 -0.306489 -0.749636 -0.349209 
----------------------------------------
time: 16.540000000
Joint Positions: 0.00367539 0.900823 0.00137866 -1.33631 -0.00105714 0.895865 0.00611014 
End-Effector Position: 0.644337 0.00292585 0.292563 
End-Effector Quaternion: 0.00429456 0.000463139 0.999991 0.000149077 
Manipulability: 0.157149
Manipulability Ellipsoid Eigenvalues: 0.0702432 0.563094 0.624363 
Manipulability Ellipsoid Eigenvectors: -0.949396 -0.00450289 0.314048 -0.314047 -0.00108627 -0.949407 -0.00461622 0.999989 0.000382821 
Force Ellipsoid Eigenvalues: 1.60163 1.7759 14.2362 
Force Ellipsoid Eigenvectors: 0.00461622 -0.999989 -0.000382821 -0.314047 -0.00108627 -0.949407 0.949396 0.00450289 -0.314048 
joint effort: 0.955147 54.6191 0.577479 -19.5739 -0.277526 -0.674722 -0.337311 
----------------------------------------
time: 16.545000000
Joint Positions: 0.00362057 0.900253 0.00142276 -1.33747 -0.00100046 0.893973 0.00604839 
End-Effector Position: 0.64415 0.00291371 0.292569 
End-Effector Quaternion: 0.00494923 0.000463232 0.999988 0.000191953 
Manipulability: 0.157171
Manipulability Ellipsoid Eigenvalues: 0.0703018 0.56289 0.624241 
Manipulability Ellipsoid Eigenvectors: -0.949304 -0.00449431 0.314326 -0.314325 -0.00105941 -0.949315 -0.00459951 0.999989 0.000406964 
Force Ellipsoid Eigenvalues: 1.60195 1.77655 14.2244 
Force Ellipsoid Eigenvectors: 0.00459951 -0.999989 -0.000406964 -0.314325 -0.00105941 -0.949315 0.949304 0.00449431 -0.314326 
joint effort: 0.928864 54.7238 0.51932 -19.6306 -0.237502 -0.616413 -0.337077 
----------------------------------------
time: 16.550000000
Joint Positions: 0.00358035 0.89986 0.00145961 -1.33826 -0.000973463 0.892668 0.00601483 
End-Effector Position: 0.644021 0.00290595 0.292572 
End-Effector Quaternion: 0.00540095 0.000463287 0.999985 0.000219285 
Manipulability: 0.157185
Manipulability Ellipsoid Eigenvalues: 0.0703421 0.562749 0.624156 
Manipulability Ellipsoid Eigenvectors: -0.949241 -0.00449003 0.314518 -0.314517 -0.0010405 -0.949251 -0.00458942 0.999989 0.000424508 
Force Ellipsoid Eigenvalues: 1.60216 1.77699 14.2162 
Force Ellipsoid Eigenvectors: 0.00458942 -0.999989 -0.000424508 -0.314517 -0.0010405 -0.949251 0.949241 0.00449003 -0.314518 
joint effort: 0.935249 55.0238 0.466462 -19.9272 -0.177152 -0.490599 -0.339941 
----------------------------------------
time: 16.555000000
Joint Positions: 0.0035231 0.899254 0.00151086 -1.33949 -0.000931385 0.890647 0.00596401 
End-Effector Position: 0.643822 0.00289459 0.292578 
End-Effector Quaternion: 0.0061 0.00046336 0.999981 0.000259348 
Manipulability: 0.157208
Manipulability Ellipsoid Eigenvalues: 0.0704044 0.562531 0.624025 
Manipulability Ellipsoid Eigenvectors: -0.949142 -0.00448345 0.314815 -0.314814 -0.00101351 -0.949153 -0.00457454 0.999989 0.000449486 
Force Ellipsoid Eigenvalues: 1.6025 1.77768 14.2037 
Force Ellipsoid Eigenvectors: 0.00457454 -0.999989 -0.000449486 -0.314814 -0.00101351 -0.949153 0.949142 0.00448345 -0.314815 
joint effort: 0.928317 55.1927 0.449258 -20.1003 -0.158228 -0.410288 -0.331955 
----------------------------------------
time: 16.561000000
Joint Positions: 0.00349134 0.898838 0.00153464 -1.34033 -0.000893283 0.889261 0.00592379 
End-Effector Position: 0.643685 0.00288706 0.292581 
End-Effector Quaternion: 0.00657943 0.000463403 0.999978 0.000285904 
Manipulability: 0.157223
Manipulability Ellipsoid Eigenvalues: 0.070447 0.562382 0.623934 
Manipulability Ellipsoid Eigenvectors: -0.949075 -0.00447775 0.31502 -0.315018 -0.000997952 -0.949085 -0.00456414 0.999989 0.000463443 
Force Ellipsoid Eigenvalues: 1.60273 1.77815 14.1951 
Force Ellipsoid Eigenvectors: 0.00456414 -0.999989 -0.000463443 -0.315018 -0.000997952 -0.949085 0.949075 0.00447775 -0.31502 
joint effort: 0.902656 55.3986 0.454947 -20.3058 -0.163701 -0.299933 -0.30299 
----------------------------------------
time: 16.565000000
Joint Positions: 0.00345367 0.8982 0.0015541 -1.34163 -0.000820285 0.887128 0.00585342 
End-Effector Position: 0.643475 0.00287584 0.292586 
End-Effector Quaternion: 0.0073173 0.000463459 0.999973 0.000325541 
Manipulability: 0.157246
Manipulability Ellipsoid Eigenvalues: 0.0705125 0.562152 0.623794 
Manipulability Ellipsoid Eigenvectors: -0.94897 -0.00446718 0.315334 -0.315333 -0.000978423 -0.948981 -0.00454779 0.99999 0.000480154 
Force Ellipsoid Eigenvalues: 1.60309 1.77888 14.1819 
Force Ellipsoid Eigenvectors: 0.00454779 -0.99999 -0.000480154 -0.315333 -0.000978423 -0.948981 0.94897 0.00446718 -0.315334 
joint effort: 0.887919 55.5543 0.477025 -20.4921 -0.180022 -0.216394 -0.277418 
----------------------------------------
time: 16.570000000
Joint Positions: 0.00342333 0.897545 0.0015624 -1.34296 -0.000737912 0.884933 0.00577743 
End-Effector Position: 0.643259 0.00286485 0.292591 
End-Effector Quaternion: 0.00807615 0.000463496 0.999967 0.000364409 
Manipulability: 0.15727
Manipulability Ellipsoid Eigenvalues: 0.0705796 0.561916 0.62365 
Manipulability Ellipsoid Eigenvectors: -0.948863 -0.00445543 0.315658 -0.315657 -0.000961896 -0.948873 -0.00453127 0.99999 0.00049368 
Force Ellipsoid Eigenvalues: 1.60346 1.77962 14.1684 
Force Ellipsoid Eigenvectors: 0.00453127 -0.99999 -0.00049368 -0.315657 -0.000961896 -0.948873 0.948863 0.00445543 -0.315658 
joint effort: 0.858716 55.7414 0.495066 -20.709 -0.198778 -0.103629 -0.245658 
----------------------------------------
time: 16.576000000
Joint Positions: 0.0034036 0.8971 0.00156805 -1.34387 -0.000685161 0.883439 0.0057286 
End-Effector Position: 0.643111 0.00285776 0.292594 
End-Effector Quaternion: 0.00859299 0.000463517 0.999963 0.000389506 
Manipulability: 0.157286
Manipulability Ellipsoid Eigenvalues: 0.0706252 0.561756 0.623552 
Manipulability Ellipsoid Eigenvectors: -0.948789 -0.00444792 0.315879 -0.315878 -0.000951311 -0.948799 -0.00452069 0.99999 0.000502408 
Force Ellipsoid Eigenvalues: 1.60372 1.78013 14.1592 
Force Ellipsoid Eigenvectors: 0.00452069 -0.99999 -0.000502408 -0.315878 -0.000951311 -0.948799 0.948789 0.00444792 -0.315879 
joint effort: 0.832235 55.9188 0.490811 -20.9314 -0.200554 0.0105218 -0.227062 
----------------------------------------
time: 16.580000000
Joint Positions: 0.00336992 0.89642 0.00158516 -1.34525 -0.000618942 0.881153 0.00566451 
End-Effector Position: 0.642886 0.00284759 0.292599 
End-Effector Quaternion: 0.00938311 0.000463525 0.999956 0.000425503 
Manipulability: 0.15731
Manipulability Ellipsoid Eigenvalues: 0.0706948 0.56151 0.6234 
Manipulability Ellipsoid Eigenvectors: -0.948676 -0.00443843 0.316217 -0.316216 -0.000934355 -0.948687 -0.00450614 0.99999 0.000517104 
Force Ellipsoid Eigenvalues: 1.60411 1.78091 14.1453 
Force Ellipsoid Eigenvectors: 0.00450614 -0.99999 -0.000517104 -0.316216 -0.000934355 -0.948687 0.948676 0.00443843 -0.316217 
joint effort: 0.821143 56.034 0.471616 -21.1301 -0.186479 0.0999147 -0.225292 
----------------------------------------
time: 16.585000000
Joint Positions: 0.00334444 0.89596 0.00160281 -1.34619 -0.000583998 0.879603 0.0056283 
End-Effector Position: 0.642733 0.00284113 0.292601 
End-Effector Quaternion: 0.00991897 0.000463512 0.999951 0.00044837 
Manipulability: 0.157326
Manipulability Ellipsoid Eigenvalues: 0.0707419 0.561344 0.623298 
Manipulability Ellipsoid Eigenvectors: -0.9486 -0.00443335 0.316447 -0.316446 -0.000922216 -0.94861 -0.00449735 0.99999 0.000528104 
Force Ellipsoid Eigenvalues: 1.60437 1.78144 14.1359 
Force Ellipsoid Eigenvectors: 0.00449735 -0.99999 -0.000528104 -0.316446 -0.000922216 -0.94861 0.9486 0.00443335 -0.316447 
joint effort: 0.800417 56.1946 0.425695 -21.3639 -0.156179 0.215663 -0.230048 
----------------------------------------
time: 16.591000000
Joint Positions: 0.00331793 0.895495 0.00162301 -1.34714 -0.000553557 0.878033 0.00559538 
End-Effector Position: 0.642579 0.00283488 0.292604 
End-Effector Quaternion: 0.0104616 0.000463489 0.999945 0.000470484 
Manipulability: 0.157342
Manipulability Ellipsoid Eigenvalues: 0.0707894 0.561175 0.623193 
Manipulability Ellipsoid Eigenvectors: -0.948522 -0.00442889 0.31668 -0.316679 -0.00090988 -0.948532 -0.00448909 0.99999 0.000539497 
Force Ellipsoid Eigenvalues: 1.60464 1.78197 14.1264 
Force Ellipsoid Eigenvectors: 0.00448909 -0.99999 -0.000539497 -0.316679 -0.00090988 -0.948532 0.948522 0.00442889 -0.31668 
joint effort: 0.787196 56.317 0.399043 -21.5832 -0.138991 0.306984 -0.232086 
----------------------------------------
time: 16.595000000
Joint Positions: 0.00328136 0.89479 0.00164894 -1.34858 -0.000505441 0.875645 0.00554484 
End-Effector Position: 0.642343 0.00282574 0.292608 
End-Effector Quaternion: 0.0112868 0.000463439 0.999936 0.000502855 
Manipulability: 0.157366
Manipulability Ellipsoid Eigenvalues: 0.0708616 0.560919 0.623033 
Manipulability Ellipsoid Eigenvectors: -0.948404 -0.00442192 0.317035 -0.317034 -0.000892809 -0.948414 -0.00447686 0.99999 0.000555157 
Force Ellipsoid Eigenvalues: 1.60505 1.78279 14.112 
Force Ellipsoid Eigenvectors: 0.00447686 -0.99999 -0.000555157 -0.317034 -0.000892809 -0.948414 0.948404 0.00442192 -0.317035 
joint effort: 0.770825 56.4331 0.381764 -21.8093 -0.130947 0.400085 -0.229075 
----------------------------------------
time: 16.600000000
Joint Positions: 0.00326062 0.894314 0.0016606 -1.34955 -0.00046838 0.874033 0.00550809 
End-Effector Position: 0.642185 0.00281974 0.29261 
End-Effector Quaternion: 0.011844 0.0004634 0.99993 0.000524121 
Manipulability: 0.157382
Manipulability Ellipsoid Eigenvalues: 0.0709102 0.560747 0.622925 
Manipulability Ellipsoid Eigenvectors: -0.948323 -0.00441665 0.317275 -0.317274 -0.000882915 -0.948333 -0.00446858 0.99999 0.000564 
Force Ellipsoid Eigenvalues: 1.60533 1.78334 14.1023 
Force Ellipsoid Eigenvectors: 0.00446858 -0.99999 -0.000564 -0.317274 -0.000882915 -0.948333 0.948323 0.00441665 -0.317275 
joint effort: 0.739883 56.5498 0.376595 -22.054 -0.138613 0.519574 -0.213335 
----------------------------------------
time: 16.605000000
Joint Positions: 0.00323501 0.893594 0.00166956 -1.35103 -0.000405097 0.871587 0.00544819 
End-Effector Position: 0.641944 0.00281086 0.292612 
End-Effector Quaternion: 0.0126888 0.000463328 0.999919 0.000555587 
Manipulability: 0.157406
Manipulability Ellipsoid Eigenvalues: 0.0709837 0.560485 0.622761 
Manipulability Ellipsoid Eigenvectors: -0.948201 -0.00440778 0.317639 -0.317639 -0.000870319 -0.948211 -0.00445596 0.99999 0.000574844 
Force Ellipsoid Eigenvalues: 1.60575 1.78417 14.0877 
Force Ellipsoid Eigenvectors: 0.00445596 -0.99999 -0.000574844 -0.317639 -0.000870319 -0.948211 0.948201 0.00440778 -0.317639 
joint effort: 0.716657 56.6524 0.376885 -22.2931 -0.148448 0.615689 -0.200657 
----------------------------------------
time: 16.611000000
Joint Positions: 0.00322054 0.893111 0.00167172 -1.35202 -0.000359936 0.86994 0.00540651 
End-Effector Position: 0.641781 0.00280506 0.292614 
End-Effector Quaternion: 0.0132576 0.000463271 0.999912 0.000576165 
Manipulability: 0.157422
Manipulability Ellipsoid Eigenvalues: 0.0710331 0.560308 0.62265 
Manipulability Ellipsoid Eigenvectors: -0.948119 -0.00440151 0.317885 -0.317884 -0.000863049 -0.948129 -0.00444755 0.99999 0.000580898 
Force Ellipsoid Eigenvalues: 1.60604 1.78473 14.078 
Force Ellipsoid Eigenvectors: 0.00444755 -0.99999 -0.000580898 -0.317884 -0.000863049 -0.948129 0.948119 0.00440151 -0.317885 
joint effort: 0.681992 56.763 0.37168 -22.5537 -0.159249 0.736575 -0.184904 
----------------------------------------
time: 16.616000000
Joint Positions: 0.00319986 0.892381 0.00167431 -1.35352 -0.000293681 0.867449 0.00534539 
End-Effector Position: 0.641536 0.00279662 0.292616 
End-Effector Quaternion: 0.0141179 0.000463168 0.9999 0.000606137 
Manipulability: 0.157446
Manipulability Ellipsoid Eigenvalues: 0.0711075 0.560042 0.622481 
Manipulability Ellipsoid Eigenvectors: -0.947994 -0.00439236 0.318257 -0.318256 -0.000852799 -0.948004 -0.00443539 0.99999 0.000589448 
Force Ellipsoid Eigenvalues: 1.60647 1.78558 14.0632 
Force Ellipsoid Eigenvectors: 0.00443539 -0.99999 -0.000589448 -0.318256 -0.000852799 -0.948004 0.947994 0.00439236 -0.318257 
joint effort: 0.6545 56.8524 0.36223 -22.8057 -0.165008 0.835963 -0.176149 
----------------------------------------
time: 16.621000000
Joint Positions: 0.00317689 0.891646 0.00168227 -1.35503 -0.000236486 0.864938 0.00529085 
End-Effector Position: 0.641289 0.00278859 0.292618 
End-Effector Quaternion: 0.0149851 0.000463039 0.999887 0.000634662 
Manipulability: 0.157469
Manipulability Ellipsoid Eigenvalues: 0.0711823 0.559773 0.62231 
Manipulability Ellipsoid Eigenvectors: -0.947868 -0.00438446 0.318632 -0.318632 -0.000842053 -0.947878 -0.00442424 0.99999 0.000598874 
Force Ellipsoid Eigenvalues: 1.60692 1.78644 14.0484 
Force Ellipsoid Eigenvectors: 0.00442424 -0.99999 -0.000598874 -0.318632 -0.000842053 -0.947878 0.947868 0.00438446 -0.318632 
joint effort: 0.618809 56.9417 0.328443 -23.0753 -0.156035 0.958238 -0.174438 
----------------------------------------
time: 16.626000000
Joint Positions: 0.00315985 0.891155 0.00169137 -1.35604 -0.000204321 0.863254 0.00525878 
End-Effector Position: 0.641123 0.00278348 0.292619 
End-Effector Quaternion: 0.0155666 0.000462938 0.999879 0.000652834 
Manipulability: 0.157485
Manipulability Ellipsoid Eigenvalues: 0.0712324 0.559594 0.622195 
Manipulability Ellipsoid Eigenvectors: -0.947784 -0.00438001 0.318884 -0.318884 -0.000834431 -0.947793 -0.00441743 0.99999 0.000605853 
Force Ellipsoid Eigenvalues: 1.60721 1.78701 14.0386 
Force Ellipsoid Eigenvectors: 0.00441743 -0.99999 -0.000605853 -0.318884 -0.000834431 -0.947793 0.947784 0.00438001 -0.318884 
joint effort: 0.581818 57.0208 0.283948 -23.3493 -0.140427 1.08111 -0.177773 
----------------------------------------
time: 16.630000000
Joint Positions: 0.00313413 0.890416 0.00170631 -1.35757 -0.000159736 0.860717 0.00521352 
End-Effector Position: 0.640873 0.00277608 0.29262 
End-Effector Quaternion: 0.0164422 0.000462761 0.999864 0.000679141 
Manipulability: 0.157508
Manipulability Ellipsoid Eigenvalues: 0.0713075 0.559323 0.622022 
Manipulability Ellipsoid Eigenvectors: -0.947656 -0.00437386 0.319265 -0.319264 -0.000823179 -0.947665 -0.00440776 0.99999 0.000616325 
Force Ellipsoid Eigenvalues: 1.60766 1.78788 14.0238 
Force Ellipsoid Eigenvectors: 0.00440776 -0.99999 -0.000616325 -0.319264 -0.000823179 -0.947665 0.947656 0.00437386 -0.319265 
joint effort: 0.547839 57.0827 0.249193 -23.6159 -0.132292 1.18342 -0.179449 
----------------------------------------
time: 16.635000000
Joint Positions: 0.0031187 0.889923 0.00171392 -1.35859 -0.00012859 0.859021 0.00518262 
End-Effector Position: 0.640706 0.00277127 0.29262 
End-Effector Quaternion: 0.0170276 0.000462637 0.999855 0.000696257 
Manipulability: 0.157523
Manipulability Ellipsoid Eigenvalues: 0.0713576 0.559142 0.621905 
Manipulability Ellipsoid Eigenvectors: -0.94757 -0.00436959 0.319519 -0.319519 -0.000816451 -0.94758 -0.00440141 0.99999 0.00062252 
Force Ellipsoid Eigenvalues: 1.60796 1.78846 14.0139 
Force Ellipsoid Eigenvectors: 0.00440141 -0.99999 -0.00062252 -0.319519 -0.000816451 -0.94758 0.94757 0.00436959 -0.319519 
joint effort: 0.501087 57.1414 0.21611 -23.8977 -0.131796 1.30641 -0.174519 
----------------------------------------
time: 16.640000000
Joint Positions: 0.0031054 0.889431 0.0017183 -1.3596 -9.46128e-05 0.857323 0.00514999 
End-Effector Position: 0.640539 0.00276652 0.292621 
End-Effector Quaternion: 0.0176138 0.000462511 0.999845 0.000713145 
Manipulability: 0.157538
Manipulability Ellipsoid Eigenvalues: 0.0714077 0.558961 0.621788 
Manipulability Ellipsoid Eigenvectors: -0.947484 -0.00436497 0.319774 -0.319774 -0.000810617 -0.947494 -0.004395 0.99999 0.000627757 
Force Ellipsoid Eigenvalues: 1.60827 1.78903 14.0041 
Force Ellipsoid Eigenvectors: 0.004395 -0.99999 -0.000627757 -0.319774 -0.000810617 -0.947494 0.947484 0.00436497 -0.319774 
joint effort: 0.456173 57.1824 0.193313 -24.172 -0.139645 1.41019 -0.167164 
----------------------------------------
time: 16.646000000
Joint Positions: 0.00308904 0.888693 0.00171945 -1.36113 -3.88957e-05 0.854774 0.00509811 
End-Effector Position: 0.640288 0.00275951 0.292621 
End-Effector Quaternion: 0.0184935 0.000462314 0.999829 0.000738075 
Manipulability: 0.15756
Manipulability Ellipsoid Eigenvalues: 0.0714826 0.558689 0.621612 
Manipulability Ellipsoid Eigenvectors: -0.947354 -0.00435746 0.320157 -0.320157 -0.00080339 -0.947364 -0.00438532 0.99999 0.000633977 
Force Ellipsoid Eigenvalues: 1.60872 1.7899 13.9894 
Force Ellipsoid Eigenvectors: 0.00438532 -0.99999 -0.000633977 -0.320157 -0.00080339 -0.947364 0.947354 0.00435746 -0.320157 
joint effort: 0.405253 57.2154 0.168326 -24.4506 -0.14975 1.515 -0.158934 
----------------------------------------
time: 16.650000000
Joint Positions: 0.00307533 0.887957 0.00171696 -1.36266 1.9276e-05 0.852226 0.00504489 
End-Effector Position: 0.640037 0.00275268 0.29262 
End-Effector Quaternion: 0.0193726 0.000462107 0.999812 0.000762404 
Manipulability: 0.157581
Manipulability Ellipsoid Eigenvalues: 0.0715572 0.558418 0.621435 
Manipulability Ellipsoid Eigenvectors: -0.947225 -0.00434968 0.320541 -0.32054 -0.000797371 -0.947235 -0.00437576 0.99999 0.000638961 
Force Ellipsoid Eigenvalues: 1.60918 1.79077 13.9748 
Force Ellipsoid Eigenvectors: 0.00437576 -0.99999 -0.000638961 -0.32054 -0.000797371 -0.947235 0.947225 0.00434968 -0.320541 
joint effort: 0.342908 57.2372 0.136738 -24.7396 -0.160805 1.63841 -0.148711 
----------------------------------------
time: 16.655000000
Joint Positions: 0.00306644 0.887469 0.00171535 -1.36367 5.70491e-05 0.85053 0.00501025 
End-Effector Position: 0.63987 0.00274824 0.29262 
End-Effector Quaternion: 0.0199577 0.00046196 0.9998 0.000778198 
Manipulability: 0.157595
Manipulability Ellipsoid Eigenvalues: 0.0716067 0.558237 0.621317 
Manipulability Ellipsoid Eigenvectors: -0.947138 -0.00434466 0.320796 -0.320796 -0.000793576 -0.947148 -0.00436961 0.99999 0.000642123 
Force Ellipsoid Eigenvalues: 1.60949 1.79135 13.9652 
Force Ellipsoid Eigenvectors: 0.00436961 -0.99999 -0.000642123 -0.320796 -0.000793576 -0.947148 0.947138 0.00434466 -0.320796 
joint effort: 0.275165 57.2472 0.0931094 -25.03 -0.166652 1.76174 -0.142667 
----------------------------------------
time: 16.660000000
Joint Positions: 0.00305194 0.88674 0.00171564 -1.36519 0.000109237 0.847993 0.00496152 
End-Effector Position: 0.63962 0.0027418 0.292619 
End-Effector Quaternion: 0.0208328 0.000461727 0.999783 0.000801159 
Manipulability: 0.157616
Manipulability Ellipsoid Eigenvalues: 0.0716805 0.557968 0.621139 
Manipulability Ellipsoid Eigenvectors: -0.947009 -0.00433774 0.321179 -0.321179 -0.000787613 -0.947018 -0.00436088 0.99999 0.000647313 
Force Ellipsoid Eigenvalues: 1.60995 1.79222 13.9508 
Force Ellipsoid Eigenvectors: 0.00436088 -0.99999 -0.000647313 -0.321179 -0.000787613 -0.947018 0.947009 0.00433774 -0.321179 
joint effort: 0.20426 57.249 0.0388266 -25.3149 -0.168168 1.86752 -0.141986 
----------------------------------------
time: 16.666000000
Joint Positions: 0.00304144 0.886256 0.00171768 -1.36619 0.000141132 0.846308 0.00493111 
End-Effector Position: 0.639455 0.00273763 0.292618 
End-Effector Quaternion: 0.0214138 0.000461564 0.99977 0.000816028 
Manipulability: 0.157629
Manipulability Ellipsoid Eigenvalues: 0.0717294 0.557789 0.621021 
Manipulability Ellipsoid Eigenvectors: -0.946922 -0.00433353 0.321433 -0.321433 -0.00078342 -0.946932 -0.00435537 0.99999 0.000651101 
Force Ellipsoid Eigenvalues: 1.61025 1.79279 13.9413 
Force Ellipsoid Eigenvectors: 0.00435537 -0.99999 -0.000651101 -0.321433 -0.00078342 -0.946932 0.946922 0.00433353 -0.321433 
joint effort: 0.121222 57.2334 -0.0300774 -25.6045 -0.165544 1.98922 -0.142995 
----------------------------------------
time: 16.671000000
Joint Positions: 0.00302582 0.885537 0.00172087 -1.36769 0.000188098 0.843794 0.00488619 
End-Effector Position: 0.639207 0.00273147 0.292616 
End-Effector Quaternion: 0.0222808 0.000461316 0.999751 0.000837961 
Manipulability: 0.157649
Manipulability Ellipsoid Eigenvalues: 0.0718022 0.557522 0.620844 
Manipulability Ellipsoid Eigenvectors: -0.946793 -0.00432735 0.321814 -0.321813 -0.000777298 -0.946803 -0.00434729 0.99999 0.000656659 
Force Ellipsoid Eigenvalues: 1.61071 1.79365 13.9272 
Force Ellipsoid Eigenvectors: 0.00434729 -0.99999 -0.000656659 -0.321813 -0.000777298 -0.946803 0.946793 0.00432735 -0.321814 
joint effort: 0.0275879 57.2127 -0.101662 -25.8876 -0.168971 2.09428 -0.142887 
----------------------------------------
time: 16.676000000
Joint Positions: 0.00301624 0.885061 0.00172174 -1.36868 0.000220651 0.842128 0.00485543 
End-Effector Position: 0.639043 0.00272739 0.292614 
End-Effector Quaternion: 0.0228553 0.000461151 0.999738 0.000852487 
Manipulability: 0.157662
Manipulability Ellipsoid Eigenvalues: 0.0718503 0.557345 0.620727 
Manipulability Ellipsoid Eigenvectors: -0.946707 -0.00432309 0.322066 -0.322065 -0.000773593 -0.946717 -0.0043419 0.99999 0.000659953 
Force Ellipsoid Eigenvalues: 1.61102 1.79422 13.9178 
Force Ellipsoid Eigenvectors: 0.0043419 -0.99999 -0.000659953 -0.322065 -0.000773593 -0.946717 0.946707 0.00432309 -0.322066 
joint effort: -0.0820458 57.1713 -0.177843 -26.1687 -0.178539 2.21206 -0.138321 
----------------------------------------
time: 16.681000000
Joint Positions: 0.0030036 0.884354 0.00172016 -1.37016 0.000272871 0.839646 0.00480695 
End-Effector Position: 0.638799 0.00272126 0.292612 
End-Effector Quaternion: 0.0237109 0.000460909 0.999718 0.000874314 
Manipulability: 0.15768
Manipulability Ellipsoid Eigenvalues: 0.0719217 0.557082 0.620551 
Manipulability Ellipsoid Eigenvectors: -0.946579 -0.0043163 0.322442 -0.322441 -0.000768766 -0.946589 -0.00433365 0.99999 0.000664057 
Force Ellipsoid Eigenvalues: 1.61147 1.79507 13.904 
Force Ellipsoid Eigenvectors: 0.00433365 -0.99999 -0.000664057 -0.322441 -0.000768766 -0.946589 0.946579 0.0043163 -0.322442 
joint effort: -0.210965 57.1283 -0.264915 -26.44 -0.193221 2.31375 -0.133579 
----------------------------------------
time: 16.686000000
Joint Positions: 0.00299597 0.883887 0.00171767 -1.37114 0.000309634 0.838005 0.00477322 
End-Effector Position: 0.638638 0.00271715 0.29261 
End-Effector Quaternion: 0.0242768 0.000460754 0.999705 0.000888958 
Manipulability: 0.157693
Manipulability Ellipsoid Eigenvalues: 0.0719688 0.556908 0.620434 
Manipulability Ellipsoid Eigenvectors: -0.946495 -0.00431155 0.322691 -0.32269 -0.00076589 -0.946504 -0.00432804 0.99999 0.000666383 
Force Ellipsoid Eigenvalues: 1.61177 1.79563 13.8949 
Force Ellipsoid Eigenvectors: 0.00432804 -0.99999 -0.000666383 -0.32269 -0.00076589 -0.946504 0.946495 0.00431155 -0.322691 
joint effort: -0.362072 57.0648 -0.364708 -26.7031 -0.212166 2.42579 -0.126196 
----------------------------------------
time: 16.691000000
Joint Positions: 0.00298459 0.883195 0.00171355 -1.37259 0.000366137 0.835565 0.00472147 
End-Effector Position: 0.638398 0.00271091 0.292607 
End-Effector Quaternion: 0.0251178 0.000460532 0.999684 0.000911148 
Manipulability: 0.15771
Manipulability Ellipsoid Eigenvalues: 0.0720386 0.556649 0.62026 
Manipulability Ellipsoid Eigenvectors: -0.946368 -0.00430427 0.323061 -0.323061 -0.000761634 -0.946378 -0.00431952 0.99999 0.000669754 
Force Ellipsoid Eigenvalues: 1.61223 1.79646 13.8814 
Force Ellipsoid Eigenvectors: 0.00431952 -0.99999 -0.000669754 -0.323061 -0.000761634 -0.946378 0.946368 0.00430427 -0.323061 
joint effort: -0.545002 57.0006 -0.492222 -26.9497 -0.231408 2.52052 -0.12227 
----------------------------------------
time: 16.695000000
Joint Positions: 0.00297632 0.882739 0.00171166 -1.37354 0.000403709 0.833954 0.00468682 
End-Effector Position: 0.63824 0.0027067 0.292604 
End-Effector Quaternion: 0.0256728 0.000460394 0.99967 0.000926147 
Manipulability: 0.157722
Manipulability Ellipsoid Eigenvalues: 0.0720845 0.556479 0.620145 
Manipulability Ellipsoid Eigenvectors: -0.946285 -0.00429945 0.323306 -0.323306 -0.00075854 -0.946294 -0.00431378 0.99999 0.000672241 
Force Ellipsoid Eigenvalues: 1.61253 1.79701 13.8726 
Force Ellipsoid Eigenvectors: 0.00431378 -0.99999 -0.000672241 -0.323306 -0.00075854 -0.946294 0.946285 0.00429945 -0.323306 
joint effort: -0.760726 56.9146 -0.646972 -27.1772 -0.251396 2.62116 -0.118922 
----------------------------------------
time: 16.701000000
Joint Positions: 0.00296721 0.882287 0.00171077 -1.37449 0.00044114 0.832357 0.00465202 
End-Effector Position: 0.638083 0.0027024 0.292602 
End-Effector Quaternion: 0.026223 0.000460267 0.999656 0.000941412 
Manipulability: 0.157733
Manipulability Ellipsoid Eigenvalues: 0.07213 0.55631 0.620031 
Manipulability Ellipsoid Eigenvectors: -0.946202 -0.00429466 0.323549 -0.323549 -0.000755116 -0.946211 -0.00430798 0.99999 0.00067504 
Force Ellipsoid Eigenvalues: 1.61282 1.79756 13.8639 
Force Ellipsoid Eigenvectors: 0.00430798 -0.99999 -0.00067504 -0.323549 -0.000755116 -0.946211 0.946202 0.00429466 -0.323549 
joint effort: -1.03663 56.8293 -0.847328 -27.3758 -0.275867 2.70286 -0.117813 
----------------------------------------
time: 16.706000000
Joint Positions: 0.00295195 0.881619 0.00171111 -1.37589 0.000498017 0.82999 0.00459868 
End-Effector Position: 0.63785 0.00269574 0.292598 
End-Effector Quaternion: 0.0270385 0.000460093 0.999634 0.000965073 
Manipulability: 0.157749
Manipulability Ellipsoid Eigenvalues: 0.0721972 0.556059 0.61986 
Manipulability Ellipsoid Eigenvectors: -0.946078 -0.00428743 0.323909 -0.323909 -0.000749318 -0.946088 -0.00429899 0.999991 0.000679824 
Force Ellipsoid Eigenvalues: 1.61327 1.79837 13.851 
Force Ellipsoid Eigenvectors: 0.00429899 -0.999991 -0.000679824 -0.323909 -0.000749318 -0.946088 0.946078 0.00428743 -0.323909 
joint effort: -1.3883 56.7315 -1.10221 -27.5313 -0.307865 2.77359 -0.116682 
----------------------------------------
time: 16.710000000
Joint Positions: 0.00293502 0.880963 0.00171238 -1.37727 0.000558372 0.827658 0.00454197 
End-Effector Position: 0.637621 0.00268864 0.292593 
End-Effector Quaternion: 0.0278417 0.000459981 0.999612 0.000990191 
Manipulability: 0.157765
Manipulability Ellipsoid Eigenvalues: 0.0722632 0.555813 0.619692 
Manipulability Ellipsoid Eigenvectors: -0.945957 -0.00427977 0.324265 -0.324265 -0.000742761 -0.945966 -0.00428937 0.999991 0.00068516 
Force Ellipsoid Eigenvalues: 1.6137 1.79917 13.8383 
Force Ellipsoid Eigenvectors: 0.00428937 -0.999991 -0.00068516 -0.324265 -0.000742761 -0.945966 0.945957 0.00427977 -0.324265 
joint effort: -1.8274 56.6015 -1.41979 -27.6144 -0.349784 2.83542 -0.113976 
----------------------------------------
time: 16.716000000
Joint Positions: 0.00292286 0.880532 0.0017132 -1.37818 0.000602232 0.826123 0.00450091 
End-Effector Position: 0.63747 0.00268356 0.29259 
End-Effector Quaternion: 0.0283701 0.00045995 0.999597 0.00100814 
Manipulability: 0.157775
Manipulability Ellipsoid Eigenvalues: 0.0723065 0.555651 0.619581 
Manipulability Ellipsoid Eigenvectors: -0.945876 -0.00427422 0.324499 -0.324499 -0.000737952 -0.945886 -0.00428238 0.999991 0.000688967 
Force Ellipsoid Eigenvalues: 1.61399 1.79969 13.83 
Force Ellipsoid Eigenvectors: 0.00428238 -0.999991 -0.000688967 -0.324499 -0.000737952 -0.945886 0.945876 0.00427422 -0.324499 
joint effort: -2.39069 56.4497 -1.8228 -27.5713 -0.408081 2.86471 -0.109044 
----------------------------------------
time: 16.721000000
Joint Positions: 0.00290273 0.879896 0.00171439 -1.37952 0.000675731 0.823853 0.0044324 
End-Effector Position: 0.637247 0.00267517 0.292585 
End-Effector Quaternion: 0.0291519 0.000459988 0.999574 0.00103769 
Manipulability: 0.15779
Manipulability Ellipsoid Eigenvalues: 0.0723704 0.555411 0.619416 
Manipulability Ellipsoid Eigenvectors: -0.945757 -0.00426492 0.324846 -0.324846 -0.000729775 -0.945767 -0.00427069 0.999991 0.000695253 
Force Ellipsoid Eigenvalues: 1.61442 1.80047 13.8178 
Force Ellipsoid Eigenvectors: 0.00427069 -0.999991 -0.000695253 -0.324846 -0.000729775 -0.945767 0.945757 0.00426492 -0.324846 
joint effort: -3.09366 56.2567 -2.3246 -27.2605 -0.4805 2.81953 -0.104426 
----------------------------------------
time: 16.725000000
Joint Positions: 0.00288743 0.879478 0.0017157 -1.38041 0.000730494 0.822359 0.00438141 
End-Effector Position: 0.6371 0.00266896 0.292582 
End-Effector Quaternion: 0.029666 0.000460083 0.999559 0.00105955 
Manipulability: 0.157799
Manipulability Ellipsoid Eigenvalues: 0.0724123 0.555254 0.619308 
Manipulability Ellipsoid Eigenvectors: -0.945679 -0.00425801 0.325074 -0.325074 -0.0007234 -0.945688 -0.00426191 0.999991 0.000700065 
Force Ellipsoid Eigenvalues: 1.61471 1.80098 13.8098 
Force Ellipsoid Eigenvectors: 0.00426191 -0.999991 -0.000700065 -0.325074 -0.0007234 -0.945688 0.945679 0.00425801 -0.325074 
joint effort: -3.54415 55.9503 -2.64407 -26.418 -0.535116 2.6529 -0.0970243 
----------------------------------------
time: 16.730000000
Joint Positions: 0.00286992 0.879065 0.00171814 -1.38128 0.000790177 0.820881 0.00432572 
End-Effector Position: 0.636955 0.00266214 0.292579 
End-Effector Quaternion: 0.0301749 0.000460244 0.999544 0.00108351 
Manipulability: 0.157809
Manipulability Ellipsoid Eigenvalues: 0.0724537 0.555098 0.6192 
Manipulability Ellipsoid Eigenvectors: -0.945601 -0.00425051 0.325301 -0.325301 -0.000715977 -0.94561 -0.00425223 0.999991 0.000705664 
Force Ellipsoid Eigenvalues: 1.61499 1.80148 13.8019 
Force Ellipsoid Eigenvectors: 0.00425223 -0.999991 -0.000705664 -0.325301 -0.000715977 -0.94561 0.945601 0.00425051 -0.325301 
joint effort: -2.13444 55.5193 -1.62806 -24.887 -0.413491 2.31226 -0.0921123 
----------------------------------------
time: 16.736000000
Joint Positions: 0.00283758 0.878453 0.00172784 -1.38258 0.000883513 0.818684 0.00423736 
End-Effector Position: 0.636739 0.00265105 0.292573 
End-Effector Quaternion: 0.0309309 0.000460587 0.999521 0.00112294 
Manipulability: 0.157822
Manipulability Ellipsoid Eigenvalues: 0.072515 0.554866 0.619039 
Manipulability Ellipsoid Eigenvectors: -0.945485 -0.00423902 0.325637 -0.325637 -0.00070216 -0.945495 -0.00423662 0.999991 0.0007165 
Force Ellipsoid Eigenvalues: 1.61541 1.80224 13.7902 
Force Ellipsoid Eigenvectors: 0.00423662 -0.999991 -0.0007165 -0.325637 -0.00070216 -0.945495 0.945485 0.00423902 -0.325637 
joint effort: 2.6534 55.3334 1.81587 -24.5488 0.0228741 2.2598 -0.0884106 
----------------------------------------
time: 16.740000000
Joint Positions: 0.00279659 0.877847 0.00175201 -1.38386 0.000961963 0.816504 0.00415887 
End-Effector Position: 0.636525 0.00264019 0.292567 
End-Effector Quaternion: 0.031681 0.000460924 0.999497 0.00116232 
Manipulability: 0.157835
Manipulability Ellipsoid Eigenvalues: 0.0725757 0.554637 0.618879 
Manipulability Ellipsoid Eigenvectors: -0.94537 -0.00422985 0.325971 -0.325971 -0.000684985 -0.945379 -0.0042221 0.999991 0.000731247 
Force Ellipsoid Eigenvalues: 1.61582 1.80298 13.7787 
Force Ellipsoid Eigenvectors: 0.0042221 -0.999991 -0.000731247 -0.325971 -0.000684985 -0.945379 0.94537 0.00422985 -0.325971 
joint effort: 5.5471 55.5716 3.88185 -26.317 0.292716 2.72863 -0.0926307 
----------------------------------------
time: 16.746000000
Joint Positions: 0.00276451 0.877447 0.00178083 -1.38471 0.000989132 0.815061 0.00412588 
End-Effector Position: 0.636383 0.00263428 0.292563 
End-Effector Quaternion: 0.0321775 0.000461012 0.999481 0.00118431 
Manipulability: 0.157843
Manipulability Ellipsoid Eigenvalues: 0.0726158 0.554485 0.618773 
Manipulability Ellipsoid Eigenvectors: -0.945294 -0.00422714 0.326193 -0.326193 -0.000672068 -0.945303 -0.00421515 0.999991 0.000743563 
Force Ellipsoid Eigenvalues: 1.6161 1.80347 13.7711 
Force Ellipsoid Eigenvectors: 0.00421515 -0.999991 -0.000743563 -0.326193 -0.000672068 -0.945303 0.945294 0.00422714 -0.326193 
joint effort: 5.65248 55.768 3.90454 -27.8584 0.346178 3.14496 -0.118881 
----------------------------------------
time: 16.750000000
Joint Positions: 0.00271597 0.876856 0.0018345 -1.38597 0.000993148 0.812927 0.00410616 
End-Effector Position: 0.636174 0.0026278 0.292557 
End-Effector Quaternion: 0.032912 0.000460879 0.999457 0.00120802 
Manipulability: 0.157856
Manipulability Ellipsoid Eigenvalues: 0.0726749 0.554261 0.618616 
Manipulability Ellipsoid Eigenvectors: -0.945181 -0.00422738 0.326521 -0.326521 -0.0006534 -0.94519 -0.00420902 0.999991 0.000762746 
Force Ellipsoid Eigenvalues: 1.61651 1.8042 13.7599 
Force Ellipsoid Eigenvectors: 0.00420902 -0.999991 -0.000762746 -0.326521 -0.0006534 -0.94519 0.945181 0.00422738 -0.326521 
joint effort: 5.04986 55.8475 3.4184 -28.7916 0.342821 3.39935 -0.146772 
----------------------------------------
time: 16.755000000
Joint Positions: 0.00268888 0.876469 0.00186746 -1.38679 0.000983738 0.811528 0.0041043 
End-Effector Position: 0.636037 0.00262485 0.292553 
End-Effector Quaternion: 0.0333932 0.000460638 0.999441 0.00121842 
Manipulability: 0.157863
Manipulability Ellipsoid Eigenvalues: 0.0727135 0.554114 0.618513 
Manipulability Ellipsoid Eigenvectors: -0.945106 -0.00422882 0.326735 -0.326736 -0.000643552 -0.945116 -0.004207 0.999991 0.000773482 
Force Ellipsoid Eigenvalues: 1.61678 1.80468 13.7526 
Force Ellipsoid Eigenvectors: 0.004207 -0.999991 -0.000773482 -0.326736 -0.000643552 -0.945116 0.945106 0.00422882 -0.326735 
joint effort: 4.3798 55.8632 2.90018 -29.397 0.332408 3.57327 -0.168349 
----------------------------------------
time: 16.760000000
Joint Positions: 0.0026708 0.87609 0.00188956 -1.3876 0.000976704 0.810152 0.004103 
End-Effector Position: 0.635901 0.0026228 0.292549 
End-Effector Quaternion: 0.0338667 0.0004603 0.999426 0.00122556 
Manipulability: 0.157871
Manipulability Ellipsoid Eigenvalues: 0.0727514 0.553969 0.618411 
Manipulability Ellipsoid Eigenvectors: -0.945033 -0.00422987 0.326947 -0.326947 -0.000637583 -0.945042 -0.00420586 0.999991 0.000780407 
Force Ellipsoid Eigenvalues: 1.61705 1.80515 13.7454 
Force Ellipsoid Eigenvectors: 0.00420586 -0.999991 -0.000780407 -0.326947 -0.000637583 -0.945042 0.945033 0.00422987 -0.326947 
joint effort: 3.85197 55.8522 2.53279 -29.8151 0.289468 3.69218 -0.164302 
----------------------------------------
time: 16.765000000
Joint Positions: 0.0026667 0.875533 0.0018907 -1.38878 0.000987912 0.808132 0.00408972 
End-Effector Position: 0.635703 0.00262097 0.292542 
End-Effector Quaternion: 0.0345614 0.000459659 0.999402 0.00123189 
Manipulability: 0.157882
Manipulability Ellipsoid Eigenvalues: 0.072807 0.553757 0.618261 
Manipulability Ellipsoid Eigenvectors: -0.944926 -0.00422861 0.327258 -0.327258 -0.000638221 -0.944935 -0.00420462 0.999991 0.000780776 
Force Ellipsoid Eigenvalues: 1.61744 1.80584 13.7349 
Force Ellipsoid Eigenvectors: 0.00420462 -0.999991 -0.000780776 -0.327258 -0.000638221 -0.944935 0.944926 0.00422861 -0.327258 
joint effort: 3.41904 55.8303 2.26101 -30.1423 0.233546 3.78622 -0.146484 
----------------------------------------
time: 16.770000000
Joint Positions: 0.00267846 0.875171 0.00187108 -1.38955 0.00101015 0.806817 0.00407286 
End-Effector Position: 0.635574 0.00262048 0.292538 
End-Effector Quaternion: 0.0350138 0.000459156 0.999386 0.00123365 
Manipulability: 0.157889
Manipulability Ellipsoid Eigenvalues: 0.0728431 0.553619 0.618163 
Manipulability Ellipsoid Eigenvectors: -0.944855 -0.00422589 0.327461 -0.327461 -0.000644665 -0.944864 -0.00420399 0.999991 0.000774698 
Force Ellipsoid Eigenvalues: 1.6177 1.80629 13.7281 
Force Ellipsoid Eigenvectors: 0.00420399 -0.999991 -0.000774698 -0.327461 -0.000644665 -0.944864 0.944855 0.00422589 -0.327461 
joint effort: 3.01214 55.8053 2.05356 -30.4233 0.15068 3.86773 -0.106681 
----------------------------------------
time: 16.776000000
Joint Positions: 0.00269804 0.874817 0.00184128 -1.39031 0.00103766 0.805527 0.00405391 
End-Effector Position: 0.635448 0.00262058 0.292533 
End-Effector Quaternion: 0.0354572 0.00045859 0.99937 0.00123341 
Manipulability: 0.157896
Manipulability Ellipsoid Eigenvalues: 0.0728784 0.553484 0.618067 
Manipulability Ellipsoid Eigenvectors: -0.944786 -0.0042225 0.327659 -0.32766 -0.000654402 -0.944796 -0.00420382 0.999991 0.000765272 
Force Ellipsoid Eigenvalues: 1.61795 1.80674 13.7215 
Force Ellipsoid Eigenvectors: 0.00420382 -0.999991 -0.000765272 -0.32766 -0.000654402 -0.944796 0.944786 0.0042225 -0.327659 
joint effort: 2.92061 55.8037 2.03699 -30.4334 0.117186 3.87194 -0.0840097 
----------------------------------------
time: 16.780000000
Joint Positions: 0.00274071 0.874132 0.00178453 -1.39178 0.00106914 0.803026 0.00403647 
End-Effector Position: 0.635202 0.00262293 0.292525 
End-Effector Quaternion: 0.0363171 0.000457219 0.999339 0.0012256 
Manipulability: 0.157908
Manipulability Ellipsoid Eigenvalues: 0.0729467 0.553222 0.61788 
Manipulability Ellipsoid Eigenvectors: -0.944653 -0.00421874 0.328045 -0.328045 -0.000675794 -0.944662 -0.00420697 0.999991 0.000745546 
Force Ellipsoid Eigenvalues: 1.61844 1.80759 13.7086 
Force Ellipsoid Eigenvectors: 0.00420697 -0.999991 -0.000745546 -0.328045 -0.000675794 -0.944662 0.944653 0.00421874 -0.328045 
joint effort: 2.47826 55.765 1.73693 -30.8925 0.0731896 3.99819 -0.0760402 
----------------------------------------
time: 16.786000000
Joint Positions: 0.00275953 0.8738 0.00176455 -1.39249 0.00106489 0.801815 0.00404353 
End-Effector Position: 0.635083 0.00262519 0.29252 
End-Effector Quaternion: 0.0367336 0.000456411 0.999324 0.00121778 
Manipulability: 0.157914
Manipulability Ellipsoid Eigenvalues: 0.0729796 0.553095 0.61779 
Manipulability Ellipsoid Eigenvectors: -0.944588 -0.00421932 0.328232 -0.328233 -0.000685726 -0.944597 -0.00421064 0.999991 0.000737191 
Force Ellipsoid Eigenvalues: 1.61867 1.80801 13.7025 
Force Ellipsoid Eigenvectors: 0.00421064 -0.999991 -0.000737191 -0.328233 -0.000685726 -0.944597 0.944588 0.00421932 -0.328232 
joint effort: 2.21444 55.7556 1.51232 -31.1159 0.096769 4.05748 -0.0959941 
----------------------------------------
time: 16.791000000
Joint Positions: 0.00278567 0.873318 0.00174251 -1.39352 0.00103848 0.800048 0.0040701 
End-Effector Position: 0.63491 0.00262973 0.292514 
End-Effector Quaternion: 0.0373409 0.000455074 0.999302 0.00120197 
Manipulability: 0.157923
Manipulability Ellipsoid Eigenvalues: 0.0730277 0.55291 0.617657 
Manipulability Ellipsoid Eigenvectors: -0.944493 -0.00422266 0.328505 -0.328505 -0.000699987 -0.944502 -0.00421826 0.999991 0.000726036 
Force Ellipsoid Eigenvalues: 1.61902 1.80861 13.6934 
Force Ellipsoid Eigenvectors: 0.00421826 -0.999991 -0.000726036 -0.328505 -0.000699987 -0.944502 0.944493 0.00422266 -0.328505 
joint effort: 2.04988 55.749 1.36438 -31.3186 0.113839 4.11011 -0.111705 
----------------------------------------
time: 16.795000000
Joint Positions: 0.00280635 0.873006 0.00172475 -1.39419 0.00101872 0.798904 0.00409056 
End-Effector Position: 0.634798 0.00263329 0.292509 
End-Effector Quaternion: 0.0377341 0.000454129 0.999287 0.00118953 
Manipulability: 0.157928
Manipulability Ellipsoid Eigenvalues: 0.0730587 0.552791 0.617571 
Manipulability Ellipsoid Eigenvectors: -0.944431 -0.00422511 0.328682 -0.328682 -0.000710891 -0.94444 -0.00422403 0.999991 0.000717333 
Force Ellipsoid Eigenvalues: 1.61925 1.809 13.6876 
Force Ellipsoid Eigenvectors: 0.00422403 -0.999991 -0.000717333 -0.328682 -0.000710891 -0.94444 0.944431 0.00422511 -0.328682 
joint effort: 1.87821 55.7522 1.22591 -31.5191 0.12287 4.15852 -0.1204 
