# method surf_flowmatch_magnetic_DS
# columns: time_sec px py pz qx qy qz qw real_fx real_fy real_fz desired_fx desired_fy desired_fz e_f e_v u_nx u_e1 adapter_nx adapter_e1
# adapt_gain_nx: 0.100000000000
# adapt_gain_e1: 100.000000000000
# adapt_kp_nx: 0.000000000000
# adapt_kp_e1: 0.000000000000
# adapt_integral_nx_max: 0.250000000000
# adapt_integral_e1_max: 0.250000000000
# eigen_lambda_0: 300.000000000000
# eigen_lambda_1: 300.000000000000
115.594000000 0.577135921 0.317273796 0.152952462 -0.000052923 0.706708372 0.707504869 -0.000468410 0.006939964 3.437112093 -3.752872467 0.000000000 0.000000000 0.000000000 0.000000000 0.000000000 0.000000000 0.000000000 0.000000000 0.000000000
115.599000000 0.577134907 0.317273974 0.152954280 -0.000055023 0.706713438 0.707499743 -0.000461960 0.007194628 3.437007904 -3.752763987 0.000000000 0.000000000 -12.000000000 0.000000000 0.000000000 0.000000000 0.000000000 0.000011309 0.000597581
115.604000000 0.577133358 0.317274243 0.152957425 -0.000058167 0.706720889 0.707492352 -0.000452288 0.007447391 3.436896801 -3.752657890 0.000000000 0.000000000 -12.000000000 0.000000000 0.000000000 0.000000000 0.000000000 0.000022618 0.001194086
115.609000000 0.577132285 0.317274392 0.152959540 -0.000060251 0.706725836 0.707487404 -0.000445884 0.007698142 3.436779499 -3.752553463 0.000000000 0.000000000 -12.000000000 0.000000000 0.000000000 0.000000000 0.000000000 0.000033927 0.001789473
115.614000000 0.577131271 0.317274541 0.152961805 -0.000062216 0.706730664 0.707482517 -0.000439504 0.007946743 3.436655998 -3.752450466 0.000000000 0.000000000 -12.000000000 0.000000000 0.000000000 0.000000000 0.000000000 0.000045237 0.002383741
115.619000000 0.577129781 0.317274809 0.152964815 -0.000064910 0.706738234 0.707475007 -0.000430035 0.008193097 3.436526537 -3.752349377 0.000000000 0.000000000 -12.000000000 0.000000000 0.000000000 0.000000000 0.000000000 0.000056547 0.002976879
115.624000000 0.577128887 0.317275047 0.152966544 -0.000066510 0.706743479 0.707469821 -0.000423822 0.008437175 3.436391354 -3.752249479 0.000000000 0.000000000 -12.000000000 0.000000000 0.000000000 0.000000000 0.000000000 0.000067858 0.003569032
115.629000000 0.577127457 0.317275345 0.152969331 -0.000068753 0.706751287 0.707462013 -0.000414424 0.008678976 3.436250210 -3.752151251 0.000000000 0.000000000 -12.000000000 0.000000000 0.000000000 0.000000000 0.000000000 0.000079168 0.004160030
115.634000000 0.577125967 0.317275763 0.152972013 -0.000070745 0.706759214 0.707454085 -0.000405078 0.008918380 3.436102867 -3.752054691 0.000000000 0.000000000 -12.000000000 0.000000000 0.000000000 0.000000000 0.000000000 0.000090480 0.004749829
115.639000000 0.577124834 0.317276090 0.152973831 -0.000071976 0.706764579 0.707448721 -0.000398847 0.009154860 3.435948610 -3.751960278 0.000000000 0.000000000 -12.000000000 0.000000000 0.000000000 0.000000000 0.000000000 0.000101791 0.005338365
115.644000000 0.577123344 0.317276508 0.152975827 -0.000073085 0.706769824 0.707443416 -0.000392636 0.009386987 3.435787678 -3.751868725 0.000000000 0.000000000 -12.000000000 0.000000000 0.000000000 0.000000000 0.000000000 0.000113103 0.005925597
115.649000000 0.577120185 0.317277372 0.152978599 -0.000074567 0.706777930 0.707435369 -0.000383457 0.009611672 3.435619593 -3.751781464 0.000000000 0.000000000 -12.000000000 0.000000000 0.000000000 0.000000000 0.000000000 0.000124415 0.006511317
115.654000000 0.577117085 0.317278206 0.152980357 -0.000075415 0.706783414 0.707429886 -0.000377476 0.009823020 3.435445070 -3.751699924 0.000000000 0.000000000 -12.000000000 0.000000000 0.000000000 0.000000000 0.000000000 0.000135727 0.007095616
115.659000000 0.577112615 0.317279130 0.152982399 -0.000076282 0.706788838 0.707424462 -0.000371449 0.010010721 3.435264587 -3.751626968 0.000000000 0.000000000 -12.000000000 0.000000000 0.000000000 0.000000000 0.000000000 0.000147040 0.007678064
115.664000000 0.577102602 0.317280889 0.152985841 -0.000077451 0.706796885 0.707416475 -0.000362614 0.010158051 3.435080051 -3.751565456 0.000000000 0.000000000 -12.000000000 0.000000000 0.000000000 0.000000000 0.000000000 0.000158353 0.008258013
115.669000000 0.577087700 0.317282826 0.152989790 -0.000078556 0.706804812 0.707408547 -0.000354003 0.010239822 3.434893608 -3.751518965 0.000000000 0.000000000 -12.000000000 0.000000000 0.000000000 0.000000000 0.000000000 0.000169747 0.008834987
115.674000000 0.577074111 0.317284137 0.152993083 -0.000079299 0.706809878 0.707403481 -0.000348377 0.010220484 3.434709072 -3.751490831 0.000000000 0.000000000 -12.000000000 0.000000000 0.000000000 0.000000000 0.000000000 0.000181142 0.009409110
115.679000000 0.577046752 0.317286074 0.152998552 -0.000080439 0.706817448 0.707395911 -0.000340301 0.010052209 3.434530735 -3.751484394 0.000000000 0.000000000 -12.000000000 0.000000000 0.000000000 0.000000000 0.000000000 0.000192537 0.009978913
115.684000000 0.577022851 0.317287207 0.153002799 -0.000081222 0.706822336 0.707391024 -0.000335233 0.009672838 3.434365749 -3.751501560 0.000000000 0.000000000 -12.000000000 0.000000000 0.000000000 0.000000000 0.000000000 0.000203931 0.010544985
115.689000000 0.576976955 0.317288339 0.153010771 -0.000082612 0.706829369 0.707384050 -0.000327939 0.009003870 3.434222460 -3.751542568 0.000000000 0.000000000 -12.000000000 0.000000000 0.000000000 0.000000000 0.000000000 0.000215325 0.011105016
115.694000000 0.576916099 0.317288131 0.153020740 -0.000084275 0.706835866 0.707377493 -0.000321262 0.007948502 3.434111834 -3.751605272 0.000000000 0.000000000 -12.000000000 0.000000000 0.000000000 0.000000000 0.000000000 0.000226719 0.011657534
115.699000000 0.576892018 0.317287654 0.153024808 -0.000084948 0.706837833 0.707375526 -0.000319119 0.006389900 3.434047699 -3.751683235 0.000000000 0.000000000 -12.000000000 0.000000000 0.000000000 0.000000000 0.000000000 0.000238112 0.012206445
115.704000000 0.576807201 0.317285001 0.153038070 -0.000087097 0.706843674 0.707369745 -0.000313449 0.004190034 3.434046268 -3.751766443 0.000000000 0.000000000 -12.000000000 0.000000000 0.000000000 0.000000000 0.000000000 0.000249504 0.012746134
115.709000000 0.576700866 0.317279607 0.153054371 -0.000089726 0.706848800 0.707364559 -0.000308688 0.001189142 3.434126616 -3.751838684 0.000000000 0.000000000 -12.000000000 0.000000000 0.000000000 0.000000000 0.000000000 0.000260894 0.013275052
115.714000000 0.576616526 0.317274153 0.153066993 -0.000091750 0.706851900 0.707361460 -0.000306167 -0.002794481 3.434311628 -3.751878262 0.000000000 0.000000000 -12.000000000 0.000000000 0.000000000 0.000000000 0.000000000 0.000272282 0.013795570
115.719000000 0.576466680 0.317262381 0.153089404 -0.000095406 0.706855834 0.707357585 -0.000303264 -0.007964370 3.434626818 -3.751856327 0.000000000 0.000000000 -12.000000000 0.000000000 0.000000000 0.000000000 0.000000000 0.000283668 0.014302300
115.724000000 0.576350927 0.317251980 0.153106749 -0.000098265 0.706858039 0.707355380 -0.000301997 -0.014544651 3.435100794 -3.751736641 0.000000000 0.000000000 -12.000000000 0.000000000 0.000000000 0.000000000 0.000000000 0.000295132 0.014798617
115.729000000 0.576151311 0.317231864 0.153136730 -0.000103145 0.706860602 0.707352757 -0.000301303 -0.022777217 3.435765743 -3.751475811 0.000000000 0.000000000 -12.000000000 0.000000000 0.000000000 0.000000000 0.000000000 0.000306593 0.015278566
115.734000000 0.575917244 0.317205548 0.153171882 -0.000108887 0.706862330 0.707351089 -0.000302140 -0.032918260 3.436656475 -3.751022577 0.000000000 0.000000000 -12.000000000 0.000000000 0.000000000 0.000000000 0.000000000 0.000318049 0.015740041
115.739000000 0.575741231 0.317184091 0.153198630 -0.000113227 0.706862867 0.707350552 -0.000303569 -0.045234885 3.437810898 -3.750319004 0.000000000 0.000000000 -12.000000000 0.000000000 0.000000000 0.000000000 0.000000000 0.000329501 0.016188320
115.744000000 0.575547993 0.317159355 0.153227627 -0.000117952 0.706863165 0.707350254 -0.000305902 -0.060001399 3.439268589 -3.749300003 0.000000000 0.000000000 -12.000000000 0.000000000 0.000000000 0.000000000 0.000000000 0.000340947 0.016622249
115.749000000 0.575224519 0.317115307 0.153276622 -0.000125949 0.706862688 0.707350671 -0.000310841 -0.077495247 3.441071749 -3.747894287 0.000000000 0.000000000 -12.000000000 0.000000000 0.000000000 0.000000000 0.000000000 0.000352386 0.017033787
115.754000000 0.574858367 0.317062318 0.153332263 -0.000135022 0.706861317 0.707352042 -0.000317781 -0.097992912 3.443263292 -3.746025801 0.000000000 0.000000000 -12.000000000 0.000000000 0.000000000 0.000000000 0.000000000 0.000363818 0.017421715
115.759000000 0.574590385 0.317021906 0.153373301 -0.000141702 0.706859946 0.707353413 -0.000323527 -0.121764995 3.445886850 -3.743613482 0.000000000 0.000000000 -12.000000000 0.000000000 0.000000000 0.000000000 0.000000000 0.000375242 0.017793363
115.764000000 0.574152470 0.316953719 0.153441072 -0.000152569 0.706857204 0.707356215 -0.000333961 -0.149069861 3.448986530 -3.740574360 0.000000000 0.000000000 -12.000000000 0.000000000 0.000000000 0.000000000 0.000000000 0.000386704 0.018139889
115.769000000 0.573835313 0.316902578 0.153490648 -0.000160439 0.706854761 0.707358599 -0.000342112 -0.180146709 3.452605724 -3.736825228 0.000000000 0.000000000 -12.000000000 0.000000000 0.000000000 0.000000000 0.000000000 0.000398157 0.018469371
115.774000000 0.573321223 0.316817462 0.153571203 -0.000173161 0.706850648 0.707362711 -0.000356311 -0.215209618 3.456786633 -3.732284307 0.000000000 0.000000000 -12.000000000 0.000000000 0.000000000 0.000000000 0.000000000 0.000409600 0.018772956
115.779000000 0.572952926 0.316755056 0.153629214 -0.000182203 0.706847548 0.707365811 -0.000367150 -0.254442394 3.461569548 -3.726873159 0.000000000 0.000000000 -12.000000000 0.000000000 0.000000000 0.000000000 0.000000000 0.000421031 0.019059993
115.784000000 0.572563589 0.316687942 0.153690979 -0.000191814 0.706844091 0.707369208 -0.000378942 -0.297993958 3.466992378 -3.720518827 0.000000000 0.000000000 -12.000000000 0.000000000 0.000000000 0.000000000 0.000000000 0.000432451 0.019330256
115.789000000 0.572153449 0.316616148 0.153756559 -0.000201883 0.706840277 0.707373023 -0.000391798 -0.345974058 3.473088264 -3.713155270 0.000000000 0.000000000 -12.000000000 0.000000000 0.000000000 0.000000000 0.000000000 0.000443859 0.019584695
115.794000000 0.571498334 0.316499740 0.153861523 -0.000217863 0.706834197 0.707379103 -0.000413207 -0.398450196 3.479886532 -3.704726219 0.000000000 0.000000000 -12.000000000 0.000000000 0.000000000 0.000000000 0.000000000 0.000455253 0.019817738
115.799000000 0.570795238 0.316372901 0.153974876 -0.000234892 0.706827581 0.707385719 -0.000437118 -0.455445558 3.487410784 -3.695185423 0.000000000 0.000000000 -12.000000000 0.000000000 0.000000000 0.000000000 0.000000000 0.000466644 0.020032872
115.804000000 0.570043862 0.316235751 0.154096559 -0.000252935 0.706820488 0.707392752 -0.000463572 -0.516937852 3.495678902 -3.684499025 0.000000000 0.000000000 -12.000000000 0.000000000 0.000000000 0.000000000 0.000000000 0.000478021 0.020235281
115.809000000 0.569517851 0.316139370 0.154182300 -0.000265411 0.706815720 0.707397521 -0.000482657 -0.582857251 3.504702330 -3.672646761 0.000000000 0.000000000 -12.000000000 0.000000000 0.000000000 0.000000000 0.000000000 0.000489382 0.020433515
115.814000000 0.568693399 0.315987855 0.154318511 -0.000284839 0.706808269 0.707404971 -0.000513161 -0.653082609 3.514485359 -3.659625292 0.000000000 0.000000000 -12.000000000 0.000000000 0.000000000 0.000000000 0.000000000 0.000501017 0.020632077
115.819000000 0.568120539 0.315882564 0.154414162 -0.000298206 0.706803203 0.707409978 -0.000534769 -0.727436960 3.525026083 -3.645448923 0.000000000 0.000000000 -12.000000000 0.000000000 0.000000000 0.000000000 0.000000000 0.000512638 0.020836372
115.824000000 0.567227185 0.315718710 0.154564828 -0.000318721 0.706795573 0.707417548 -0.000569142 -0.805685341 3.536316395 -3.630152225 0.000000000 0.000000000 -12.000000000 0.000000000 0.000000000 0.000000000 0.000000000 0.000524246 0.021057170
115.829000000 0.566609383 0.315605819 0.154670224 -0.000332708 0.706790388 0.707422674 -0.000593270 -0.887535095 3.548340559 -3.613790751 0.000000000 0.000000000 -12.000000000 0.000000000 0.000000000 0.000000000 0.000000000 0.000535978 0.021295113
115.834000000 0.565974712 0.315490693 0.154778689 -0.000346832 0.706785798 0.707427263 -0.000618480 -0.972638428 3.561077118 -3.596441031 0.000000000 0.000000000 -12.000000000 0.000000000 0.000000000 0.000000000 0.000000000 0.000547698 0.021554554
115.839000000 0.564991415 0.315314204 0.154947683 -0.000368378 0.706780016 0.707432985 -0.000657942 -1.060595751 3.574496746 -3.578201056 0.000000000 0.000000000 -12.000000000 0.000000000 0.000000000 0.000000000 0.000000000 0.000559405 0.021852953
115.844000000 0.563973367 0.315134525 0.155124038 -0.000390140 0.706775784 0.707437158 -0.000699400 -1.150959969 3.588562727 -3.559189558 0.000000000 0.000000000 -12.000000000 0.000000000 0.000000000 0.000000000 0.000000000 0.000571100 0.022197593
115.849000000 0.563277185 0.315013856 0.155245751 -0.000404704 0.706773877 0.707439065 -0.000728025 -1.243239045 3.603231430 -3.539546967 0.000000000 0.000000000 -12.000000000 0.000000000 0.000000000 0.000000000 0.000000000 0.000582781 0.022576690
115.854000000 0.562568784 0.314893216 0.155371055 -0.000419188 0.706772566 0.707440317 -0.000757383 -1.336898804 3.618453503 -3.519434214 0.000000000 0.000000000 -12.000000000 0.000000000 0.000000000 0.000000000 0.000000000 0.000594451 0.022991979
115.859000000 0.561488390 0.314714968 0.155565292 -0.000440583 0.706772089 0.707440734 -0.000802683 -1.431362033 3.634173870 -3.499034643 0.000000000 0.000000000 -12.000000000 0.000000000 0.000000000 0.000000000 0.000000000 0.000606107 0.023462439
115.864000000 0.560758829 0.314598829 0.155699015 -0.000454466 0.706772745 0.707440019 -0.000833624 -1.526007056 3.650333881 -3.478554964 0.000000000 0.000000000 -12.000000000 0.000000000 0.000000000 0.000000000 0.000000000 0.000617991 0.023970935
115.869000000 0.559654295 0.314430118 0.155906379 -0.000474675 0.706775069 0.707437634 -0.000880694 -1.620166421 3.666871548 -3.458224297 0.000000000 0.000000000 -12.000000000 0.000000000 0.000000000 0.000000000 0.000000000 0.000629866 0.024535829
115.874000000 0.558912814 0.314321965 0.156048909 -0.000487630 0.706777513 0.707435191 -0.000912441 -1.713129044 3.683723450 -3.438295126 0.000000000 0.000000000 -12.000000000 0.000000000 0.000000000 0.000000000 0.000000000 0.000641730 0.025138685
115.879000000 0.557794452 0.314168543 0.156269133 -0.000506063 0.706782341 0.707430243 -0.000960577 -1.804147243 3.700822830 -3.419038773 0.000000000 0.000000000 -12.000000000 0.000000000 0.000000000 0.000000000 0.000000000 0.000653802 0.025796922
115.884000000 0.557794452 0.314168543 0.156269133 -0.000506063 0.706782341 0.707430243 -0.000960577 -1.892446518 3.718102217 -3.400744677 0.000000000 0.000000000 -12.000000000 0.000000000 0.000000000 0.000000000 0.000000000 0.000665867 0.026456779
115.889000000 0.555919588 0.313938767 0.156652793 -0.000533824 0.706793368 0.707419038 -0.001041455 -1.977238536 3.735491276 -3.383714199 0.000000000 0.000000000 -12.000000000 0.000000000 0.000000000 0.000000000 0.000000000 0.000677924 0.027206674
115.894000000 0.554790854 0.313820690 0.156892896 -0.000548461 0.706801653 0.707410753 -0.001090125 -2.057735682 3.752918482 -3.368257999 0.000000000 0.000000000 -12.000000000 0.000000000 0.000000000 0.000000000 0.000000000 0.000689972 0.028009379
115.899000000 0.554037750 0.313751966 0.157057062 -0.000557243 0.706807733 0.707404613 -0.001122565 -2.133165121 3.770311594 -3.354691744 0.000000000 0.000000000 -12.000000000 0.000000000 0.000000000 0.000000000 0.000000000 0.000701998 0.028847383
115.904000000 0.553284705 0.313692659 0.157225043 -0.000565324 0.706814110 0.707398176 -0.001154766 -2.202782631 3.787597418 -3.343334675 0.000000000 0.000000000 -12.000000000 0.000000000 0.000000000 0.000000000 0.000000000 0.000714011 0.029719733
115.909000000 0.552155912 0.313622326 0.157480553 -0.000575834 0.706827641 0.707384527 -0.001202783 -2.265885115 3.804703474 -3.334508419 0.000000000 0.000000000 -12.000000000 0.000000000 0.000000000 0.000000000 0.000000000 0.000726010 0.030642545
115.914000000 0.551029563 0.313577324 0.157736987 -0.000584336 0.706849873 0.707362235 -0.001250197 -2.321821928 3.821556568 -3.328534126 0.000000000 0.000000000 -12.000000000 0.000000000 0.000000000 0.000000000 0.000000000 0.000738076 0.031614020
115.919000000 0.550280869 0.313562721 0.157909229 -0.000588816 0.706869125 0.707342923 -0.001281307 -2.370003700 3.838084221 -3.325731277 0.000000000 0.000000000 -12.000000000 0.000000000 0.000000000 0.000000000 0.000000000 0.000750124 0.032618199
115.924000000 0.549162149 0.313566744 0.158169955 -0.000593599 0.706904590 0.707307398 -0.001327190 -2.409909248 3.854214907 -3.326414108 0.000000000 0.000000000 -12.000000000 0.000000000 0.000000000 0.000000000 0.000000000 0.000762151 0.033668384
115.929000000 0.548420727 0.313588679 0.158345938 -0.000595372 0.706932366 0.707279623 -0.001357195 -2.441091299 3.869880676 -3.330892086 0.000000000 0.000000000 -12.000000000 0.000000000 0.000000000 0.000000000 0.000000000 0.000774154 0.034749176
115.934000000 0.547319889 0.313651860 0.158614561 -0.000595851 0.706979632 0.707232296 -0.001400791 -2.463176250 3.885019302 -3.339466810 0.000000000 0.000000000 -12.000000000 0.000000000 0.000000000 0.000000000 0.000000000 0.000786132 0.035872422
115.939000000 0.546596944 0.313715935 0.158797026 -0.000594588 0.707014799 0.707197011 -0.001428794 -2.475859404 3.899578810 -3.352431536 0.000000000 0.000000000 -12.000000000 0.000000000 0.000000000 0.000000000 0.000000000 0.000798081 0.037023671
115.944000000 0.545885205 0.313798338 0.158982530 -0.000591918 0.707052708 0.707159102 -0.001455846 -2.478896379 3.913517475 -3.370068789 0.000000000 0.000000000 -12.000000000 0.000000000 0.000000000 0.000000000 0.000000000 0.000809997 0.038201142
115.949000000 0.544842362 0.313957930 0.159266189 -0.000585155 0.707114637 0.707097113 -0.001494503 -2.472092628 3.926806688 -3.392646551 0.000000000 0.000000000 -12.000000000 0.000000000 0.000000000 0.000000000 0.000000000 0.000821876 0.039415274
115.954000000 0.543833911 0.314162016 0.159556612 -0.000574941 0.707182169 0.707029462 -0.001530460 -2.455293655 3.939429998 -3.420414686 0.000000000 0.000000000 -12.000000000 0.000000000 0.000000000 0.000000000 0.000000000 0.000833704 0.040663157
115.959000000 0.543183148 0.314323604 0.159753710 -0.000566100 0.707230270 0.706981361 -0.001552869 -2.428379059 3.951381922 -3.453599215 0.000000000 0.000000000 -12.000000000 0.000000000 0.000000000 0.000000000 0.000000000 0.000845486 0.041933130
115.964000000 0.542551160 0.314505965 0.159953833 -0.000555737 0.707280517 0.706930995 -0.001573743 -2.391258478 3.962665796 -3.492397308 0.000000000 0.000000000 -12.000000000 0.000000000 0.000000000 0.000000000 0.000000000 0.000857274 0.043223236
115.969000000 0.541939914 0.314710379 0.160157084 -0.000543713 0.707332850 0.706878603 -0.001593126 -2.343868256 3.973292112 -3.536972284 0.000000000 0.000000000 -12.000000000 0.000000000 0.000000000 0.000000000 0.000000000 0.000869308 0.044531718
115.974000000 0.541064620 0.315059096 0.160466895 -0.000522525 0.707415342 0.706795990 -0.001619299 -2.286171198 3.983275890 -3.587452412 0.000000000 0.000000000 -12.000000000 0.000000000 0.000000000 0.000000000 0.000000000 0.000881277 0.045864742
115.979000000 0.540245593 0.315461218 0.160782605 -0.000497417 0.707502306 0.706708968 -0.001641764 -2.218153238 3.992634058 -3.643926620 0.000000000 0.000000000 -12.000000000 0.000000000 0.000000000 0.000000000 0.000000000 0.000893176 0.047219645
115.984000000 0.539730191 0.315756768 0.160992011 -0.000478760 0.707566559 0.706644595 -0.001654375 -2.139826536 4.001383305 -3.706442595 0.000000000 0.000000000 -12.000000000 0.000000000 0.000000000 0.000000000 0.000000000 0.000904997 0.048588417
115.989000000 0.539004922 0.316240907 0.161297515 -0.000447608 0.707678199 0.706532776 -0.001670074 -2.051232338 4.009531975 -3.775000811 0.000000000 0.000000000 -12.000000000 0.000000000 0.000000000 0.000000000 0.000000000 0.000916735 0.049974903
115.994000000 0.538342595 0.316776186 0.161593601 -0.000412904 0.707807541 0.706403196 -0.001681371 -1.952446342 4.017077446 -3.849547625 0.000000000 0.000000000 -12.000000000 0.000000000 0.000000000 0.000000000 0.000000000 0.000928383 0.051374950
115.999000000 0.538136005 0.316965729 0.161689848 -0.000400532 0.707854629 0.706355989 -0.001684224 -1.843582869 4.024000168 -3.929973364 0.000000000 0.000000000 -12.000000000 0.000000000 0.000000000 0.000000000 0.000000000 0.000939935 0.052780084
116.004000000 0.537558854 0.317565858 0.161971852 -0.000361122 0.708006859 0.706203401 -0.001689806 -1.724797845 4.030265808 -4.016108990 0.000000000 0.000000000 -12.000000000 0.000000000 0.000000000 0.000000000 0.000000000 0.000951386 0.054195937
116.009000000 0.537051320 0.318216115 0.162243709 -0.000318490 0.708175540 0.706034303 -0.001690773 -1.596290827 4.035823345 -4.107725143 0.000000000 0.000000000 -12.000000000 0.000000000 0.000000000 0.000000000 0.000000000 0.000962730 0.055619348
116.014000000 0.536750674 0.318675637 0.162418306 -0.000288306 0.708297074 0.705912352 -0.001689070 -1.458307862 4.040610790 -4.204534531 0.000000000 0.000000000 -12.000000000 0.000000000 0.000000000 0.000000000 0.000000000 0.000973932 0.057046246
116.019000000 0.536355197 0.319401860 0.162670091 -0.000240762 0.708492517 0.705716312 -0.001682842 -1.311144829 4.044553280 -4.306187153 0.000000000 0.000000000 -12.000000000 0.000000000 0.000000000 0.000000000 0.000000000 0.000985023 0.058477502
116.024000000 0.536130369 0.319910765 0.162831292 -0.000207748 0.708631277 0.705576956 -0.001676140 -1.155152798 4.047566414 -4.412275791 0.000000000 0.000000000 -12.000000000 0.000000000 0.000000000 0.000000000 0.000000000 0.000995997 0.059909888
116.029000000 0.535850644 0.320709318 0.163061321 -0.000156268 0.708852351 0.705354929 -0.001662771 -0.990738869 4.049559116 -4.522333622 0.000000000 0.000000000 -12.000000000 0.000000000 0.000000000 0.000000000 0.000000000 0.001007048 0.061341982
116.034000000 0.535642624 0.321549624 0.163276821 -0.000102649 0.709088504 0.705117583 -0.001645462 -0.818365514 4.050433636 -4.635841846 0.000000000 0.000000000 -12.000000000 0.000000000 0.000000000 0.000000000 0.000000000 0.001018025 0.062770873
116.039000000 0.535542607 0.322131127 0.163412333 -0.000066152 0.709254086 0.704951048 -0.001631584 -0.638549507 4.050089359 -4.752231121 0.000000000 0.000000000 -12.000000000 0.000000000 0.000000000 0.000000000 0.000000000 0.001028863 0.064197861
116.044000000 0.535473645 0.322728842 0.163540781 -0.000028998 0.709426105 0.704777956 -0.001616065 -0.451860309 4.048421383 -4.870888710 0.000000000 0.000000000 -12.000000000 0.000000000 0.000000000 0.000000000 0.000000000 0.001039563 0.065621421
116.049000000 0.535436213 0.323342323 0.163661361 0.000008797 0.709604681 0.704598188 -0.001599143 -0.258919686 4.045325756 -4.991158485 0.000000000 0.000000000 -12.000000000 0.000000000 0.000000000 0.000000000 0.000000000 0.001050122 0.067040369
116.054000000 0.535450101 0.324611425 0.163879633 0.000085078 0.709980786 0.704219341 -0.001560490 -0.060400479 4.040698528 -5.112349510 0.000000000 0.000000000 -12.000000000 0.000000000 0.000000000 0.000000000 0.000000000 0.001060632 0.068448715
116.059000000 0.535501122 0.325265408 0.163974985 0.000123453 0.710179567 0.704018891 -0.001539174 0.142974108 4.034435749 -5.233737946 0.000000000 0.000000000 -12.000000000 0.000000000 0.000000000 0.000000000 0.000000000 0.001071007 0.069851905
116.064000000 0.535580933 0.325931013 0.164060250 0.000161816 0.710385978 0.703810632 -0.001516678 0.350433439 4.026436329 -5.354573727 0.000000000 0.000000000 -12.000000000 0.000000000 0.000000000 0.000000000 0.000000000 0.001081336 0.071248487
116.069000000 0.535580933 0.325931013 0.164060250 0.000161816 0.710385978 0.703810632 -0.001516678 0.561164856 4.016602039 -5.474085331 0.000000000 0.000000000 -12.000000000 0.000000000 0.000000000 0.000000000 0.000000000 0.001091520 0.072646223
116.074000000 0.535997093 0.327983797 0.164251268 0.000275762 0.711052537 0.703137398 -0.001442339 0.774322331 4.004837036 -5.591485500 0.000000000 0.000000000 -12.000000000 0.000000000 0.000000000 0.000000000 0.000000000 0.001101600 0.074019358
116.079000000 0.536191702 0.328677773 0.164291367 0.000312964 0.711290419 0.702896774 -0.001415522 0.989033699 3.991048813 -5.705969810 0.000000000 0.000000000 -12.000000000 0.000000000 0.000000000 0.000000000 0.000000000 0.001111559 0.075386725
116.084000000 0.536407650 0.329373002 0.164317966 0.000349624 0.711536229 0.702647984 -0.001388260 1.204401255 3.975147963 -5.816715240 0.000000000 0.000000000 -12.000000000 0.000000000 0.000000000 0.000000000 0.000000000 0.001121383 0.076748408
116.089000000 0.536770880 0.330415547 0.164332941 0.000403171 0.711919427 0.702259779 -0.001346346 1.419495821 3.957046747 -5.922878265 0.000000000 0.000000000 -12.000000000 0.000000000 0.000000000 0.000000000 0.000000000 0.001131174 0.078100413
116.094000000 0.537179351 0.331454396 0.164316550 0.000454854 0.712320387 0.701853096 -0.001303726 1.633352995 3.936659336 -6.023601532 0.000000000 0.000000000 -12.000000000 0.000000000 0.000000000 0.000000000 0.000000000 0.001140849 0.079442702
116.100000000 0.537474811 0.332143754 0.164288402 0.000488018 0.712597430 0.701571822 -0.001274933 1.844976306 3.913903236 -6.118019581 0.000000000 0.000000000 -12.000000000 0.000000000 0.000000000 0.000000000 0.000000000 0.001150471 0.080778956
116.104000000 0.537949502 0.333171904 0.164219573 0.000535870 0.713027596 0.701134682 -0.001231829 2.053343534 3.888702631 -6.205276012 0.000000000 0.000000000 -12.000000000 0.000000000 0.000000000 0.000000000 0.000000000 0.001160045 0.082105167
116.109000000 0.538286388 0.333852410 0.164155707 0.000566468 0.713324189 0.700832963 -0.001203272 2.257415533 3.860991955 -6.284534454 0.000000000 0.000000000 -12.000000000 0.000000000 0.000000000 0.000000000 0.000000000 0.001169535 0.083424672
116.114000000 0.538638055 0.334528655 0.164078191 0.000595802 0.713628232 0.700523376 -0.001174772 2.456146955 3.830720186 -6.354997635 0.000000000 0.000000000 -12.000000000 0.000000000 0.000000000 0.000000000 0.000000000 0.001178955 0.084737740
116.119000000 0.539004087 0.335200012 0.163986877 0.000623943 0.713939786 0.700205863 -0.001146526 2.648499489 3.797853470 -6.415921688 0.000000000 0.000000000 -12.000000000 0.000000000 0.000000000 0.000000000 0.000000000 0.001188313 0.086044110
116.124000000 0.539777875 0.336526215 0.163762257 0.000676582 0.714585483 0.699546993 -0.001091198 2.833455563 3.762379885 -6.466629505 0.000000000 0.000000000 -12.000000000 0.000000000 0.000000000 0.000000000 0.000000000 0.001197628 0.087336272
116.129000000 0.540184200 0.337180436 0.163629919 0.000700942 0.714919090 0.699205995 -0.001064125 3.010032654 3.724312067 -6.506523132 0.000000000 0.000000000 -12.000000000 0.000000000 0.000000000 0.000000000 0.000000000 0.001206918 0.088621661
116.134000000 0.540602326 0.337828666 0.163485199 0.000724069 0.715258777 0.698858559 -0.001037715 3.177294970 3.683688879 -6.535092354 0.000000000 0.000000000 -12.000000000 0.000000000 0.000000000 0.000000000 0.000000000 0.001216200 0.089900129
116.139000000 0.541251302 0.338788956 0.163247868 0.000756204 0.715777338 0.698327422 -0.000999053 3.334366322 3.640579700 -6.551925659 0.000000000 0.000000000 -12.000000000 0.000000000 0.000000000 0.000000000 0.000000000 0.001225492 0.091167957
116.144000000 0.541924596 0.339734614 0.162986591 0.000785320 0.716306448 0.697784722 -0.000961851 3.480439425 3.595084667 -6.556713581 0.000000000 0.000000000 -12.000000000 0.000000000 0.000000000 0.000000000 0.000000000 0.001234784 0.092424512
116.149000000 0.542386234 0.340356767 0.162799567 0.000802997 0.716664791 0.697416723 -0.000937893 3.614785433 3.547336102 -6.549254417 0.000000000 0.000000000 -12.000000000 0.000000000 0.000000000 0.000000000 0.000000000 0.001244121 0.093674406
116.154000000 0.543096900 0.341277152 0.162500471 0.000827001 0.717210054 0.696856022 -0.000903437 3.736761332 3.497498274 -6.529457092 0.000000000 0.000000000 -12.000000000 0.000000000 0.000000000 0.000000000 0.000000000 0.001253563 0.094913967
116.159000000 0.543338418 0.341580361 0.162395999 0.000834351 0.717393756 0.696666837 -0.000892383 3.845817089 3.445765018 -6.497341633 0.000000000 0.000000000 -12.000000000 0.000000000 0.000000000 0.000000000 0.000000000 0.001263087 0.096150309
116.164000000 0.544326127 0.342776150 0.161955565 0.000860115 0.718137860 0.695899785 -0.000850015 3.941498995 3.392358065 -6.453036308 0.000000000 0.000000000 -12.000000000 0.000000000 0.000000000 0.000000000 0.000000000 0.001272638 0.097373553
116.169000000 0.544832766 0.343363106 0.161721826 0.000871031 0.718515277 0.695510149 -0.000830232 4.023455143 3.337524414 -6.396776676 0.000000000 0.000000000 -12.000000000 0.000000000 0.000000000 0.000000000 0.000000000 0.001282267 0.098590523
116.174000000 0.545607388 0.344230026 0.161356091 0.000884771 0.719087124 0.694918871 -0.000802106 4.091436386 3.281532049 -6.328898430 0.000000000 0.000000000 -12.000000000 0.000000000 0.000000000 0.000000000 0.000000000 0.001291941 0.099798307
116.179000000 0.546133339 0.344798744 0.161102429 0.000892205 0.719472051 0.694520354 -0.000784446 4.145296574 3.224668264 -6.249834061 0.000000000 0.000000000 -12.000000000 0.000000000 0.000000000 0.000000000 0.000000000 0.001301993 0.101000421
116.184000000 0.546666801 0.345359772 0.160841405 0.000898315 0.719859600 0.694118679 -0.000767699 4.184993744 3.167234421 -6.160102367 0.000000000 0.000000000 -12.000000000 0.000000000 0.000000000 0.000000000 0.000000000 0.001312206 0.102196835
116.189000000 0.547480345 0.346187055 0.160436198 0.000905034 0.720445693 0.693510413 -0.000744384 4.210587502 3.109543085 -6.060304165 0.000000000 0.000000000 -12.000000000 0.000000000 0.000000000 0.000000000 0.000000000 0.001322487 0.103385016
116.194000000 0.548031747 0.346728444 0.160157353 0.000907934 0.720839262 0.693101287 -0.000730082 4.222238541 3.051913977 -5.951109409 0.000000000 0.000000000 -12.000000000 0.000000000 0.000000000 0.000000000 0.000000000 0.001333132 0.104567870
116.199000000 0.548871100 0.347526133 0.159727499 0.000909781 0.721433282 0.692482948 -0.000710279 4.220201492 2.994670868 -5.833250523 0.000000000 0.000000000 -12.000000000 0.000000000 0.000000000 0.000000000 0.000000000 0.001343976 0.105743445
116.204000000 0.549439013 0.348047853 0.159433350 0.000909392 0.721831620 0.692067802 -0.000698213 4.204824448 2.938137293 -5.707511425 0.000000000 0.000000000 -12.000000000 0.000000000 0.000000000 0.000000000 0.000000000 0.001355030 0.106914349
116.209000000 0.550013065 0.348561674 0.159136415 0.000907769 0.722228765 0.691653311 -0.000687090 4.176540852 2.882634401 -5.574718952 0.000000000 0.000000000 -12.000000000 0.000000000 0.000000000 0.000000000 0.000000000 0.001366407 0.108080909
116.214000000 0.550885558 0.349317759 0.158693239 0.000903096 0.722814858 0.691040814 -0.000672193 4.135862827 2.828481674 -5.435732365 0.000000000 0.000000000 -12.000000000 0.000000000 0.000000000 0.000000000 0.000000000 0.001378007 0.109241568
116.219000000 0.551474452 0.349812329 0.158399522 0.000898547 0.723199010 0.690638781 -0.000663466 4.083374500 2.775995731 -5.291434288 0.000000000 0.000000000 -12.000000000 0.000000000 0.000000000 0.000000000 0.000000000 0.001389836 0.110398531
116.224000000 0.552368939 0.350539625 0.157962292 0.000889477 0.723765135 0.690045476 -0.000651878 4.019725800 2.725489855 -5.142724037 0.000000000 0.000000000 -12.000000000 0.000000000 0.000000000 0.000000000 0.000000000 0.001401976 0.111550532
116.229000000 0.553276718 0.351248771 0.157529116 0.000877875 0.724319160 0.689463973 -0.000642151 3.945622444 2.677270412 -4.990504742 0.000000000 0.000000000 -12.000000000 0.000000000 0.000000000 0.000000000 0.000000000 0.001414350 0.112698033
116.234000000 0.553889155 0.351711094 0.157242805 0.000868742 0.724681795 0.689082861 -0.000636609 3.861821413 2.631631613 -4.835678101 0.000000000 0.000000000 -12.000000000 0.000000000 0.000000000 0.000000000 0.000000000 0.001426934 0.113842838
116.239000000 0.554818332 0.352389216 0.156817317 0.000853097 0.725215375 0.688521266 -0.000629757 3.769121885 2.588851929 -4.679131031 0.000000000 0.000000000 -12.000000000 0.000000000 0.000000000 0.000000000 0.000000000 0.001439755 0.114984050
116.244000000 0.555760205 0.353047669 0.156397149 0.000835149 0.725736558 0.687971950 -0.000624471 3.668357611 2.549189091 -4.521731377 0.000000000 0.000000000 -12.000000000 0.000000000 0.000000000 0.000000000 0.000000000 0.001452802 0.116122231
116.249000000 0.556076944 0.353262782 0.156258330 0.000828699 0.725907445 0.687791586 -0.000623076 3.560389519 2.512876034 -4.364317417 0.000000000 0.000000000 -12.000000000 0.000000000 0.000000000 0.000000000 0.000000000 0.001466084 0.117259055
116.254000000 0.557034552 0.353895813 0.155846030 0.000807806 0.726411760 0.687258959 -0.000619715 3.446094751 2.480118752 -4.207694054 0.000000000 0.000000000 -12.000000000 0.000000000 0.000000000 0.000000000 0.000000000 0.001479692 0.118393600
116.259000000 0.558003724 0.354507238 0.155440286 0.000784810 0.726903319 0.686739087 -0.000617653 3.326359987 2.451093674 -4.052623749 0.000000000 0.000000000 -12.000000000 0.000000000 0.000000000 0.000000000 0.000000000 0.001493523 0.119526275
116.264000000 0.558655262 0.354902387 0.155173570 0.000768318 0.727223873 0.686399639 -0.000616919 3.202071667 2.425945282 -3.899822712 0.000000000 0.000000000 -12.000000000 0.000000000 0.000000000 0.000000000 0.000000000 0.001507600 0.120657921
116.269000000 0.559310615 0.355287671 0.154910132 0.000750962 0.727538586 0.686066091 -0.000616696 3.074105978 2.404785395 -3.749952793 0.000000000 0.000000000 -12.000000000 0.000000000 0.000000000 0.000000000 0.000000000 0.001521887 0.121788725
116.274000000 0.560299993 0.355846345 0.154520974 0.000723353 0.727999806 0.685576677 -0.000617322 2.943320751 2.387691975 -3.603618145 0.000000000 0.000000000 -12.000000000 0.000000000 0.000000000 0.000000000 0.000000000 0.001536378 0.122919105
116.279000000 0.560963333 0.356206119 0.154265687 0.000703971 0.728300095 0.685257733 -0.000618367 2.810545444 2.374709368 -3.461362600 0.000000000 0.000000000 -12.000000000 0.000000000 0.000000000 0.000000000 0.000000000 0.001551110 0.124049194
116.284000000 0.561963737 0.356725931 0.153892636 0.000673372 0.728736877 0.684793174 -0.000620560 2.676575422 2.365849972 -3.323668718 0.000000000 0.000000000 -12.000000000 0.000000000 0.000000000 0.000000000 0.000000000 0.001566010 0.125179395
116.289000000 0.562970281 0.357221663 0.153537273 0.000641154 0.729152024 0.684351146 -0.000623503 2.542166471 2.361097574 -3.190956593 0.000000000 0.000000000 -12.000000000 0.000000000 0.000000000 0.000000000 0.000000000 0.001581087 0.126311123
116.294000000 0.563982785 0.357694387 0.153200120 0.000607433 0.729545474 0.683931768 -0.000627038 2.408031225 2.360410213 -3.063584566 0.000000000 0.000000000 -12.000000000 0.000000000 0.000000000 0.000000000 0.000000000 0.001596327 0.127443165
116.299000000 0.564321637 0.357846707 0.153091997 0.000595837 0.729671776 0.683797002 -0.000628244 2.274837255 2.363724947 -2.941850185 0.000000000 0.000000000 -12.000000000 0.000000000 0.000000000 0.000000000 0.000000000 0.001611727 0.128574520
116.304000000 0.565342009 0.358288884 0.152779385 0.000560309 0.730036616 0.683407545 -0.000632313 2.143205404 2.370957851 -2.825994253 0.000000000 0.000000000 -12.000000000 0.000000000 0.000000000 0.000000000 0.000000000 0.001627280 0.129706249
116.309000000 0.566368580 0.358707517 0.152485505 0.000523575 0.730380177 0.683040321 -0.000636584 2.013708591 2.382006407 -2.716202974 0.000000000 0.000000000 -12.000000000 0.000000000 0.000000000 0.000000000 0.000000000 0.001642980 0.130838379
116.314000000 0.567056417 0.358973861 0.152300045 0.000498519 0.730597556 0.682807803 -0.000639535 1.886873484 2.396749735 -2.612611532 0.000000000 0.000000000 -12.000000000 0.000000000 0.000000000 0.000000000 0.000000000 0.001658813 0.131970182
116.319000000 0.567746937 0.359229803 0.152123362 0.000472951 0.730805635 0.682585180 -0.000642342 1.763178945 2.415050745 -2.515306711 0.000000000 0.000000000 -12.000000000 0.000000000 0.000000000 0.000000000 0.000000000 0.001674764 0.133101657
116.324000000 0.568788290 0.359593272 0.151874766 0.000433889 0.731100321 0.682269514 -0.000646434 1.643057585 2.436755180 -2.424327612 0.000000000 0.000000000 -12.000000000 0.000000000 0.000000000 0.000000000 0.000000000 0.001690827 0.134232968
116.329000000 0.569836497 0.359931797 0.151646137 0.000394056 0.731374383 0.681975722 -0.000650166 1.526896596 2.461694956 -2.339668989 0.000000000 0.000000000 -12.000000000 0.000000000 0.000000000 0.000000000 0.000000000 0.001706996 0.135363951
116.334000000 0.570539057 0.360143900 0.151504993 0.000367119 0.731545687 0.681791961 -0.000652342 1.415038586 2.489688158 -2.261281729 0.000000000 0.000000000 -12.000000000 0.000000000 0.000000000 0.000000000 0.000000000 0.001723301 0.136494875
116.339000000 0.571598470 0.360441506 0.151309907 0.000326272 0.731785953 0.681534171 -0.000655132 1.307782173 2.520541430 -2.189076662 0.000000000 0.000000000 -12.000000000 0.000000000 0.000000000 0.000000000 0.000000000 0.001739751 0.137625262
116.344000000 0.572308600 0.360626310 0.151190937 0.000298827 0.731935024 0.681374073 -0.000656647 1.205382943 2.554050446 -2.122928619 0.000000000 0.000000000 -12.000000000 0.000000000 0.000000000 0.000000000 0.000000000 0.001756279 0.138754725
116.349000000 0.573379219 0.360882998 0.151029706 0.000257304 0.732141972 0.681151688 -0.000658072 1.108053803 2.590001106 -2.062678576 0.000000000 0.000000000 -12.000000000 0.000000000 0.000000000 0.000000000 0.000000000 0.001772879 0.139883310
116.354000000 0.574456692 0.361114591 0.150889039 0.000215538 0.732329249 0.680950344 -0.000658483 1.015966177 2.628172874 -2.008139610 0.000000000 0.000000000 -12.000000000 0.000000000 0.000000000 0.000000000 0.000000000 0.001789558 0.141011029
116.359000000 0.575178564 0.361255348 0.150807276 0.000187584 0.732442796 0.680828273 -0.000658092 0.929250181 2.668338299 -1.959098339 0.000000000 0.000000000 -12.000000000 0.000000000 0.000000000 0.000000000 0.000000000 0.001806302 0.142137736
116.364000000 0.575903237 0.361384809 0.150735527 0.000159623 0.732546926 0.680716217 -0.000657144 0.847996414 2.710265875 -1.915319681 0.000000000 0.000000000 -12.000000000 0.000000000 0.000000000 0.000000000 0.000000000 0.001823128 0.143263042
116.369000000 0.576995611 0.361557901 0.150646061 0.000117733 0.732686162 0.680566370 -0.000654655 0.772256315 2.753722906 -1.876549721 0.000000000 0.000000000 -12.000000000 0.000000000 0.000000000 0.000000000 0.000000000 0.001839996 0.144387141
116.374000000 0.577727199 0.361658961 0.150598392 0.000089921 0.732767761 0.680478454 -0.000652260 0.702043831 2.798474789 -1.842518687 0.000000000 0.000000000 -12.000000000 0.000000000 0.000000000 0.000000000 0.000000000 0.001856894 0.145508349
116.379000000 0.578829408 0.361789703 0.150545195 0.000048337 0.732873440 0.680364668 -0.000647261 0.637336791 2.844289064 -1.812943935 0.000000000 0.000000000 -12.000000000 0.000000000 0.000000000 0.000000000 0.000000000 0.001873866 0.146628410
116.384000000 0.579567254 0.361862183 0.150521785 0.000020764 0.732932925 0.680300593 -0.000642977 0.578077853 2.890934467 -1.787533522 0.000000000 0.000000000 -12.000000000 0.000000000 0.000000000 0.000000000 0.000000000 0.001890867 0.147747308
116.389000000 0.580678344 0.361949921 0.150504291 -0.000020202 0.733005941 0.680221915 -0.000635144 0.524176836 2.938182354 -1.765988708 0.000000000 0.000000000 -12.000000000 0.000000000 0.000000000 0.000000000 0.000000000 0.001907896 0.148865432
116.394000000 0.581421733 0.361994147 0.150504380 -0.000047240 0.733043909 0.680181026 -0.000628866 0.475511819 2.985808134 -1.748007178 0.000000000 0.000000000 -12.000000000 0.000000000 0.000000000 0.000000000 0.000000000 0.001924935 0.149982452
116.399000000 0.582540452 0.362038463 0.150521606 -0.000087287 0.733085155 0.680136561 -0.000617905 0.431931406 3.033591032 -1.733285785 0.000000000 0.000000000 -12.000000000 0.000000000 0.000000000 0.000000000 0.000000000 0.001941990 0.151097402
116.404000000 0.583288491 0.362052858 0.150544286 -0.000113575 0.733102381 0.680118024 -0.000609561 0.393256664 3.081315994 -1.721521974 0.000000000 0.000000000 -12.000000000 0.000000000 0.000000000 0.000000000 0.000000000 0.001959080 0.152211368
116.409000000 0.584413469 0.362052292 0.150595322 -0.000152426 0.733112812 0.680106819 -0.000595208 0.359283328 3.128773689 -1.712415576 0.000000000 0.000000000 -12.000000000 0.000000000 0.000000000 0.000000000 0.000000000 0.001976159 0.153325021
116.414000000 0.585165143 0.362036467 0.150640249 -0.000177891 0.733109772 0.680110037 -0.000584418 0.329784006 3.175761938 -1.705670238 0.000000000 0.000000000 -12.000000000 0.000000000 0.000000000 0.000000000 0.000000000 0.001993249 0.154438183
116.419000000 0.586294591 0.361991078 0.150723577 -0.000215271 0.733090460 0.680130899 -0.000566446 0.304510415 3.222084999 -1.700995922 0.000000000 0.000000000 -12.000000000 0.000000000 0.000000000 0.000000000 0.000000000 0.002010356 0.155551717
116.424000000 0.587048531 0.361944795 0.150789738 -0.000239653 0.733067811 0.680155277 -0.000553171 0.283195555 3.267556190 -1.698110342 0.000000000 0.000000000 -12.000000000 0.000000000 0.000000000 0.000000000 0.000000000 0.002027514 0.156664968
116.429000000 0.588180602 0.361853212 0.150903881 -0.000275310 0.733019710 0.680207133 -0.000531380 0.265556276 3.311996222 -1.696741343 0.000000000 0.000000000 -12.000000000 0.000000000 0.000000000 0.000000000 0.000000000 0.002044698 0.157779381
116.434000000 0.588935673 0.361777097 0.150989771 -0.000298412 0.732978225 0.680251837 -0.000515612 0.251295537 3.355235577 -1.696628690 0.000000000 0.000000000 -12.000000000 0.000000000 0.000000000 0.000000000 0.000000000 0.002061894 0.158894107
116.442000000 0.590068221 0.361639678 0.151133657 -0.000332109 0.732901692 0.680334330 -0.000489842 0.240105167 3.397114038 -1.697525382 0.000000000 0.000000000 -12.000000000 0.000000000 0.000000000 0.000000000 0.000000000 0.002079142 0.160010666
116.444000000 0.591576874 0.361412376 0.151351988 -0.000375068 0.732773662 0.680472195 -0.000451593 0.231667995 3.437481165 -1.699199080 0.000000000 0.000000000 -12.000000000 0.000000000 0.000000000 0.000000000 0.000000000 0.002096418 0.161130846
116.449000000 0.591953576 0.361347824 0.151410863 -0.000385409 0.732737243 0.680511415 -0.000441395 0.225660160 3.476197004 -1.701432943 0.000000000 0.000000000 -12.000000000 0.000000000 0.000000000 0.000000000 0.000000000 0.002113681 0.162250981
116.454000000 0.593082726 0.361138701 0.151598334 -0.000415484 0.732617080 0.680640757 -0.000409004 0.221753687 3.513131618 -1.704028606 0.000000000 0.000000000 -12.000000000 0.000000000 0.000000000 0.000000000 0.000000000 0.002130989 0.163375318
116.459000000 0.593833983 0.360983908 0.151731744 -0.000434737 0.732528210 0.680736423 -0.000385967 0.219619453 3.548165560 -1.706807494 0.000000000 0.000000000 -12.000000000 0.000000000 0.000000000 0.000000000 0.000000000 0.002148322 0.164501712
116.464000000 0.594583333 0.360816091 0.151871115 -0.000453279 0.732432663 0.680839241 -0.000361908 0.218929768 3.581191063 -1.709611058 0.000000000 0.000000000 -12.000000000 0.000000000 0.000000000 0.000000000 0.000000000 0.002165635 0.165630177
116.469000000 0.595703542 0.360540986 0.152091533 -0.000479842 0.732276678 0.681007028 -0.000323590 0.219359964 3.612109661 -1.712298989 0.000000000 0.000000000 -12.000000000 0.000000000 0.000000000 0.000000000 0.000000000 0.002182913 0.166763827
116.474000000 0.596818030 0.360237658 0.152324259 -0.000504804 0.732106090 0.681190372 -0.000282730 0.220589712 3.640834093 -1.714746475 0.000000000 0.000000000 -12.000000000 0.000000000 0.000000000 0.000000000 0.000000000 0.002200152 0.167903066
116.479000000 0.597557366 0.360020190 0.152485833 -0.000520554 0.731984496 0.681321084 -0.000254052 0.222304508 3.667285204 -1.716845512 0.000000000 0.000000000 -12.000000000 0.000000000 0.000000000 0.000000000 0.000000000 0.002217395 0.169046223
116.484000000 0.598293602 0.359790564 0.152652219 -0.000535533 0.731856585 0.681458414 -0.000224249 0.224197537 3.691394091 -1.718504548 0.000000000 0.000000000 -12.000000000 0.000000000 0.000000000 0.000000000 0.000000000 0.002234622 0.170193300
116.489000000 0.599391282 0.359423399 0.152909741 -0.000556559 0.731653571 0.681676388 -0.000177507 0.225971669 3.713100433 -1.719649792 0.000000000 0.000000000 -12.000000000 0.000000000 0.000000000 0.000000000 0.000000000 0.002251864 0.171347812
116.494000000 0.600118101 0.359163165 0.153086141 -0.000569571 0.731510937 0.681829453 -0.000145030 0.227341190 3.732353449 -1.720224857 0.000000000 0.000000000 -12.000000000 0.000000000 0.000000000 0.000000000 0.000000000 0.002269095 0.172506973
116.499000000 0.600840747 0.358890533 0.153266266 -0.000581854 0.731362462 0.681988716 -0.000111353 0.228033602 3.749109983 -1.720189214 0.000000000 0.000000000 -12.000000000 0.000000000 0.000000000 0.000000000 0.000000000 0.002286350 0.173671052
116.504000000 0.602272213 0.358307928 0.153635487 -0.000603917 0.731048822 0.682324886 -0.000040838 0.227791175 3.763335705 -1.719517827 0.000000000 0.000000000 -12.000000000 0.000000000 0.000000000 0.000000000 0.000000000 0.002303640 0.174847528
116.509000000 0.602981269 0.357999206 0.153824478 -0.000613754 0.730883777 0.682501674 -0.000003913 0.226373106 3.775003433 -1.718200445 0.000000000 0.000000000 -12.000000000 0.000000000 0.000000000 0.000000000 0.000000000 0.002320791 0.176029950
116.514000000 0.603685141 0.357678562 0.154015869 -0.000622740 0.730713189 0.682684302 0.000034066 0.223557472 3.784095049 -1.716242313 0.000000000 0.000000000 -12.000000000 0.000000000 0.000000000 0.000000000 0.000000000 0.002337944 0.177217990
116.519000000 0.604730189 0.357174516 0.154305890 -0.000634639 0.730447412 0.682968616 0.000092923 0.219142586 3.790599585 -1.713663340 0.000000000 0.000000000 -12.000000000 0.000000000 0.000000000 0.000000000 0.000000000 0.002355090 0.178415850
116.524000000 0.605762601 0.356644452 0.154598936 -0.000644621 0.730170071 0.683265090 0.000154079 0.212947443 3.794514179 -1.710497022 0.000000000 0.000000000 -12.000000000 0.000000000 0.000000000 0.000000000 0.000000000 0.002372224 0.179624781
116.529000000 0.606103837 0.356462270 0.154696912 -0.000647513 0.730075240 0.683366418 0.000174922 0.204812661 3.795841455 -1.706789136 0.000000000 0.000000000 -12.000000000 0.000000000 0.000000000 0.000000000 0.000000000 0.002389362 0.180836007
116.534000000 0.607117891 0.355897844 0.154991612 -0.000654929 0.729783237 0.683678210 0.000239020 0.194601044 3.794591427 -1.702598095 0.000000000 0.000000000 -12.000000000 0.000000000 0.000000000 0.000000000 0.000000000 0.002406473 0.182058200
116.539000000 0.608116567 0.355307311 0.155285597 -0.000660428 0.729480803 0.684000909 0.000305240 0.182197288 3.790778637 -1.697992682 0.000000000 0.000000000 -12.000000000 0.000000000 0.000000000 0.000000000 0.000000000 0.002423552 0.183292001
116.544000000 0.608773112 0.354899049 0.155480430 -0.000663047 0.729273558 0.684221804 0.000350552 0.167506963 3.784422159 -1.693049908 0.000000000 0.000000000 -12.000000000 0.000000000 0.000000000 0.000000000 0.000000000 0.002440596 0.184532836
116.549000000 0.609421909 0.354479522 0.155673429 -0.000664773 0.729062140 0.684447050 0.000396629 0.150455058 3.775544167 -1.687853575 0.000000000 0.000000000 -12.000000000 0.000000000 0.000000000 0.000000000 0.000000000 0.002457674 0.185781628
116.554000000 0.610693991 0.353606045 0.156052962 -0.000665849 0.728626847 0.684910417 0.000491482 0.130984545 3.764169693 -1.682492018 0.000000000 0.000000000 -12.000000000 0.000000000 0.000000000 0.000000000 0.000000000 0.002474748 0.187046900
116.559000000 0.611006856 0.353381097 0.156146064 -0.000665587 0.728515625 0.685028672 0.000515640 0.109055579 3.750325441 -1.677058816 0.000000000 0.000000000 -12.000000000 0.000000000 0.000000000 0.000000000 0.000000000 0.002491873 0.188315153
116.566000000 0.611932814 0.352690905 0.156421423 -0.000663584 0.728176236 0.685389400 0.000589346 0.084645770 3.734041929 -1.671652198 0.000000000 0.000000000 -12.000000000 0.000000000 0.000000000 0.000000000 0.000000000 0.002508950 0.189595729
116.569000000 0.613135636 0.351734877 0.156775862 -0.000658071 0.727711082 0.685883164 0.000690051 0.057750527 3.715352058 -1.666376472 0.000000000 0.000000000 -12.000000000 0.000000000 0.000000000 0.000000000 0.000000000 0.002526076 0.190893024
116.574000000 0.613430500 0.351489663 0.156862080 -0.000656245 0.727592587 0.686008811 0.000715715 0.028383097 3.694293976 -1.661341906 0.000000000 0.000000000 -12.000000000 0.000000000 0.000000000 0.000000000 0.000000000 0.002543222 0.192193553
116.579000000 0.614302754 0.350741178 0.157114625 -0.000649474 0.727232516 0.686390400 0.000793417 -0.003424594 3.670910835 -1.656664848 0.000000000 0.000000000 -12.000000000 0.000000000 0.000000000 0.000000000 0.000000000 0.002560374 0.193507180
116.584000000 0.614871621 0.350230277 0.157276377 -0.000643988 0.726988792 0.686648488 0.000845860 -0.037621740 3.645252943 -1.652466893 0.000000000 0.000000000 -12.000000000 0.000000000 0.000000000 0.000000000 0.000000000 0.002577526 0.194827899
116.589000000 0.615429640 0.349709660 0.157432407 -0.000637847 0.726742208 0.686909437 0.000898923 -0.074141100 3.617376566 -1.648872256 0.000000000 0.000000000 -12.000000000 0.000000000 0.000000000 0.000000000 0.000000000 0.002594675 0.196155950
116.594000000 0.616246223 0.348911405 0.157654628 -0.000627271 0.726367414 0.687305629 0.000979340 -0.112902991 3.587342501 -1.646004558 0.000000000 0.000000000 -12.000000000 0.000000000 0.000000000 0.000000000 0.000000000 0.002611979 0.197495490
116.599000000 0.617036641 0.348092914 0.157861143 -0.000615182 0.725987136 0.687707186 0.001060654 -0.153818548 3.555214167 -1.643984437 0.000000000 0.000000000 -12.000000000 0.000000000 0.000000000 0.000000000 0.000000000 0.002629322 0.198846012
116.604000000 0.617549181 0.347536564 0.157990009 -0.000606317 0.725730717 0.687977672 0.001115325 -0.196791470 3.521057606 -1.642928362 0.000000000 0.000000000 -12.000000000 0.000000000 0.000000000 0.000000000 0.000000000 0.002646666 0.200203121
116.609000000 0.618296623 0.346687317 0.158169478 -0.000591848 0.725342333 0.688387036 0.001197799 -0.241718382 3.484942198 -1.642948508 0.000000000 0.000000000 -12.000000000 0.000000000 0.000000000 0.000000000 0.000000000 0.002664050 0.201570809
116.614000000 0.618780077 0.346111506 0.158279315 -0.000581430 0.725080967 0.688662231 0.001252995 -0.288488120 3.446942329 -1.644152641 0.000000000 0.000000000 -12.000000000 0.000000000 0.000000000 0.000000000 0.000000000 0.002681467 0.202944577
116.619000000 0.619251847 0.345528424 0.158381566 -0.000570517 0.724817753 0.688939154 0.001308464 -0.336981446 3.407138348 -1.646644115 0.000000000 0.000000000 -12.000000000 0.000000000 0.000000000 0.000000000 0.000000000 0.002698870 0.204322413
116.624000000 0.619935095 0.344639927 0.158518448 -0.000553126 0.724419832 0.689357400 0.001391825 -0.387071788 3.365617037 -1.650521636 0.000000000 0.000000000 -12.000000000 0.000000000 0.000000000 0.000000000 0.000000000 0.002716255 0.205712661
116.629000000 0.620374560 0.344038963 0.158598959 -0.000540920 0.724152565 0.689638078 0.001447506 -0.438627183 3.322471619 -1.655878186 0.000000000 0.000000000 -12.000000000 0.000000000 0.000000000 0.000000000 0.000000000 0.002733644 0.207108229
116.634000000 0.621009588 0.343125492 0.158702716 -0.000521745 0.723749161 0.690061271 0.001530934 -0.491511196 3.277801037 -1.662800550 0.000000000 0.000000000 -12.000000000 0.000000000 0.000000000 0.000000000 0.000000000 0.002750969 0.208511814
116.639000000 0.621613622 0.342198044 0.158784881 -0.000501652 0.723343015 0.690486848 0.001614160 -0.545583963 3.231711149 -1.671368837 0.000000000 0.000000000 -12.000000000 0.000000000 0.000000000 0.000000000 0.000000000 0.002768255 0.209926724
116.644000000 0.621998787 0.341572523 0.158827260 -0.000487765 0.723070979 0.690771580 0.001669369 -0.600703597 3.184313297 -1.681656241 0.000000000 0.000000000 -12.000000000 0.000000000 0.000000000 0.000000000 0.000000000 0.002785530 0.211345345
116.649000000 0.622371256 0.340941966 0.158860788 -0.000473596 0.722797930 0.691057146 0.001724472 -0.656726956 3.135725975 -1.693729043 0.000000000 0.000000000 -12.000000000 0.000000000 0.000000000 0.000000000 0.000000000 0.002802753 0.212767869
116.654000000 0.623074055 0.339665920 0.158898205 -0.000444293 0.722249448 0.691630125 0.001833737 -0.713509262 3.086073399 -1.707646132 0.000000000 0.000000000 -12.000000000 0.000000000 0.000000000 0.000000000 0.000000000 0.002819835 0.214197472
116.659000000 0.623241067 0.339344054 0.158901542 -0.000436852 0.722111881 0.691773653 0.001860923 -0.770903766 3.035488367 -1.723459363 0.000000000 0.000000000 -12.000000000 0.000000000 0.000000000 0.000000000 0.000000000 0.002836778 0.215627953
116.664000000 0.623722076 0.338372648 0.158896521 -0.000414087 0.721698999 0.692204177 0.001941658 -0.828761160 2.984111547 -1.741213560 0.000000000 0.000000000 -12.000000000 0.000000000 0.000000000 0.000000000 0.000000000 0.002853563 0.217062876
116.669000000 0.624171615 0.337392926 0.158868998 -0.000390927 0.721285641 0.692634642 0.002021356 -0.886929035 2.932091713 -1.760946631 0.000000000 0.000000000 -12.000000000 0.000000000 0.000000000 0.000000000 0.000000000 0.002869983 0.218501300
116.674000000 0.624589086 0.336405963 0.158818677 -0.000367484 0.720872223 0.693064749 0.002099850 -0.945252657 2.879586697 -1.782689333 0.000000000 0.000000000 -12.000000000 0.000000000 0.000000000 0.000000000 0.000000000 0.002886353 0.219942242
116.679000000 0.624849558 0.335744530 0.158772320 -0.000351718 0.720596731 0.693350971 0.002151358 -1.003576159 2.826760769 -1.806465149 0.000000000 0.000000000 -12.000000000 0.000000000 0.000000000 0.000000000 0.000000000 0.002902704 0.221384242
116.684000000 0.625095546 0.335080713 0.158716008 -0.000335975 0.720321417 0.693636894 0.002202315 -1.061744213 2.773784876 -1.832290173 0.000000000 0.000000000 -12.000000000 0.000000000 0.000000000 0.000000000 0.000000000 0.002919013 0.222826838
116.689000000 0.625436246 0.334080935 0.158611998 -0.000312324 0.719908893 0.694064736 0.002277368 -1.119603395 2.720834494 -1.860172868 0.000000000 0.000000000 -12.000000000 0.000000000 0.000000000 0.000000000 0.000000000 0.002935254 0.224269941
116.695000000 0.625644803 0.333412290 0.158530086 -0.000296611 0.719634354 0.694349289 0.002326489 -1.177004218 2.668089151 -1.890114069 0.000000000 0.000000000 -12.000000000 0.000000000 0.000000000 0.000000000 0.000000000 0.002951437 0.225712746
116.699000000 0.625930727 0.332407117 0.158388749 -0.000273174 0.719223559 0.694774508 0.002398574 -1.233801842 2.615730286 -1.922106981 0.000000000 0.000000000 -12.000000000 0.000000000 0.000000000 0.000000000 0.000000000 0.002967531 0.227160498
116.704000000 0.626183271 0.331400514 0.158225328 -0.000250015 0.718814135 0.695197880 0.002468673 -1.289855957 2.563941240 -1.956137896 0.000000000 0.000000000 -12.000000000 0.000000000 0.000000000 0.000000000 0.000000000 0.002983538 0.228606626
116.709000000 0.626333117 0.330729246 0.158104181 -0.000234749 0.718542159 0.695478797 0.002514158 -1.345030904 2.512908220 -1.992187023 0.000000000 0.000000000 -12.000000000 0.000000000 0.000000000 0.000000000 0.000000000 0.002999381 0.230051130
116.714000000 0.626467466 0.330058277 0.157973349 -0.000219757 0.718270957 0.695758700 0.002558750 -1.399197221 2.462817192 -2.030228376 0.000000000 0.000000000 -12.000000000 0.000000000 0.000000000 0.000000000 0.000000000 0.003015163 0.231493428
116.719000000 0.626640677 0.329053164 0.157759517 -0.000197681 0.717865765 0.696176529 0.002623645 -1.452231765 2.413853407 -2.070230722 0.000000000 0.000000000 -12.000000000 0.000000000 0.000000000 0.000000000 0.000000000 0.003030785 0.232932642
116.724000000 0.626779914 0.328050643 0.157525152 -0.000176242 0.717462778 0.696591616 0.002686088 -1.504019499 2.366200447 -2.112157583 0.000000000 0.000000000 -12.000000000 0.000000000 0.000000000 0.000000000 0.000000000 0.003046332 0.234367996
116.729000000 0.626855254 0.327383876 0.157358602 -0.000162326 0.717195392 0.696866751 0.002726358 -1.554452300 2.320039988 -2.155967951 0.000000000 0.000000000 -12.000000000 0.000000000 0.000000000 0.000000000 0.000000000 0.003061751 0.235800356
116.734000000 0.626915157 0.326719224 0.157182753 -0.000148719 0.716929317 0.697140336 0.002765328 -1.603427410 2.275550365 -2.201614618 0.000000000 0.000000000 -12.000000000 0.000000000 0.000000000 0.000000000 0.000000000 0.003077092 0.237228706
116.739000000 0.626977026 0.325726151 0.156903148 -0.000129061 0.716532528 0.697547972 0.002821614 -1.650847554 2.232907772 -2.249045849 0.000000000 0.000000000 -12.000000000 0.000000000 0.000000000 0.000000000 0.000000000 0.003092377 0.238651559
116.744000000 0.627005756 0.324738771 0.156605273 -0.000110313 0.716138721 0.697952032 0.002875076 -1.696621656 2.192282677 -2.298203707 0.000000000 0.000000000 -12.000000000 0.000000000 0.000000000 0.000000000 0.000000000 0.003107542 0.240068287
116.749000000 0.627006173 0.324084222 0.156396657 -0.000098397 0.715878010 0.698219299 0.002909124 -1.740665436 2.153839111 -2.349025011 0.000000000 0.000000000 -12.000000000 0.000000000 0.000000000 0.000000000 0.000000000 0.003122621 0.241480380
116.754000000 0.626979828 0.323108345 0.156069636 -0.000081346 0.715489805 0.698616862 0.002957665 -1.782902002 2.117734194 -2.401441574 0.000000000 0.000000000 -12.000000000 0.000000000 0.000000000 0.000000000 0.000000000 0.003137608 0.242878169
116.759000000 0.626944423 0.322461963 0.155842766 -0.000070594 0.715232968 0.698879719 0.002988379 -1.823261619 2.084116459 -2.455379248 0.000000000 0.000000000 -12.000000000 0.000000000 0.000000000 0.000000000 0.000000000 0.003152426 0.244270861
116.765000000 0.626894534 0.321819425 0.155608505 -0.000060312 0.714977860 0.699140549 0.003017594 -1.861680746 2.053126097 -2.510758400 0.000000000 0.000000000 -12.000000000 0.000000000 0.000000000 0.000000000 0.000000000 0.003167032 0.245657742
116.769000000 0.626829982 0.321180880 0.155367404 -0.000050636 0.714724481 0.699399471 0.003045490 -1.898102403 2.024893522 -2.567492962 0.000000000 0.000000000 -12.000000000 0.000000000 0.000000000 0.000000000 0.000000000 0.003181569 0.247035027
116.774000000 0.626704931 0.320231408 0.154992610 -0.000037151 0.714347720 0.699784100 0.003084574 -1.932478070 1.999537110 -2.625492811 0.000000000 0.000000000 -12.000000000 0.000000000 0.000000000 0.000000000 0.000000000 0.003196082 0.248402908
116.779000000 0.626546800 0.319292247 0.154603079 -0.000024974 0.713975132 0.700164139 0.003120343 -1.964768291 1.977162957 -2.684662104 0.000000000 0.000000000 -12.000000000 0.000000000 0.000000000 0.000000000 0.000000000 0.003210498 0.249761358
116.784000000 0.626424134 0.318671644 0.154336289 -0.000017599 0.713729024 0.700414896 0.003142386 -1.994943380 1.957863569 -2.744901419 0.000000000 0.000000000 -12.000000000 0.000000000 0.000000000 0.000000000 0.000000000 0.003224815 0.251113117
116.789000000 0.626288474 0.318055600 0.154063731 -0.000010769 0.713485122 0.700663269 0.003162833 -2.022980213 1.941717982 -2.806104422 0.000000000 0.000000000 -12.000000000 0.000000000 0.000000000 0.000000000 0.000000000 0.003238928 0.252458066
116.794000000 0.625976324 0.316838115 0.153503105 0.000000952 0.713003218 0.701153457 0.003199408 -2.048859835 1.928792715 -2.868159771 0.000000000 0.000000000 -12.000000000 0.000000000 0.000000000 0.000000000 0.000000000 0.003252964 0.253789306
116.799000000 0.625889659 0.316537112 0.153359458 0.000003497 0.712884188 0.701274455 0.003207520 -2.072567701 1.919141173 -2.930948734 0.000000000 0.000000000 -12.000000000 0.000000000 0.000000000 0.000000000 0.000000000 0.003266995 0.255116582
116.805000000 0.625610709 0.315641284 0.152922168 0.000010172 0.712530077 0.701634109 0.003229736 -2.094093084 1.912803173 -2.994348526 0.000000000 0.000000000 -12.000000000 0.000000000 0.000000000 0.000000000 0.000000000 0.003280920 0.256433070
116.809000000 0.625302017 0.314757645 0.152474493 0.000015373 0.712181151 0.701988220 0.003248465 -2.113429070 1.909804702 -3.058231115 0.000000000 0.000000000 -12.000000000 0.000000000 0.000000000 0.000000000 0.000000000 0.003294776 0.257738084
116.814000000 0.625079393 0.314175785 0.152170688 0.000017981 0.711951375 0.702221215 0.003259033 -2.130573511 1.910157561 -3.122464180 0.000000000 0.000000000 -12.000000000 0.000000000 0.000000000 0.000000000 0.000000000 0.003308524 0.259035230
116.819000000 0.624722898 0.313312560 0.151707560 0.000020715 0.711611569 0.702565491 0.003271952 -2.145529032 1.913859725 -3.186912775 0.000000000 0.000000000 -12.000000000 0.000000000 0.000000000 0.000000000 0.000000000 0.003322156 0.260320902
116.824000000 0.624469101 0.312744439 0.151393935 0.000021732 0.711388171 0.702791691 0.003278551 -2.158302784 1.920894623 -3.251439095 0.000000000 0.000000000 -12.000000000 0.000000000 0.000000000 0.000000000 0.000000000 0.003335672 0.261598319
116.829000000 0.624065161 0.311903089 0.150917262 0.000021927 0.711057782 0.703125954 0.003285613 -2.168906212 1.931232095 -3.315903187 0.000000000 0.000000000 -12.000000000 0.000000000 0.000000000 0.000000000 0.000000000 0.003349079 0.262863606
116.834000000 0.623780489 0.311349392 0.150595620 0.000021193 0.710840762 0.703345299 0.003288400 -2.177356482 1.944827676 -3.380163670 0.000000000 0.000000000 -12.000000000 0.000000000 0.000000000 0.000000000 0.000000000 0.003362375 0.264120847
116.839000000 0.623331606 0.310529381 0.150107995 0.000018880 0.710520148 0.703669131 0.003289667 -2.183676243 1.961623788 -3.444079876 0.000000000 0.000000000 -12.000000000 0.000000000 0.000000000 0.000000000 0.000000000 0.003375546 0.265365928
116.844000000 0.623017430 0.309990138 0.149779812 0.000016470 0.710309684 0.703881621 0.003288612 -2.187892437 1.981549978 -3.507510424 0.000000000 0.000000000 -12.000000000 0.000000000 0.000000000 0.000000000 0.000000000 0.003388608 0.266602755
116.849000000 0.622524559 0.309192240 0.149283096 0.000011637 0.709999204 0.704194844 0.003284103 -2.190036535 2.004523754 -3.570315123 0.000000000 0.000000000 -12.000000000 0.000000000 0.000000000 0.000000000 0.000000000 0.003401560 0.267827421
116.854000000 0.622006655 0.308407187 0.148782149 0.000005330 0.709694922 0.704501510 0.003276195 -2.190144777 2.030451775 -3.632354975 0.000000000 0.000000000 -12.000000000 0.000000000 0.000000000 0.000000000 0.000000000 0.003414501 0.269040018
116.859000000 0.621647537 0.307891250 0.148445934 0.000000343 0.709495604 0.704702258 0.003268966 -2.188256264 2.059229374 -3.693493605 0.000000000 0.000000000 -12.000000000 0.000000000 0.000000000 0.000000000 0.000000000 0.003427334 0.270244509
116.864000000 0.621277392 0.307381123 0.148108467 -0.000005351 0.709299088 0.704900086 0.003260333 -2.184414864 2.090743065 -3.753597260 0.000000000 0.000000000 -12.000000000 0.000000000 0.000000000 0.000000000 0.000000000 0.003440025 0.271440953
116.869000000 0.620701194 0.306627452 0.147600040 -0.000015105 0.709009647 0.705191374 0.003244519 -2.178667784 2.124870300 -3.812536240 0.000000000 0.000000000 -12.000000000 0.000000000 0.000000000 0.000000000 0.000000000 0.003452612 0.272625387
116.874000000 0.620303392 0.306132346 0.147260085 -0.000022434 0.708820105 0.705381870 0.003232161 -2.171066999 2.161479950 -3.870185852 0.000000000 0.000000000 -12.000000000 0.000000000 0.000000000 0.000000000 0.000000000 0.003465126 0.273801953
116.879000000 0.619687080 0.305400819 0.146748856 -0.000034578 0.708541453 0.705661893 0.003210829 -2.161670446 2.200434446 -3.926427126 0.000000000 0.000000000 -12.000000000 0.000000000 0.000000000 0.000000000 0.000000000 0.003477444 0.274961889
116.884000000 0.619047523 0.304682344 0.146234050 -0.000048130 0.708272398 0.705932081 0.003186228 -2.150539398 2.241589308 -3.981147766 0.000000000 0.000000000 -12.000000000 0.000000000 0.000000000 0.000000000 0.000000000 0.003489660 0.276110709
116.889000000 0.618829250 0.304445714 0.146061406 -0.000052923 0.708185196 0.706019580 0.003177265 -2.137739658 2.284794092 -4.034242153 0.000000000 0.000000000 -12.000000000 0.000000000 0.000000000 0.000000000 0.000000000 0.003501778 0.277255952
116.894000000 0.618159831 0.303744018 0.145540804 -0.000068264 0.707931519 0.706274092 0.003148426 -2.123340368 2.329892635 -4.085610867 0.000000000 0.000000000 -12.000000000 0.000000000 0.000000000 0.000000000 0.000000000 0.003513895 0.278390735
116.899000000 0.617467582 0.303055316 0.145017058 -0.000085001 0.707689166 0.706517041 0.003116517 -2.107413530 2.376722813 -4.135161400 0.000000000 0.000000000 -12.000000000 0.000000000 0.000000000 0.000000000 0.000000000 0.003525950 0.279515386
116.904000000 0.616753876 0.302378863 0.144490704 -0.000102927 0.707458317 0.706748366 0.003081543 -2.090034246 2.425119162 -4.182808876 0.000000000 0.000000000 -12.000000000 0.000000000 0.000000000 0.000000000 0.000000000 0.003538134 0.280630738
116.909000000 0.616266847 0.301934332 0.144139186 -0.000115543 0.707310557 0.706896365 0.003056636 -2.071280241 2.474913836 -4.228476524 0.000000000 0.000000000 -12.000000000 0.000000000 0.000000000 0.000000000 0.000000000 0.003550170 0.281740308
116.914000000 0.615770519 0.301495403 0.143786952 -0.000128630 0.707167923 0.707039177 0.003030382 -2.051230192 2.525938272 -4.272093773 0.000000000 0.000000000 -12.000000000 0.000000000 0.000000000 0.000000000 0.000000000 0.003562121 0.282844275
116.919000000 0.615008831 0.300847322 0.143258989 -0.000149346 0.706963003 0.707244217 0.002988787 -2.029963732 2.578024864 -4.313598633 0.000000000 0.000000000 -12.000000000 0.000000000 0.000000000 0.000000000 0.000000000 0.003574174 0.283940375
116.924000000 0.614226520 0.300211936 0.142731532 -0.000171133 0.706769168 0.707438052 0.002944350 -2.007561922 2.631009817 -4.352938175 0.000000000 0.000000000 -12.000000000 0.000000000 0.000000000 0.000000000 0.000000000 0.003586112 0.285029203
116.929000000 0.613693774 0.299795300 0.142381042 -0.000186263 0.706645846 0.707561433 0.002913237 -1.984107375 2.684733152 -4.390070438 0.000000000 0.000000000 -12.000000000 0.000000000 0.000000000 0.000000000 0.000000000 0.003598033 0.286113024
116.934000000 0.613152087 0.299384415 0.142031297 -0.000201802 0.706527412 0.707679808 0.002880876 -1.959685087 2.739040136 -4.424963951 0.000000000 0.000000000 -12.000000000 0.000000000 0.000000000 0.000000000 0.000000000 0.003609883 0.287193000
116.939000000 0.612323701 0.298778415 0.141509742 -0.000226055 0.706358492 0.707848608 0.002830335 -1.934381247 2.793783903 -4.457599640 0.000000000 0.000000000 -12.000000000 0.000000000 0.000000000 0.000000000 0.000000000 0.003621665 0.288268000
116.944000000 0.611760855 0.298381805 0.141164154 -0.000242684 0.706251740 0.707955182 0.002795124 -1.908283234 2.848824739 -4.487969875 0.000000000 0.000000000 -12.000000000 0.000000000 0.000000000 0.000000000 0.000000000 0.003633337 0.289340198
116.949000000 0.610901177 0.297797620 0.140650287 -0.000268503 0.706100166 0.708106577 0.002740404 -1.881477952 2.904032707 -4.516079903 0.000000000 0.000000000 -12.000000000 0.000000000 0.000000000 0.000000000 0.000000000 0.003644975 0.290408909
116.954000000 0.610317945 0.297415584 0.140310705 -0.000286120 0.706004858 0.708201766 0.002702484 -1.854051709 2.959287405 -4.541946411 0.000000000 0.000000000 -12.000000000 0.000000000 0.000000000 0.000000000 0.000000000 0.003656557 0.291475952
116.959000000 0.609428585 0.296853244 0.139803395 -0.000313342 0.705874026 0.708332419 0.002643795 -1.826089382 3.014477491 -4.565599918 0.000000000 0.000000000 -12.000000000 0.000000000 0.000000000 0.000000000 0.000000000 0.003668275 0.292541116
116.964000000 0.608826399 0.296485454 0.139464527 -0.000331863 0.705797076 0.708409190 0.002603388 -1.797672629 3.069499969 -4.587080002 0.000000000 0.000000000 -12.000000000 0.000000000 0.000000000 0.000000000 0.000000000 0.003679919 0.293606132
116.969000000 0.607909620 0.295944035 0.138955578 -0.000360139 0.705697179 0.708508909 0.002541014 -1.768879890 3.124257326 -4.606437683 0.000000000 0.000000000 -12.000000000 0.000000000 0.000000000 0.000000000 0.000000000 0.003691669 0.294671774
116.974000000 0.606977046 0.295415044 0.138447434 -0.000388924 0.705615163 0.708590865 0.002476622 -1.739784956 3.178656816 -4.623732090 0.000000000 0.000000000 -12.000000000 0.000000000 0.000000000 0.000000000 0.000000000 0.003703316 0.295739263
116.979000000 0.606346846 0.295069158 0.138109386 -0.000408372 0.705570281 0.708635628 0.002432724 -1.710456491 3.232609749 -4.639029503 0.000000000 0.000000000 -12.000000000 0.000000000 0.000000000 0.000000000 0.000000000 0.003715291 0.296810389
116.984000000 0.605709970 0.294729054 0.137772501 -0.000428015 0.705533087 0.708672822 0.002388029 -1.680958509 3.286032915 -4.652400970 0.000000000 0.000000000 -12.000000000 0.000000000 0.000000000 0.000000000 0.000000000 0.003727199 0.297884166
116.989000000 0.604742229 0.294230074 0.137269899 -0.000457681 0.705491364 0.708714604 0.002319519 -1.651349902 3.338847876 -4.663926125 0.000000000 0.000000000 -12.000000000 0.000000000 0.000000000 0.000000000 0.000000000 0.003739082 0.298962444
116.994000000 0.603759587 0.293745100 0.136772156 -0.000487639 0.705466092 0.708739936 0.002249353 -1.621685505 3.390983820 -4.673690319 0.000000000 0.000000000 -12.000000000 0.000000000 0.000000000 0.000000000 0.000000000 0.003751179 0.300046474
116.999000000 0.603096724 0.293429375 0.136443213 -0.000507709 0.705458224 0.708747923 0.002201755 -1.592016816 3.442378044 -4.681785583 0.000000000 0.000000000 -12.000000000 0.000000000 0.000000000 0.000000000 0.000000000 0.003763261 0.301135331
117.004000000 0.602427781 0.293119580 0.136116773 -0.000527810 0.705457389 0.708748817 0.002153573 -1.562391639 3.492976427 -4.688312054 0.000000000 0.000000000 -12.000000000 0.000000000 0.000000000 0.000000000 0.000000000 0.003775685 0.302229404
117.009000000 0.601413548 0.292666376 0.135632381 -0.000557951 0.705469012 0.708737493 0.002080136 -1.532854199 3.542733431 -4.693374634 0.000000000 0.000000000 -12.000000000 0.000000000 0.000000000 0.000000000 0.000000000 0.003788104 0.303332150
117.014000000 0.600386441 0.292227566 0.135155186 -0.000588030 0.705495775 0.708711028 0.002005484 -1.503444672 3.591611862 -4.697083473 0.000000000 0.000000000 -12.000000000 0.000000000 0.000000000 0.000000000 0.000000000 0.003800870 0.304444283
117.019000000 0.600386441 0.292227566 0.135155186 -0.000588030 0.705495775 0.708711028 0.002005484 -1.474199176 3.639581203 -4.699552536 0.000000000 0.000000000 -12.000000000 0.000000000 0.000000000 0.000000000 0.000000000 0.003813642 0.305557400
117.024000000 0.598997772 0.291665852 0.134532183 -0.000627947 0.705554187 0.708653092 0.001904199 -1.445149779 3.686619520 -4.700899601 0.000000000 0.000000000 -12.000000000 0.000000000 0.000000000 0.000000000 0.000000000 0.003826137 0.306685209
117.029000000 0.597942173 0.291263461 0.134076774 -0.000657596 0.705614328 0.708593428 0.001826938 -1.416325212 3.732712507 -4.701247215 0.000000000 0.000000000 -12.000000000 0.000000000 0.000000000 0.000000000 0.000000000 0.003838636 0.307824880
117.034000000 0.597232401 0.291003555 0.133776084 -0.000677165 0.705664635 0.708543420 0.001774950 -1.387750626 3.777852774 -4.700722218 0.000000000 0.000000000 -12.000000000 0.000000000 0.000000000 0.000000000 0.000000000 0.003851334 0.308973551
117.039000000 0.596518099 0.290750325 0.133475944 -0.000696523 0.705725074 0.708483398 0.001722635 -1.359447122 3.822037458 -4.699452400 0.000000000 0.000000000 -12.000000000 0.000000000 0.000000000 0.000000000 0.000000000 0.003863824 0.310131550
117.044000000 0.595076501 0.290264696 0.132879391 -0.000734471 0.705875099 0.708334088 0.001617070 -1.331430674 3.865263462 -4.697565556 0.000000000 0.000000000 -12.000000000 0.000000000 0.000000000 0.000000000 0.000000000 0.003876327 0.311308563
117.049000000 0.594713509 0.290147990 0.132731393 -0.000743719 0.705918550 0.708290875 0.001590460 -1.303712487 3.907527685 -4.695188522 0.000000000 0.000000000 -12.000000000 0.000000000 0.000000000 0.000000000 0.000000000 0.003888827 0.312491536
117.054000000 0.593252003 0.289698392 0.132144302 -0.000779948 0.706115484 0.708094716 0.001483829 -1.276298404 3.948826075 -4.692444801 0.000000000 0.000000000 -12.000000000 0.000000000 0.000000000 0.000000000 0.000000000 0.003901346 0.313695461
117.059000000 0.592515886 0.289484799 0.131854549 -0.000797435 0.706227362 0.707983196 0.001430273 -1.249189377 3.989154339 -4.689456463 0.000000000 0.000000000 -12.000000000 0.000000000 0.000000000 0.000000000 0.000000000 0.003913181 0.314911157
117.064000000 0.591776490 0.289278746 0.131567121 -0.000814404 0.706348181 0.707862735 0.001376559 -1.222381473 4.028509140 -4.686340809 0.000000000 0.000000000 -12.000000000 0.000000000 0.000000000 0.000000000 0.000000000 0.003924865 0.316138983
117.069000000 0.590661585 0.288983822 0.131141603 -0.000839061 0.706545472 0.707665980 0.001296030 -1.195865870 4.066888332 -4.683212280 0.000000000 0.000000000 -12.000000000 0.000000000 0.000000000 0.000000000 0.000000000 0.003935590 0.317384839
117.074000000 0.589914858 0.288797200 0.130862147 -0.000854802 0.706687331 0.707524419 0.001242293 -1.169629335 4.104290485 -4.680180073 0.000000000 0.000000000 -12.000000000 0.000000000 0.000000000 0.000000000 0.000000000 0.003946171 0.318643361
117.079000000 0.588790178 0.288532704 0.130449533 -0.000877331 0.706915498 0.707296491 0.001161701 -1.143653631 4.140717030 -4.677348137 0.000000000 0.000000000 -12.000000000 0.000000000 0.000000000 0.000000000 0.000000000 0.003956217 0.319920927
117.084000000 0.588037610 0.288366795 0.130179629 -0.000891596 0.707077265 0.707134843 0.001108072 -1.117916465 4.176171303 -4.674816608 0.000000000 0.000000000 -12.000000000 0.000000000 0.000000000 0.000000000 0.000000000 0.003966091 0.321211785
117.089000000 0.586905241 0.288134396 0.129782721 -0.000911748 0.707334280 0.706877887 0.001027801 -1.092391253 4.210660458 -4.672682762 0.000000000 0.000000000 -12.000000000 0.000000000 0.000000000 0.000000000 0.000000000 0.003975965 0.322522312
117.094000000 0.585769415 0.287921697 0.129396468 -0.000930312 0.707607448 0.706604540 0.000947858 -1.067047596 4.244194508 -4.671037674 0.000000000 0.000000000 -12.000000000 0.000000000 0.000000000 0.000000000 0.000000000 0.003985774 0.323852152
117.099000000 0.585390210 0.287855417 0.129270285 -0.000936127 0.707701981 0.706509888 0.000921272 -1.041850924 4.276787281 -4.669968605 0.000000000 0.000000000 -12.000000000 0.000000000 0.000000000 0.000000000 0.000000000 0.003995582 0.325189710
117.104000000 0.584251106 0.287669957 0.128899589 -0.000952533 0.707995713 0.706215620 0.000842000 -1.016763568 4.308456898 -4.669559002 0.000000000 0.000000000 -12.000000000 0.000000000 0.000000000 0.000000000 0.000000000 0.004005389 0.326547354
117.109000000 0.583110690 0.287506402 0.128540933 -0.000967098 0.708304942 0.705905497 0.000763186 -0.991744399 4.339223385 -4.669887066 0.000000000 0.000000000 -12.000000000 0.000000000 0.000000000 0.000000000 0.000000000 0.004015194 0.327925205
117.114000000 0.581969738 0.287364185 0.128194362 -0.000979758 0.708629370 0.705579937 0.000685022 -0.966749072 4.369110584 -4.671025753 0.000000000 0.000000000 -12.000000000 0.000000000 0.000000000 0.000000000 0.000000000 0.004024995 0.329323322
117.119000000 0.581209242 0.287281483 0.127970368 -0.000987160 0.708853781 0.705354452 0.000633346 -0.941730678 4.398145676 -4.673042774 0.000000000 0.000000000 -12.000000000 0.000000000 0.000000000 0.000000000 0.000000000 0.004034245 0.330735594
117.124000000 0.580449164 0.287208438 0.127752081 -0.000993640 0.709084570 0.705122471 0.000582025 -0.916639984 4.426354885 -4.675997734 0.000000000 0.000000000 -12.000000000 0.000000000 0.000000000 0.000000000 0.000000000 0.004043489 0.332161784
117.129000000 0.579689920 0.287145525 0.127539322 -0.000999135 0.709321797 0.704883873 0.000531005 -0.891425729 4.453766823 -4.679944038 0.000000000 0.000000000 -12.000000000 0.000000000 0.000000000 0.000000000 0.000000000 0.004052556 0.333602071
117.134000000 0.578175426 0.287051618 0.127133071 -0.001007402 0.709814489 0.704387844 0.000430346 -0.866034865 4.480408669 -4.684926510 0.000000000 0.000000000 -12.000000000 0.000000000 0.000000000 0.000000000 0.000000000 0.004061504 0.335068047
117.139000000 0.577420592 0.287020177 0.126939431 -0.001010077 0.710069597 0.704130650 0.000380697 -0.840412438 4.506309509 -4.690983772 0.000000000 0.000000000 -12.000000000 0.000000000 0.000000000 0.000000000 0.000000000 0.004070441 0.336547881
117.144000000 0.576667607 0.286998868 0.126752108 -0.001011725 0.710330307 0.703867674 0.000331534 -0.814501882 4.531496048 -4.698146343 0.000000000 0.000000000 -12.000000000 0.000000000 0.000000000 0.000000000 0.000000000 0.004079367 0.338041216
117.149000000 0.575542510 0.286987066 0.126483098 -0.001012261 0.710731983 0.703462124 0.000258705 -0.788245916 4.555995464 -4.706436634 0.000000000 0.000000000 -12.000000000 0.000000000 0.000000000 0.000000000 0.000000000 0.004088250 0.339553744
117.154000000 0.574796021 0.286993235 0.126312062 -0.001011256 0.711006701 0.703184485 0.000210758 -0.761586785 4.579833031 -4.715868950 0.000000000 0.000000000 -12.000000000 0.000000000 0.000000000 0.000000000 0.000000000 0.004097119 0.341079324
117.159000000 0.573681951 0.287022412 0.126068294 -0.001007875 0.711428404 0.702757835 0.000140052 -0.734466612 4.603031635 -4.726449490 0.000000000 0.000000000 -12.000000000 0.000000000 0.000000000 0.000000000 0.000000000 0.004105971 0.342623413
117.164000000 0.572943747 0.287055969 0.125914201 -0.001004169 0.711716056 0.702466547 0.000093544 -0.706827641 4.625612736 -4.738175869 0.000000000 0.000000000 -12.000000000 0.000000000 0.000000000 0.000000000 0.000000000 0.004114807 0.344175100
117.169000000 0.571843684 0.287126720 0.125696272 -0.000996691 0.712156653 0.702019870 0.000025103 -0.678613007 4.647594452 -4.751036644 0.000000000 0.000000000 -12.000000000 0.000000000 0.000000000 0.000000000 0.000000000 0.004123625 0.345749408
117.174000000 0.571115851 0.287188262 0.125559598 -0.000990217 0.712456524 0.701715529 -0.000019828 -0.649767101 4.668992996 -4.765012264 0.000000000 0.000000000 -12.000000000 0.000000000 0.000000000 0.000000000 0.000000000 0.004132423 0.347335547
117.179000000 0.570032895 0.287301660 0.125367850 -0.000978488 0.712915063 0.701249719 -0.000085886 -0.620235682 4.689820290 -4.780075073 0.000000000 0.000000000 -12.000000000 0.000000000 0.000000000 0.000000000 0.000000000 0.004141231 0.348938137
117.184000000 0.569317341 0.287391633 0.125249013 -0.000969291 0.713226438 0.700933039 -0.000129050 -0.589966238 4.710085869 -4.796187878 0.000000000 0.000000000 -12.000000000 0.000000000 0.000000000 0.000000000 0.000000000 0.004150019 0.350551575
117.189000000 0.568254590 0.287548184 0.125084132 -0.000953327 0.713701785 0.700449049 -0.000192483 -0.558908343 4.729796410 -4.813307285 0.000000000 0.000000000 -12.000000000 0.000000000 0.000000000 0.000000000 0.000000000 0.004158784 0.352180123
117.194000000 0.567553818 0.287667513 0.124983706 -0.000941301 0.714023948 0.700120628 -0.000233843 -0.527013838 4.748954296 -4.831382751 0.000000000 0.000000000 -12.000000000 0.000000000 0.000000000 0.000000000 0.000000000 0.004167544 0.353818744
117.199000000 0.566514492 0.287867874 0.124846041 -0.000921115 0.714515150 0.699619293 -0.000294552 -0.494236618 4.767561436 -4.850355625 0.000000000 0.000000000 -12.000000000 0.000000000 0.000000000 0.000000000 0.000000000 0.004176280 0.355471194
117.204000000 0.565491259 0.288095504 0.124725208 -0.000898362 0.715015531 0.699107945 -0.000353524 -0.460533172 4.785614967 -4.870163441 0.000000000 0.000000000 -12.000000000 0.000000000 0.000000000 0.000000000 0.000000000 0.004185078 0.357133806
117.209000000 0.564817786 0.288261235 0.124653190 -0.000881755 0.715354025 0.698761582 -0.000391945 -0.425862908 4.803111076 -4.890736580 0.000000000 0.000000000 -12.000000000 0.000000000 0.000000000 0.000000000 0.000000000 0.004193851 0.358804077
117.215000000 0.564151764 0.288438559 0.124588460 -0.000864100 0.715696275 0.698410988 -0.000429468 -0.390189588 4.820041656 -4.911999226 0.000000000 0.000000000 -12.000000000 0.000000000 0.000000000 0.000000000 0.000000000 0.004202601 0.360480934
117.219000000 0.563167632 0.288726389 0.124504507 -0.000835499 0.716216803 0.697877228 -0.000484277 -0.353482217 4.836394787 -4.933869362 0.000000000 0.000000000 -12.000000000 0.000000000 0.000000000 0.000000000 0.000000000 0.004211326 0.362167239
117.224000000 0.563167632 0.288726389 0.124504507 -0.000835499 0.716216803 0.697877228 -0.000484277 -0.315715283 4.852155685 -4.956257343 0.000000000 0.000000000 -12.000000000 0.000000000 0.000000000 0.000000000 0.000000000 0.004220027 0.363853544
117.229000000 0.561568737 0.289263219 0.124399349 -0.000782407 0.717102349 0.696967244 -0.000571484 -0.276869267 4.867304325 -4.979067802 0.000000000 0.000000000 -12.000000000 0.000000000 0.000000000 0.000000000 0.000000000 0.004228758 0.365553916
117.234000000 0.560944080 0.289497644 0.124368832 -0.000759251 0.717462838 0.696596146 -0.000605008 -0.236931756 4.881817818 -5.002199650 0.000000000 0.000000000 -12.000000000 0.000000000 0.000000000 0.000000000 0.000000000 0.004237466 0.367259264
117.239000000 0.560024321 0.289870173 0.124335803 -0.000722661 0.718009591 0.696032524 -0.000653607 -0.195897922 4.895668507 -5.025544643 0.000000000 0.000000000 -12.000000000 0.000000000 0.000000000 0.000000000 0.000000000 0.004246114 0.368971407
117.244000000 0.559423327