x y z nx ny nz
6.045982837677001953e-01 -1.781379431486129761e-01 2.342806160449981689e-01 5.915652588009834290e-02 -3.120215423405170441e-02 2.641379646956920624e-02 3.938422689548518596e-01 -8.123822546059067395e-02 -9.155810274937484783e-01
6.084027290344238281e-01 -1.803422570228576660e-01 2.359962612390518188e-01 9.302096813917160034e-02 -5.697068944573402405e-02 4.221192747354507446e-02 3.783965480609737253e-01 -1.079487652459353852e-01 -9.193275349381292427e-01
6.135060191154479980e-01 -1.836470514535903931e-01 2.382773011922836304e-01 1.111103966832160950e-01 -7.522119581699371338e-02 4.902983084321022034e-02 3.783965480609737253e-01 -1.079487652459353852e-01 -9.193275349381292427e-01
6.192143559455871582e-01 -1.877051740884780884e-01 2.407249212265014648e-01 1.172230616211891174e-01 -8.710368722677230835e-02 4.887513816356658936e-02 3.761929295959387520e-01 -5.763676181547956051e-02 -9.247469293852511596e-01
6.250212788581848145e-01 -1.922229528427124023e-01 2.430402934551239014e-01 1.150527670979499817e-01 -9.360742568969726562e-02 4.373981431126594543e-02 2.785504478824472052e-01 -7.625846155922899605e-02 -9.573893121521189764e-01
6.305860877037048340e-01 -1.969454884529113770e-01 2.450177520513534546e-01 1.075401753187179565e-01 -9.529394656419754028e-02 3.535861894488334656e-02 2.225704629657354883e-01 -5.946822796317772358e-02 -9.731011863501850545e-01
6.357075572013854980e-01 -2.016463875770568848e-01 2.465366423130035400e-01 9.731819480657577515e-02 -9.274194389581680298e-02 2.539669536054134369e-02 1.485044233360744426e-01 -2.558978773083836131e-02 -9.885805981362929540e-01
6.403073072433471680e-01 -2.061266154050827026e-01 2.475552707910537720e-01 8.667241036891937256e-02 -8.646710962057113647e-02 1.534838788211345673e-02 8.777753187103173871e-02 9.608639506034497013e-02 -9.914950880266313327e-01
6.444061398506164551e-01 -2.102028876543045044e-01 2.480982840061187744e-01 7.728021591901779175e-02 -7.658401876688003540e-02 6.372264120727777481e-03 2.498588546439389768e-02 1.236865865955769223e-01 -9.920067206535927440e-01
6.480982899665832520e-01 -2.136930972337722778e-01 2.482374906539916992e-01 7.040628045797348022e-02 -6.302420794963836670e-02 -8.040341199375689030e-04 -8.502340903974952126e-04 7.693997587370350610e-02 -9.970353640731833833e-01
6.515291929244995117e-01 -2.164180725812911987e-01 2.480662018060684204e-01 6.682864576578140259e-02 -4.597450047731399536e-02 -6.047677714377641678e-03 -2.023982075012119991e-02 -1.069994819347014764e-01 -9.940530471356688880e-01
6.548613309860229492e-01 -2.182199954986572266e-01 2.476726621389389038e-01 6.645775586366653442e-02 -2.610269188880920410e-02 -9.693768806755542755e-03 -2.023982075012119991e-02 -1.069994819347014764e-01 -9.940530471356688880e-01
6.582298278808593750e-01 -2.189873456954956055e-01 2.471255213022232056e-01 6.828196346759796143e-02 -4.591610748320817947e-03 -1.219213288277387619e-02 -5.664560096004782330e-02 -1.198425303916642176e-01 -9.911755867651290686e-01
6.617055535316467285e-01 -2.186769396066665649e-01 2.464747279882431030e-01 7.074628770351409912e-02 1.700790412724018097e-02 -1.383939757943153381e-02 -5.664560096004782330e-02 -1.198425303916642176e-01 -9.911755867651290686e-01
6.652806997299194336e-01 -2.173245549201965332e-01 2.457598447799682617e-01 7.226046174764633179e-02 3.708777576684951782e-02 -1.475611608475446701e-02 -9.850344256993751046e-02 -1.175967215659363685e-01 -9.881639959423814679e-01
6.688780188560485840e-01 -2.150391191244125366e-01 2.450170367956161499e-01 7.163152843713760376e-02 5.432988330721855164e-02 -1.495627593249082565e-02 -8.063405664165584907e-02 -1.668633996003055509e-01 -9.826773401179752510e-01
6.723757982254028320e-01 -2.119814604520797729e-01 2.442824542522430420e-01 6.828018277883529663e-02 6.797622144222259521e-02 -1.442725304514169693e-02 -8.063405664165584907e-02 -1.668633996003055509e-01 -9.826773401179752510e-01
6.756386160850524902e-01 -2.083339244127273560e-01 2.435915321111679077e-01 6.223277375102043152e-02 7.792492955923080444e-02 -1.320953201502561569e-02 -9.793122419778345356e-02 -1.017576437349923119e-01 -9.899772003771731832e-01
6.785434484481811523e-01 -2.042704969644546509e-01 2.429750114679336548e-01 5.395965650677680969e-02 8.461235463619232178e-02 -1.145143993198871613e-02 -1.221491206798659690e-01 -4.432751033307929384e-02 -9.915213886461584636e-01
6.809957623481750488e-01 -1.999363452196121216e-01 2.424542605876922607e-01 4.413240030407905579e-02 8.875386416912078857e-02 -9.378330782055854797e-03 -1.680286829431353879e-01 -7.247030516078853402e-02 -9.831146507789910727e-01
6.829344034194946289e-01 -1.954407244920730591e-01 2.420388162136077881e-01 3.341407701373100281e-02 9.107073396444320679e-02 -7.239707279950380325e-03 -2.275334313181316681e-01 -2.323030950594577246e-02 -9.734931383172944486e-01
6.843282580375671387e-01 -1.908617466688156128e-01 2.417268306016921997e-01 2.233979105949401855e-02 9.208863973617553711e-02 -5.239627324044704437e-03 -2.505224764756788791e-01 -3.237728626091625900e-02 -9.675692223881823262e-01
6.851691603660583496e-01 -1.862574517726898193e-01 2.415085434913635254e-01 1.129590440541505814e-02 9.208308905363082886e-02 -3.491904586553573608e-03 -2.661226605660506617e-01 -1.139173990548956322e-02 -9.638718575584475090e-01
6.854652166366577148e-01 -1.816767305135726929e-01 2.413704246282577515e-01 5.460039828903973103e-04 9.114566445350646973e-02 -2.032928867265582085e-03 -2.651205849468349363e-01 -4.928472956027689670e-04 -9.642151380978165598e-01
6.852356195449829102e-01 -1.771661937236785889e-01 2.412980943918228149e-01 -9.730683639645576477e-03 8.927602320909500122e-02 -8.601220906712114811e-04 -2.697570485048493283e-01 -8.997799115474798895e-03 -9.628863766774508059e-01
6.845077276229858398e-01 -1.727722287178039551e-01 2.412773519754409790e-01 -1.938473433256149292e-02 8.648262172937393188e-02 3.056706191273406148e-05 -2.142266691422788083e-01 -6.483542654136426053e-02 -9.746298280328813401e-01
6.833173632621765137e-01 -1.685385853052139282e-01 2.412953823804855347e-01 -2.822908945381641388e-02 8.286304771900177002e-02 6.905894260853528976e-04 -1.492622550721971197e-01 -1.488622457061009874e-01 -9.775279080476928506e-01
6.817116737365722656e-01 -1.645010858774185181e-01 2.413428574800491333e-01 -3.599770739674568176e-02 7.863698899745941162e-02 1.208623521961271763e-03 -1.476036882782183757e-01 -1.374255271824522950e-01 -9.794525898088645155e-01
6.797538995742797852e-01 -1.606820523738861084e-01 2.414159476757049561e-01 -4.231289401650428772e-02 7.412441074848175049e-02 1.714700716547667980e-03 -1.766065937633356508e-01 -7.458030439342429319e-02 -9.814519291508352339e-01
6.775287985801696777e-01 -1.570870876312255859e-01 2.415167540311813354e-01 -4.669198021292686462e-02 6.967430561780929565e-02 2.317679347470402718e-03 -2.221603901070443587e-01 2.699704492828713595e-02 -9.746363017200959655e-01
6.751464009284973145e-01 -1.537058651447296143e-01 2.416485995054244995e-01 -4.860309138894081116e-02 6.557453423738479614e-02 2.956130774691700935e-03 -1.685592281523742575e-01 -1.222327682995816983e-02 -9.856157355208032822e-01
6.727433204650878906e-01 -1.505170911550521851e-01 2.418074905872344971e-01 -4.751901701092720032e-02 6.197613850235939026e-02 3.399461274966597557e-03 -1.412535474397228763e-01 -2.038015338118473810e-02 -9.897636509196795496e-01
6.704798340797424316e-01 -1.474958062171936035e-01 2.419765144586563110e-01 -4.301965609192848206e-02 5.887530371546745300e-02 3.361209528520703316e-03 -8.594370328018222094e-02 -5.147460576509303720e-02 -9.949693687877111392e-01
6.685311198234558105e-01 -1.446193605661392212e-01 2.421282529830932617e-01 -3.492951765656471252e-02 5.618225783109664917e-02 2.708057407289743423e-03 -8.574539658036459122e-02 -4.040151967489236801e-03 -9.963088899208696336e-01
6.670711636543273926e-01 -1.418687254190444946e-01 2.422335445880889893e-01 -2.346761524677276611e-02 5.384343490004539490e-02 1.503497478552162647e-03 -8.574539658036459122e-02 -4.040151967489236801e-03 -9.963088899208696336e-01
6.662504673004150391e-01 -1.392238140106201172e-01 2.422681301832199097e-01 -9.361085481941699982e-03 5.195309966802597046e-02 -1.199497783090919256e-04 -8.697175454636095482e-02 1.843848135807398675e-02 -9.960401278634989364e-01
6.661708354949951172e-01 -1.366547346115112305e-01 2.422153055667877197e-01 6.176494993269443512e-03 5.081026628613471985e-02 -1.992998877540230751e-03 -7.797937188662380781e-02 2.206216693895254183e-03 -9.969525315510600061e-01
6.668652296066284180e-01 -1.341123282909393311e-01 2.420680671930313110e-01 2.159997448325157166e-02 5.088568851351737976e-02 -3.896725131198763847e-03 -1.046474244892958427e-01 -1.112664399097572018e-02 -9.944471400427753460e-01
6.682863831520080566e-01 -1.315227299928665161e-01 2.418303340673446655e-01 3.524526581168174744e-02 5.269814655184745789e-02 -5.612709093838930130e-03 -9.564290211011319820e-02 -7.829448954785414930e-03 -9.953849180106255634e-01
6.703068017959594727e-01 -1.287898719310760498e-01 2.415156811475753784e-01 4.557238146662712097e-02 5.661623924970626831e-02 -6.973247975111007690e-03 -1.008057014569568449e-01 -1.349286574145081409e-03 -9.949052165797059866e-01
6.727308034896850586e-01 -1.258090883493423462e-01 2.411450892686843872e-01 5.138712003827095032e-02 6.261533498764038086e-02 -7.850432768464088440e-03 -1.314345168354998372e-01 6.954626051140781924e-03 -9.913004594766953170e-01
6.753147244453430176e-01 -1.224924847483634949e-01 2.407455444335937500e-01 5.196956172585487366e-02 7.004868984222412109e-02 -8.131418377161026001e-03 -1.712430586133864008e-01 -1.570542882519514877e-02 -9.851036262140897559e-01
6.777917146682739258e-01 -1.188030168414115906e-01 2.403497695922851562e-01 4.710987582802772522e-02 7.752987742424011230e-02 -7.699377369135618210e-03 -1.719186894285338885e-01 -3.874690575663095743e-02 -9.843488413755878685e-01
6.798971295356750488e-01 -1.147884950041770935e-01 2.399951368570327759e-01 3.710617497563362122e-02 8.305088430643081665e-02 -6.485745776444673538e-03 -1.943817567619849918e-01 -6.441474658938377285e-02 -9.788087009512891346e-01
6.813944578170776367e-01 -1.106026247143745422e-01 2.397191822528839111e-01 2.278708480298519135e-02 8.438397943973541260e-02 -4.552685189992189407e-03 -2.167690782856288856e-01 -9.620052956638307229e-02 -9.714713710698563709e-01
6.821023225784301758e-01 -1.065012365579605103e-01 2.395532578229904175e-01 5.526845809072256088e-03 7.967165112495422363e-02 -2.084411680698394775e-03 -2.486932330302123739e-01 -9.285406372149875021e-02 -9.641212572562561922e-01
6.819188594818115234e-01 -1.028099581599235535e-01 2.395174801349639893e-01 -1.286621205508708954e-02 6.797952950000762939e-02 6.535833235830068588e-04 -2.701149535697524584e-01 -6.084806101254913724e-02 -9.609034422495444927e-01
6.808361411094665527e-01 -9.987066686153411865e-02 2.396165132522583008e-01 -3.044226951897144318e-02 4.959214851260185242e-02 3.307932522147893906e-03 -2.673055471414650386e-01 -5.023010813693574300e-02 -9.623017617680816871e-01
6.789385080337524414e-01 -9.798115491867065430e-02 2.398360967636108398e-01 -4.546394199132919312e-02 2.598821744322776794e-02 5.475599784404039383e-03 -2.675107408036442869e-01 -4.582217153182350372e-02 -9.624647173526900135e-01
6.763841509819030762e-01 -9.734196215867996216e-02 2.401436716318130493e-01 -5.670964717864990234e-02 -4.204532015137374401e-04 6.827108561992645264e-03 -2.557697374792736178e-01 -4.279138916144967913e-02 -9.657902144883311335e-01
6.733741164207458496e-01 -9.801941365003585815e-02 2.404946535825729370e-01 -6.369090080261230469e-02 -2.667759358882904053e-02 7.212284486740827560e-03 -2.136712796647863843e-01 -3.255812840842404327e-02 -9.763629204957309238e-01
6.701133251190185547e-01 -9.992948919534683228e-02 2.408423125743865967e-01 -6.674040853977203369e-02 -4.972557350993156433e-02 6.693953182548284531e-03 -1.560076761265579148e-01 -3.063510825096413606e-02 -9.872806567182620396e-01
6.667733192443847656e-01 -1.028445139527320862e-01 2.411476373672485352e-01 -6.686014682054519653e-02 -6.687544286251068115e-02 5.518787074834108353e-03 -8.525313883481654142e-02 -5.826796390419641120e-02 -9.946540839403770207e-01
6.634702682495117188e-01 -1.064218506217002869e-01 2.413866668939590454e-01 -6.526092439889907837e-02 -7.621806114912033081e-02 4.042574670165777206e-03 -2.128349435383786875e-02 -6.629191353574423462e-02 -9.975732529823859718e-01
6.602692604064941406e-01 -1.102485805749893188e-01 2.415535002946853638e-01 -6.277938932180404663e-02 -7.685109227895736694e-02 2.630825620144605637e-03 3.120327250382348011e-02 2.900485845870763926e-02 -9.990921248657916864e-01
6.572114229202270508e-01 -1.138934642076492310e-01 2.416589558124542236e-01 -5.953311920166015625e-02 -6.894414126873016357e-02 1.587252132594585419e-03 7.188549907823543750e-02 3.930976420704710567e-02 -9.966379570627736939e-01
6.543462872505187988e-01 -1.169594600796699524e-01 2.417260259389877319e-01 -5.507287755608558655e-02 -5.369558557868003845e-02 1.095781917683780193e-03 3.729586042907061944e-02 3.635268967470293294e-02 -9.986428294171394437e-01
6.517483592033386230e-01 -1.191308274865150452e-01 2.417829036712646484e-01 -4.884474724531173706e-02 -3.315903246402740479e-02 1.179031794890761375e-03 3.722872837722986106e-02 2.284716150599595819e-02 -9.990455590174720513e-01
6.495112180709838867e-01 -1.202082931995391846e-01 2.418542504310607910e-01 -4.063993692398071289e-02 -9.939578361809253693e-03 1.674781786277890205e-03 2.220569797273523258e-02 3.952921088452444887e-02 -9.989716454746803143e-01
6.477249860763549805e-01 -1.201257705688476562e-01 2.419535964727401733e-01 -3.080983832478523254e-02 1.324052736163139343e-02 2.299099229276180267e-03 1.807427591518448104e-02 7.106629255722794747e-02 -9.973078274085248607e-01
6.464487314224243164e-01 -1.189450249075889587e-01 2.420789897441864014e-01 -2.024004794657230377e-02 3.398928046226501465e-02 2.716500777751207352e-03 1.807427591518448104e-02 7.106629255722794747e-02 -9.973078274085248607e-01
6.456866860389709473e-01 -1.168314963579177856e-01 2.422120422124862671e-01 -1.024181675165891647e-02 5.055199563503265381e-02 2.605669433251023293e-03 -2.375528862617986778e-02 8.698081324884192334e-02 -9.959267163736783557e-01
6.453708410263061523e-01 -1.140183582901954651e-01 2.423216402530670166e-01 -2.391939982771873474e-03 6.197341904044151306e-02 1.778548350557684898e-03 -5.822882110870288702e-02 7.551279213407467716e-02 -9.954432292272658023e-01
6.453544497489929199e-01 -1.107659488916397095e-01 2.423711121082305908e-01 1.736683305352926254e-03 6.812293827533721924e-02 2.000498207053169608e-04 -2.724211174561721668e-02 7.762376394869163754e-02 -9.966104648337168470e-01
6.454219818115234375e-01 -1.073246896266937256e-01 2.423253953456878662e-01 9.640175849199295044e-04 6.952739506959915161e-02 -2.028885297477245331e-03 -3.460755940685179832e-02 -4.556953452979022219e-03 -9.993905898121756559e-01
6.453176140785217285e-01 -1.039107367396354675e-01 2.421562671661376953e-01 -5.138370674103498459e-03 6.703066080808639526e-02 -4.736079368740320206e-03 9.399843815732479568e-03 -7.959787252538277902e-02 -9.967827354161351572e-01
6.447882056236267090e-01 -1.006987169384956360e-01 2.418452799320220947e-01 -1.603756099939346313e-02 6.145021691918373108e-02 -7.703577633947134018e-03 8.721082686065440015e-02 -1.312290256903021479e-01 -9.875085895791767543e-01
6.436298489570617676e-01 -9.782771766185760498e-02 2.413865029811859131e-01 -3.029572218656539917e-02 5.338977277278900146e-02 -1.064775325357913971e-02 8.721082686065440015e-02 -1.312290256903021479e-01 -9.875085895791767543e-01
6.417267918586730957e-01 -9.541104733943939209e-02 2.407887130975723267e-01 -4.582571610808372498e-02 4.327696934342384338e-02 -1.326398923993110657e-02 1.664630074010846894e-01 -9.299804920477335035e-02 -9.816523977503915921e-01
6.390757560729980469e-01 -9.354109317064285278e-02 2.400771081447601318e-01 -6.021532416343688965e-02 3.152127191424369812e-02 -1.520038582384586334e-02 2.184038876753464364e-01 -7.951178986732068688e-02 -9.726138067693620437e-01
6.357921361923217773e-01 -9.228816628456115723e-02 2.392946481704711914e-01 -7.112877070903778076e-02 1.859594881534576416e-02 -1.609823852777481079e-02 2.238264157249568731e-01 -7.647413840081741798e-02 -9.716241257696164313e-01
6.320978403091430664e-01 -9.169689565896987915e-02 2.384993880987167358e-01 -7.664274424314498901e-02 5.054828710854053497e-03 -1.571224443614482880e-02 2.236709660975536029e-01 -9.270846805227872522e-02 -9.702455559673472951e-01
6.282944679260253906e-01 -9.178131818771362305e-02 2.377576678991317749e-01 -7.549299299716949463e-02 -8.431618101894855499e-03 -1.395664084702730179e-02 1.848649667801622876e-01 -1.088837330647876300e-01 -9.767135080100231015e-01
6.247249841690063477e-01 -9.251971542835235596e-02 2.371356487274169922e-01 -6.728734821081161499e-02 -2.110440842807292938e-02 -1.092422008514404297e-02 1.405495017292188176e-01 -1.100530251303604573e-01 -9.839380921690776827e-01
6.217261552810668945e-01 -9.385254234075546265e-02 2.366893142461776733e-01 -5.266685783863067627e-02 -3.220858052372932434e-02 -6.929378956556320190e-03 1.282864625640607881e-01 -9.878195525993103965e-02 -9.868053044222171444e-01
6.195759773254394531e-01 -9.568637609481811523e-02 2.364557534456253052e-01 -3.333962336182594299e-02 -4.114469885826110840e-02 -2.412883331999182701e-03 1.454556428089116005e-01 -6.501167918487628372e-02 -9.872264874599996354e-01
6.184449195861816406e-01 -9.790706634521484375e-02 2.364493459463119507e-01 -1.190234534442424774e-02 -4.768276587128639221e-02 2.156494185328483582e-03 1.460222533085611951e-01 -5.185950847224549132e-02 -9.879210965040211567e-01
6.183620691299438477e-01 -1.004022732377052307e-01 2.366614639759063721e-01 8.588303811848163605e-03 -5.212564393877983093e-02 6.328495685011148453e-03 1.861023067272645493e-01 -3.946327681617643746e-02 -9.817375317322450945e-01
6.192104816436767578e-01 -1.030880659818649292e-01 2.370632737874984741e-01 2.534830197691917419e-02 -5.530590936541557312e-02 9.744192473590373993e-03 1.712938804586621178e-01 -5.237090522634686024e-02 -9.838270654953474859e-01
6.207553744316101074e-01 -1.059318333864212036e-01 2.376096695661544800e-01 3.644829615950584412e-02 -5.844483897089958191e-02 1.211158465594053268e-02 1.743619725481839466e-01 -6.297759121271305494e-02 -9.826656224434385800e-01
6.226927042007446289e-01 -1.089640110731124878e-01 2.382443994283676147e-01 4.104548320174217224e-02 -6.284227967262268066e-02 1.327740494161844254e-02 2.335921663164868545e-01 -7.984591156598229433e-02 -9.690507366695347846e-01
6.247048377990722656e-01 -1.122706606984138489e-01 2.389083355665206909e-01 3.943955898284912109e-02 -6.942374259233474731e-02 1.328032370656728745e-02 2.252061366171363155e-01 -3.434694008127347348e-02 -9.737055426231469024e-01
6.265094876289367676e-01 -1.159658357501029968e-01 2.395471632480621338e-01 3.274546191096305847e-02 -7.838330417871475220e-02 1.227276865392923355e-02 1.948715345720218595e-01 -5.757802721665952923e-03 -9.808118742752677255e-01
6.278887391090393066e-01 -1.201514899730682373e-01 2.401174455881118774e-01 2.242360822856426239e-02 -8.904281258583068848e-02 1.053846906870603561e-02 1.221335853099010521e-01 2.752404358883782029e-02 -9.921319541078540416e-01
6.287004947662353516e-01 -1.248785927891731262e-01 2.405892610549926758e-01 1.004550419747829437e-02 -1.000414416193962097e-01 8.334277197718620300e-03 5.694430218244065506e-02 -1.667956959042758008e-02 -9.982380169104124734e-01
6.288827657699584961e-01 -1.301263719797134399e-01 2.409452050924301147e-01 -2.753888256847858429e-03 -1.098695695400238037e-01 5.903501063585281372e-03 1.181102861497841244e-01 9.989980893417889016e-03 -9.929502306688715585e-01
6.284515857696533203e-01 -1.358122229576110840e-01 2.411822825670242310e-01 -1.449401397258043289e-02 -1.175644546747207642e-01 3.579684533178806305e-03 9.700597509292772924e-02 3.379819846745844153e-02 -9.947097680100587258e-01
6.274808049201965332e-01 -1.418301761150360107e-01 2.413099408149719238e-01 -2.433615177869796753e-02 -1.231535822153091431e-01 1.526497537270188332e-03 1.232072609362799553e-01 6.840575890320110819e-02 -9.900205164538039559e-01
6.260602474212646484e-01 -1.480940282344818115e-01 2.413361221551895142e-01 -3.248614817857742310e-02 -1.274005770683288574e-01 -4.794353735633194447e-04 1.415130616688128340e-01 4.785880534492607113e-02 -9.887788368113847870e-01
6.242477893829345703e-01 -1.545540690422058105e-01 2.412505149841308594e-01 -4.001101478934288025e-02 -1.310009509325027466e-01 -2.945075044408440590e-03 1.185572552306465993e-01 -1.963995842919772084e-01 -9.733300470652869185e-01
6.220455169677734375e-01 -1.611752659082412720e-01 2.410208135843276978e-01 -4.807917773723602295e-02 -1.338468641042709351e-01 -6.242828443646430969e-03 1.520810276914318915e-01 -1.223048064618939557e-01 -9.807715816287891908e-01
6.194160580635070801e-01 -1.678908616304397583e-01 2.406044304370880127e-01 -5.709846690297126770e-02 -1.347771137952804565e-01 -1.041220407932996750e-02 2.825749045844974661e-01 4.231170844480221238e-02 -9.583116103990101387e-01
6.163278818130493164e-01 -1.745571494102478027e-01 2.399634867906570435e-01 -6.642968952655792236e-02 -1.318745464086532593e-01 -1.522571220993995667e-02 3.603258880318395141e-01 2.762211830603342536e-02 -9.324174349465768064e-01
6.127982735633850098e-01 -1.809329986572265625e-01 2.390762418508529663e-01 -7.475542277097702026e-02 -1.231593638658523560e-01 -2.026436664164066315e-02 3.783965480609737253e-01 -1.079487652459353852e-01 -9.193275349381292427e-01
6.089116930961608887e-01 -1.866988837718963623e-01 2.379423379898071289e-01 -8.070735633373260498e-02 -1.074759662151336670e-01 -2.509201131761074066e-02 3.783965480609737253e-01 -1.079487652459353852e-01 -9.193275349381292427e-01
6.048104166984558105e-01 -1.915108114480972290e-01 2.365846484899520874e-01 -8.334445953369140625e-02 -8.500095456838607788e-02 -2.921557612717151642e-02 5.225131764493414765e-01 -4.678195844420685728e-02 -8.513468322598868321e-01
6.006734967231750488e-01 -1.950607597827911377e-01 2.350534349679946899e-01 -8.213282376527786255e-02 -5.699688941240310669e-02 -3.203298896551132202e-02 5.225131764493414765e-01 -4.678195844420685728e-02 -8.513468322598868321e-01
5.966997146606445312e-01 -1.971209198236465454e-01 2.334278225898742676e-01 -7.681854069232940674e-02 -2.540975995361804962e-02 -3.299152106046676636e-02 5.190856381005173326e-01 -4.402309128721965809e-02 -8.535877621834182527e-01
5.930914282798767090e-01 -1.975727826356887817e-01 2.318058460950851440e-01 -6.751199066638946533e-02 7.335284259170293808e-03 -3.188777714967727661e-02 5.190856381005173326e-01 -4.402309128721965809e-02 -8.535877621834182527e-01
5.900316834449768066e-01 -1.964248567819595337e-01 2.302842587232589722e-01 -5.487781390547752380e-02 3.858176991343498230e-02 -2.897562272846698761e-02 4.648134753933718111e-01 -1.572848874781321293e-02 -8.852689126657757868e-01
5.876548290252685547e-01 -1.938141733407974243e-01 2.289387732744216919e-01 -4.019710421562194824e-02 6.584562361240386963e-02 -2.484392933547496796e-02 4.459001432973491164e-01 1.836875127280876430e-02 -8.948942122854975922e-01
5.860196948051452637e-01 -1.899858266115188599e-01 2.278112173080444336e-01 -2.520908415317535400e-02 8.728823810815811157e-02 -2.025817520916461945e-02 4.459001432973491164e-01 1.836875127280876430e-02 -8.948942122854975922e-01
5.850943922996520996e-01 -1.852514743804931641e-01 2.269071936607360840e-01 -1.180368382483720779e-02 1.020856499671936035e-01 -1.590248011052608490e-02 4.568136121905648772e-01 -3.139033551021092050e-02 -8.890084198431218443e-01
5.847616195678710938e-01 -1.799383610486984253e-01 2.262051105499267578e-01 -1.506709842942655087e-03 1.104391142725944519e-01 -1.218056306242942810e-02 4.616110797624549678e-01 -1.172052242457381765e-01 -8.793054909688933218e-01
5.848506093025207520e-01 -1.743481606245040894e-01 2.256713211536407471e-01 5.066342651844024658e-03 1.131687015295028687e-01 -9.171140380203723907e-03 4.577446919977726791e-01 -1.235463219287718933e-01 -8.804578941004143067e-01
5.851866006851196289e-01 -1.687373220920562744e-01 2.252771407365798950e-01 8.373479358851909637e-03 1.112647652626037598e-01 -6.596202030777931213e-03 4.577446919977726791e-01 -1.235463219287718933e-01 -8.804578941004143067e-01
5.856385827064514160e-01 -1.633116602897644043e-01 2.250140607357025146e-01 9.704931639134883881e-03 1.057615056633949280e-01 -3.926703706383705139e-03 6.349398323167978475e-01 -8.913996319654812761e-02 -7.674017698030376478e-01
5.861493349075317383e-01 -1.582221239805221558e-01 2.249000072479248047e-01 1.072407886385917664e-02 9.781967103481292725e-02 -6.355940131470561028e-04 6.349398323167978475e-01 -8.913996319654812761e-02 -7.674017698030376478e-01
5.867415070533752441e-01 -1.535601019859313965e-01 2.249736040830612183e-01 1.296248845756053925e-02 8.866119384765625000e-02 3.579470794647932053e-03 6.677217225386911092e-01 -6.473386542149402179e-02 -7.415910112154509015e-01
5.875006914138793945e-01 -1.493615210056304932e-01 2.252807766199111938e-01 1.740482077002525330e-02 7.928221672773361206e-02 8.707373403012752533e-03 6.677217225386911092e-01 -6.473386542149402179e-02 -7.415910112154509015e-01
5.885452628135681152e-01 -1.456252783536911011e-01 2.258584946393966675e-01 2.437873184680938721e-02 7.016749680042266846e-02 1.440135482698678970e-02 6.709152286026792700e-01 1.915323719307025210e-03 -7.415315823092530900e-01
5.899951457977294922e-01 -1.423404514789581299e-01 2.267184555530548096e-01 3.361732885241508484e-02 6.122567132115364075e-02 1.999701932072639465e-02 6.709152286026792700e-01 1.915323719307025210e-03 -7.415315823092530900e-01
5.919429063796997070e-01 -1.395097076892852783e-01 2.278361022472381592e-01 4.429359361529350281e-02 5.200421065092086792e-02 2.470891177654266357e-02 6.663850238419313232e-01 -1.663612064859231951e-02 -7.454221887541004898e-01
5.944305658340454102e-01 -1.371602565050125122e-01 2.291526049375534058e-01 5.521291494369506836e-02 4.197359457612037659e-02 2.795117720961570740e-02 5.187581896480035759e-01 -1.087290101837423972e-01 -8.479787397190977627e-01
5.974405407905578613e-01 -1.353426873683929443e-01 2.305889576673507690e-01 6.518612802028656006e-02 3.072921931743621826e-02 2.950273081660270691e-02 4.871627807955826173e-01 -1.016477787264562366e-01 -8.673754400981690260e-01
6.009045243263244629e-01 -1.341212093830108643e-01 2.320644706487655640e-01 7.337262481451034546e-02 1.813016086816787720e-02 2.951774559915065765e-02 2.425737751369982653e-01 -4.033685794820798809e-02 -9.692940222165052910e-01
6.047251820564270020e-01 -1.335596442222595215e-01 2.335117161273956299e-01 7.945381850004196167e-02 4.332335665822029114e-03 2.837177924811840057e-02 2.437447368977367079e-01 -3.033186783092402597e-02 -9.693649885499994179e-01
6.087967157363891602e-01 -1.337082087993621826e-01 2.348806113004684448e-01 8.340670168399810791e-02 -1.027506683021783829e-02 2.638410218060016632e-02 2.622030984471091508e-01 -1.969298651731293121e-02 -9.648117544084775510e-01
6.130082607269287109e-01 -1.345924735069274902e-01 2.361340969800949097e-01 8.505572378635406494e-02 -2.509533986449241638e-02 2.375514991581439972e-02 3.227836093119472172e-01 5.654952102222627480e-03 -9.464558960005867716e-01
6.172310709953308105e-01 -1.362032592296600342e-01 2.372434735298156738e-01 8.385702967643737793e-02 -3.933628275990486145e-02 2.061998285353183746e-02 2.829106138487825217e-01 3.297050240415335537e-02 -9.585794336104456193e-01
6.213046908378601074e-01 -1.384899616241455078e-01 2.381871640682220459e-01 7.908797264099121094e-02 -5.213155969977378845e-02 1.712784543633460999e-02 2.442954460400911243e-01 5.771418586583591109e-02 -9.679818220358874514e-01
6.250438690185546875e-01 -1.413621753454208374e-01 2.389551848173141479e-01 7.047946006059646606e-02 -6.275708228349685669e-02 1.359274331480264664e-02 1.386837167025299355e-01 8.048212103416586827e-02 -9.870610188399775442e-01
6.282740831375122070e-01 -1.447019875049591064e-01 2.395593225955963135e-01 5.872974544763565063e-02 -7.083549350500106812e-02 1.057288423180580139e-02 1.459495879337959212e-01 7.180944975994058010e-02 -9.866823808628234493e-01
6.308785080909729004e-01 -1.483831703662872314e-01 2.400400489568710327e-01 4.544704407453536987e-02 -7.641204446554183960e-02 8.656023070216178894e-03 1.677086604416582472e-01 3.996566435621945641e-03 -9.858285006366930281e-01
6.328284144401550293e-01 -1.522903889417648315e-01 2.404592782258987427e-01 3.254805132746696472e-02 -7.987686991691589355e-02 8.113153278827667236e-03 1.879110244034345456e-01 -4.757411381732633976e-02 -9.810332056562345304e-01
6.341815590858459473e-01 -1.563326716423034668e-01 2.408820837736129761e-01 2.157811075448989868e-02 -8.181458711624145508e-02 8.798969909548759460e-03 1.325314970773084911e-01 -1.825642188436550906e-01 -9.742205644916622775e-01
6.350534558296203613e-01 -1.604499816894531250e-01 2.413583248853683472e-01 1.329855248332023621e-02 -8.287759870290756226e-02 1.025053858757019043e-02 9.603236841874231156e-02 -1.143812018562643390e-01 -9.887844683629509746e-01
6.355753540992736816e-01 -1.646144688129425049e-01 2.419116646051406860e-01 7.577373180538415909e-03 -8.370172232389450073e-02 1.188308186829090118e-02 9.603236841874231156e-02 -1.143812018562643390e-01 -9.887844683629509746e-01
6.358520388603210449e-01 -1.688274890184402466e-01 2.425386756658554077e-01 3.490454517304897308e-03 -8.481890708208084106e-02 1.319735776633024216e-02 8.699041913930491421e-02 -7.089252996817951846e-02 -9.936835090564193340e-01
6.359289884567260742e-01 -1.731117069721221924e-01 2.432138621807098389e-01 -4.132866160944104195e-04 -8.654993772506713867e-02 1.381021831184625626e-02 1.542050574431830072e-02 -8.147894993592021129e-02 -9.965557629746211177e-01
6.357755661010742188e-01 -1.774974018335342407e-01 2.438929975032806396e-01 -5.722977221012115479e-03 -8.887781947851181030e-02 1.335548795759677887e-02 1.542050574431830072e-02 -8.147894993592021129e-02 -9.965557629746211177e-01
6.352910995483398438e-01 -1.820003986358642578e-01 2.445137351751327515e-01 -1.365613378584384918e-02 -9.124226868152618408e-02 1.147412043064832687e-02 1.152176864518189014e-01 -1.216925388282977388e-01 -9.858579059480191420e-01
6.343370676040649414e-01 -1.865937858819961548e-01 2.450007051229476929e-01 -2.450523711740970612e-02 -9.249331802129745483e-02 8.004732429981231689e-03 1.143797030344199522e-01 -1.341255539976454192e-01 -9.843412108088244183e-01
6.327922344207763672e-01 -1.911845356225967407e-01 2.452792972326278687e-01 -3.728794306516647339e-02 -9.113693237304687500e-02 3.138654399663209915e-03 1.420998005058620728e-01 -1.479280388070953467e-01 -9.787364006865590937e-01
6.306090950965881348e-01 -1.956110745668411255e-01 2.452928423881530762e-01 -5.003849416971206665e-02 -8.592475950717926025e-02 -2.597113838419318199e-03 1.974735240272899317e-01 -9.784827744950251593e-02 -9.754126931234841091e-01
6.278376579284667969e-01 -1.996768862009048462e-01 2.450161725282669067e-01 -6.082013994455337524e-02 -7.670769840478897095e-02 -8.469658903777599335e-03 2.565720566365071731e-01 -1.326083474686431778e-02 -9.664341312335411605e-01
6.246007084846496582e-01 -2.032157182693481445e-01 2.444564253091812134e-01 -6.865783780813217163e-02 -6.484586000442504883e-02 -1.392016652971506119e-02 2.944296550134647417e-01 -1.984468254880413993e-02 -9.554670935313206437e-01
6.210439801216125488e-01 -2.061520218849182129e-01 2.436380535364151001e-01 -7.361027598381042480e-02 -5.260612443089485168e-02 -1.881467737257480621e-02 3.293676269180698113e-01 -1.988383277623224574e-02 -9.439923726018584205e-01
6.172972321510314941e-01 -2.085198611021041870e-01 2.425864487886428833e-01 -7.625990360975265503e-02 -4.210771247744560242e-02 -2.324967086315155029e-02 2.164805793661601363e-01 -6.769388399733450301e-02 -9.739372140054238791e-01
6.134592890739440918e-01 -2.104406207799911499e-01 2.413241267204284668e-01 -7.725857943296432495e-02 -3.472292050719261169e-02 -2.724317647516727448e-02 2.164805793661601363e-01 -6.769388399733450301e-02 -9.739372140054238791e-01
6.096000671386718750e-01 -2.120856493711471558e-01 2.398777902126312256e-01 -7.711034268140792847e-02 -3.107850998640060425e-02 -3.061032854020595551e-02 2.367054250008230887e-01 -5.412829483562486138e-02 -9.700725073268325893e-01
6.057699322700500488e-01 -2.136459201574325562e-01 2.382865101099014282e-01 -7.609508931636810303e-02 -3.133213892579078674e-02 -3.304110839962959290e-02 3.999374596812728666e-01 -9.643967404393750942e-02 -9.114545614631534010e-01
6.020130515098571777e-01 -2.153118252754211426e-01 2.366053462028503418e-01 -7.418105751276016235e-02 -3.530430048704147339e-02 -3.420525789260864258e-02 5.089583754250888159e-01 -3.421324536254535115e-02 -8.601109381495021244e-01
5.983837842941284180e-01 -2.172547131776809692e-01 2.349050939083099365e-01 -7.098978012800216675e-02 -4.241110011935234070e-02 -3.380485251545906067e-02 5.089583754250888159e-01 -3.421324536254535115e-02 -8.601109381495021244e-01
5.949619412422180176e-01 -2.196039706468582153e-01 2.332712411880493164e-01 -6.588464230298995972e-02 -5.155916139483451843e-02 -3.154934570193290710e-02 4.775770968581086739e-01 3.571030778010825940e-02 -8.778638222827219728e-01
5.918613672256469727e-01 -2.224213331937789917e-01 2.318021208047866821e-01 -5.813883244991302490e-02 -6.113503873348236084e-02 -2.721528336405754089e-02 5.314947716037031755e-01 -9.415813106110998421e-02 -8.418120657908189086e-01
5.892287492752075195e-01 -2.256776541471481323e-01 2.306017577648162842e-01 -4.716557636857032776e-02 -6.911765038967132568e-02 -2.079920843243598938e-02 5.379369298478732242e-01 -9.529794523098369941e-02 -8.375811370479857576e-01
5.872294306755065918e-01 -2.292415350675582886e-01 2.297666519880294800e-01 -3.280784189701080322e-02 -7.343775033950805664e-02 -1.260487921535968781e-02 5.379369298478732242e-01 -9.529794523098369941e-02 -8.375811370479857576e-01
5.860196352005004883e-01 -2.328895181417465210e-01 2.293710261583328247e-01 -1.558348722755908966e-02 -7.248171418905258179e-02 -3.219925798475742340e-03 5.075470121911017651e-01 -8.102119589728142002e-02 -8.578062696374165741e-01
5.857127904891967773e-01 -2.363385856151580811e-01 2.294528633356094360e-01 3.309576306492090225e-03 -6.548078358173370361e-02 6.493227556347846985e-03 4.875157864350004311e-01 -8.121701987095709951e-02 -8.693285648464241788e-01
5.863509774208068848e-01 -2.392938882112503052e-01 2.300027608871459961e-01 2.221792936325073242e-02 -5.273139104247093201e-02 1.550272293388843536e-02 4.524486096192130713e-01 -7.028511519895569437e-02 -8.890164555468645924e-01
5.878891348838806152e-01 -2.415007948875427246e-01 2.309639602899551392e-01 3.930794447660446167e-02 -3.554463759064674377e-02 2.294510789215564728e-02 4.145093735752751196e-01 -6.675528391569031383e-02 -9.075933622969972747e-01
5.901944637298583984e-01 -2.427898794412612915e-01 2.322445213794708252e-01 5.290577933192253113e-02 -1.601863279938697815e-02 2.827713266015052795e-02 4.145093735752751196e-01 -6.675528391569031383e-02 -9.075933622969972747e-01
5.930646657943725586e-01 -2.431058287620544434e-01 2.337329238653182983e-01 6.190147250890731812e-02 3.380751237273216248e-03 3.125900402665138245e-02 3.911535419959132343e-01 -3.471572757518454067e-02 -9.196704436051954534e-01
5.962640047073364258e-01 -2.425122857093811035e-01 2.353129982948303223e-01 6.607243418693542480e-02 2.036101371049880981e-02 3.194389864802360535e-02 3.911535419959132343e-01 -3.471572757518454067e-02 -9.196704436051954534e-01
5.995689630508422852e-01 -2.411715537309646606e-01 2.368766367435455322e-01 6.612650305032730103e-02 3.326821327209472656e-02 3.060184046626091003e-02 4.600319746149306166e-01 3.599229494097140603e-02 -8.871725520070882220e-01
6.028069257736206055e-01 -2.393055111169815063e-01 2.383352518081665039e-01 6.339243799448013306e-02 4.137362912297248840e-02 2.774274721741676331e-02 4.233793886334707990e-01 4.176860966061823541e-03 -9.059428498039039379e-01
6.058744788169860840e-01 -2.371501028537750244e-01 2.396301478147506714e-01 5.930900573730468750e-02 4.484262689948081970e-02 2.405305206775665283e-02 4.222241759471873634e-01 2.495980893773419498e-03 -9.064880116819505895e-01
6.087332367897033691e-01 -2.349174916744232178e-01 2.407361119985580444e-01 5.504068732261657715e-02 4.446176812052726746e-02 2.018547058105468750e-02 3.365825513629374655e-01 5.696597877174630967e-03 -9.416367319134494318e-01
6.113924384117126465e-01 -2.327730804681777954e-01 2.416562587022781372e-01 5.132774263620376587e-02 4.131448268890380859e-02 1.662045158445835114e-02 3.053973873107422854e-01 1.397641406174481189e-02 -9.521224163266753804e-01
6.138885617256164551e-01 -2.308268249034881592e-01 2.424120754003524780e-01 4.851810634136199951e-02 3.653570637106895447e-02 1.361227035522460938e-02 2.957895426890577162e-01 -1.951572007610423778e-02 -9.550537592741621395e-01
6.162678599357604980e-01 -2.291345298290252686e-01 2.430332750082015991e-01 4.665431007742881775e-02 3.115597367286682129e-02 1.123559661209583282e-02 2.930322456051265290e-01 -2.610863108911923303e-02 -9.557460135497657383e-01
6.185742020606994629e-01 -2.277038693428039551e-01 2.435510009527206421e-01 4.559851437807083130e-02 2.607041597366333008e-02 9.473203681409358978e-03 2.643950619605409669e-01 -5.743487732095847037e-02 -9.627026986957127885e-01
6.208444237709045410e-01 -2.265005707740783691e-01 2.439952939748764038e-01 4.521110281348228455e-02 2.206164784729480743e-02 8.298750035464763641e-03 2.457010865706953651e-01 -8.909502585104729644e-02 -9.652424837441526684e-01
6.231118440628051758e-01 -2.254534065723419189e-01 2.443948984146118164e-01 4.548563808202743530e-02 1.982492953538894653e-02 7.685232441872358322e-03 2.457010865706953651e-01 -8.909502585104729644e-02 -9.652424837441526684e-01
6.254147887229919434e-01 -2.244574278593063354e-01 2.447748482227325439e-01 4.663299024105072021e-02 2.001423202455043793e-02 7.512929849326610565e-03 2.201759171777251389e-01 -6.784923723700436726e-02 -9.730976551710029954e-01
6.278061866760253906e-01 -2.233778685331344604e-01 2.451526224613189697e-01 4.902257770299911499e-02 2.316822297871112823e-02 7.598303724080324173e-03 1.798327152113096128e-01 -2.401853856438957921e-02 -9.834039375266699912e-01
6.303562521934509277e-01 -2.220600992441177368e-01 2.455359399318695068e-01 5.298077687621116638e-02 2.954231388866901398e-02 7.734425831586122513e-03 1.798327152113096128e-01 -2.401853856438957921e-02 -9.834039375266699912e-01
6.331446170806884766e-01 -2.203476876020431519e-01 2.459221333265304565e-01 5.855498090386390686e-02 3.895434737205505371e-02 7.713600527495145798e-03 9.221645214366865073e-02 -1.676479778189271172e-02 -9.955978442661307382e-01
6.362382173538208008e-01 -2.181086689233779907e-01 2.462991327047348022e-01 6.518985331058502197e-02 5.060655623674392700e-02 7.366100326180458069e-03 4.941364808994452157e-02 2.042426773566154499e-02 -9.985695472363981251e-01
6.396557688713073730e-01 -2.152682840824127197e-01 2.466454207897186279e-01 7.151130586862564087e-02 6.300876289606094360e-02 6.485182791948318481e-03 4.941364808994452157e-02 2.042426773566154499e-02 -9.985695472363981251e-01
6.433308720588684082e-01 -2.118358910083770752e-01 2.469282448291778564e-01 7.549372315406799316e-02 7.428717613220214844e-02 4.827485885471105576e-03 3.720481215357970828e-02 1.184629433054665004e-01 -9.922612221658281273e-01
6.470985412597656250e-01 -2.079035937786102295e-01 2.471062839031219482e-01 7.521210610866546631e-02 8.300478756427764893e-02 2.293934812769293785e-03 -1.764853197789383391e-02 9.693987891382281619e-02 -9.951337544235943078e-01
6.507253646850585938e-01 -2.036047279834747314e-01 2.471443563699722290e-01 6.986075639724731445e-02 8.894959837198257446e-02 -7.710388745181262493e-04 -8.583047987873886064e-02 3.882912747008526733e-02 -9.955528251085913327e-01
6.539762616157531738e-01 -1.990537792444229126e-01 2.470321655273437500e-01 6.017454713582992554e-02 9.308849275112152100e-02 -3.716346807777881622e-03 -7.224709837816352398e-02 -1.380124436300937327e-02 -9.972912726119528282e-01
6.566733717918395996e-01 -1.943107992410659790e-01 2.467876076698303223e-01 4.770981892943382263e-02 9.663053601980209351e-02 -6.066175177693367004e-03 -1.379555773933195950e-01 -1.209825371628192245e-02 -9.903645242642188373e-01
6.587136983871459961e-01 -1.893897801637649536e-01 2.464453727006912231e-01 3.390416502952575684e-02 1.002101376652717590e-01 -7.623477373272180557e-03 -1.379555773933195950e-01 -1.209825371628192245e-02 -9.903645242642188373e-01
6.600559949874877930e-01 -1.842885762453079224e-01 2.460441738367080688e-01 1.978797279298305511e-02 1.038378626108169556e-01 -8.424249477684497833e-03 -7.392035743829070138e-02 -1.079827126074551225e-01 -9.914007840082288414e-01
6.606985926628112793e-01 -1.790131181478500366e-01 2.456157207489013672e-01 5.916393361985683441e-03 1.071802005171775818e-01 -8.714135736227035522e-03 8.748972849714384270e-02 -8.668030637962893803e-02 -9.923870574989528404e-01
6.606581807136535645e-01 -1.735879778861999512e-01 2.451779097318649292e-01 -7.532031740993261337e-03 1.098254248499870300e-01 -8.798047900199890137e-03 -1.229561864083427991e-01 -2.595211670366319098e-02 -9.920727109746121375e-01
6.599542498588562012e-01 -1.680565476417541504e-01 2.447364330291748047e-01 -2.062466368079185486e-02 1.114318296313285828e-01 -8.861270733177661896e-03 -1.188648776253368178e-01 -3.059721786987193090e-02 -9.924388903724687960e-01
6.585993766784667969e-01 -1.624759733676910400e-01 2.442924976348876953e-01 -3.357103839516639709e-02 1.117912977933883667e-01 -8.896116167306900024e-03 -7.961864791251073437e-02 -1.123192045474178669e-01 -9.904772926182704440e-01
6.565945744514465332e-01 -1.569119244813919067e-01 2.438472807407379150e-01 -4.662070050835609436e-02 1.107707396149635315e-01 -8.912261575460433960e-03 -2.802012867870307469e-02 -1.821264469971021205e-01 -9.828757956583531463e-01
6.539304852485656738e-01 -1.514326930046081543e-01 2.433969378471374512e-01 -5.994391068816184998e-02 1.083982512354850769e-01 -9.101557545363903046e-03 7.918458579704779066e-02 -1.188825304959559431e-01 -9.897457983305752993e-01
6.505959033966064453e-01 -1.460997611284255981e-01 2.429277747869491577e-01 -7.344014942646026611e-02 1.049192622303962708e-01 -9.664828889071941376e-03 -3.827557040236070646e-03 2.107958126781098260e-03 -9.999904531132483010e-01
6.465933918952941895e-01 -1.409627795219421387e-01 2.424192130565643311e-01 -8.666045218706130981e-02 1.005600169301033020e-01 -1.067738514393568039e-02 7.703338856978575455e-02 -1.040933480630139296e-02 -9.969741735834216634e-01
6.419570446014404297e-01 -1.360649019479751587e-01 2.418482750654220581e-01 -9.879415482282638550e-02 9.535507112741470337e-02 -1.216025277972221375e-02 1.264522916047158274e-01 -1.020004193992290753e-01 -9.867146154731353258e-01
6.367668509483337402e-01 -1.314491927623748779e-01 2.411888241767883301e-01 -1.088142320513725281e-01 8.927305787801742554e-02 -1.421785261482000351e-02 1.143770021368247514e-01 -5.405165217535523592e-02 -9.919658866499930783e-01
6.311557888984680176e-01 -1.271524727344512939e-01 2.404079437255859375e-01 -1.156289950013160706e-01 8.259590715169906616e-02 -1.701761223375797272e-02 7.225408852448121644e-02 4.260087970831132574e-03 -9.973771595239070420e-01
6.253079175949096680e-01 -1.231855526566505432e-01 2.394671142101287842e-01 -1.182854697108268738e-01 7.608076930046081543e-02 -2.061578817665576935e-02 1.554094710180793926e-01 -2.852687038417806280e-03 -9.878460196268148419e-01
6.194375157356262207e-01 -1.195205599069595337e-01 2.383284270763397217e-01 -1.165305152535438538e-01 7.051885128021240234e-02 -2.493163198232650757e-02 2.365313826589316715e-01 -8.483855615343321652e-03 -9.715868099193977203e-01
6.137440204620361328e-01 -1.161028072237968445e-01 2.369545251131057739e-01 -1.112100481986999512e-01 6.619131565093994141e-02 -3.002454340457916260e-02 1.855850498579612318e-01 5.086854105894356159e-02 -9.813106443923619304e-01
6.083629727363586426e-01 -1.128763332962989807e-01 2.353040426969528198e-01 -1.040326505899429321e-01 6.286767125129699707e-02 -3.599485754966735840e-02 2.763651952261409472e-01 1.557840729101796738e-02 -9.609264238701589189e-01
6.033428907394409180e-01 -1.098003610968589783e-01 2.333363741636276245e-01 -9.676966071128845215e-02 6.017123162746429443e-02 -4.271194338798522949e-02 3.802601305927632569e-01 -1.053343055569457704e-01 -9.188617508376385468e-01
5.986611247062683105e-01 -1.068494841456413269e-01 2.310221493244171143e-01 -9.050044417381286621e-02 5.786386132240295410e-02 -4.985690861940383911e-02 3.840469051127987088e-01 -1.069695679602467725e-01 -9.170962251594316772e-01
5.942628979682922363e-01 -1.040047705173492432e-01 2.283539623022079468e-01 -8.542908728122711182e-02 5.592456832528114319e-02 -5.687059089541435242e-02 7.494410023403067500e-01 -5.817256444079622196e-02 -6.595105281612552162e-01
5.900868773460388184e-01 -1.012452915310859680e-01 2.253594994544982910e-01 -8.161248266696929932e-02 5.445461347699165344e-02 -6.290762871503829956e-02 7.494410023403067500e-01 -5.817256444079622196e-02 -6.595105281612552162e-01
5.860655903816223145e-01 -9.854590147733688354e-02 2.221063524484634399e-01 -7.923991978168487549e-02 5.352102592587471008e-02 -6.721850484609603882e-02 7.697962374585749501e-01 -5.404867423839374019e-02 -6.359972433947284065e-01
5.821306109428405762e-01 -9.588118642568588257e-02 2.186870276927947998e-01 -7.815929502248764038e-02 5.306744948029518127e-02 -6.955438107252120972e-02 7.671349896015122738e-01 -6.014300227034362345e-02 -6.386601028755415355e-01
5.782292485237121582e-01 -9.323109686374664307e-02 2.151924669742584229e-01 -7.789532095193862915e-02 5.293611437082290649e-02 -7.022788375616073608e-02 7.615385297080050631e-01 -4.147790904761013142e-02 -6.467910410860744364e-01
