x y z nx ny nz
6.820818781852722168e-01 4.208113253116607666e-02 2.974649965763092041e-01 7.804820779711008072e-03 2.172331884503364563e-02 6.673190277069807053e-03 8.155863030912073874e-01 1.253681196772421860e-02 -5.784996201845797881e-01
6.825692653656005859e-01 4.370352998375892639e-02 2.979356348514556885e-01 1.169071439653635025e-02 4.317255690693855286e-02 1.215292792767286301e-02 7.377721510181146636e-01 4.344996414097410282e-03 -6.750358317795178698e-01
6.832290291786193848e-01 4.617946222424507141e-02 2.986406683921813965e-01 1.469922717660665512e-02 5.586479976773262024e-02 1.604858599603176117e-02 7.377721510181146636e-01 4.344996414097410282e-03 -6.750358317795178698e-01
6.840124726295471191e-01 4.908873513340950012e-02 2.994999885559082031e-01 1.663797535002231598e-02 6.050617247819900513e-02 1.832401007413864136e-02 7.377721510181146636e-01 4.344996414097410282e-03 -6.750358317795178698e-01
6.848688125610351562e-01 5.205748602747917175e-02 3.004400432109832764e-01 1.761514879763126373e-02 5.824384465813636780e-02 1.927837170660495758e-02 7.377721510181146636e-01 4.344996414097410282e-03 -6.750358317795178698e-01
6.857582926750183105e-01 5.477811023592948914e-02 3.014079332351684570e-01 1.796412095427513123e-02 5.058109387755393982e-02 1.943771168589591980e-02 7.377721510181146636e-01 4.344996414097410282e-03 -6.750358317795178698e-01
6.866602301597595215e-01 5.702392011880874634e-02 3.023789525032043457e-01 1.811273396015167236e-02 3.925133496522903442e-02 1.940361037850379944e-02 7.106942078049417466e-01 6.944221305492012664e-02 -7.000653698309474704e-01
6.875749826431274414e-01 5.865781381726264954e-02 3.033571839332580566e-01 1.847833395004272461e-02 2.610435150563716888e-02 1.972581073641777039e-02 7.106942078049417466e-01 6.944221305492012664e-02 -7.000653698309474704e-01
6.885216236114501953e-01 5.963471159338951111e-02 3.043718636035919189e-01 1.938839256763458252e-02 1.297158747911453247e-02 2.086126618087291718e-02 7.106942078049417466e-01 6.944221305492012664e-02 -7.000653698309474704e-01
6.895323991775512695e-01 5.999696627259254456e-02 3.054723441600799561e-01 2.104345150291919708e-02 1.518555916845798492e-03 2.315841428935527802e-02 7.106942078049417466e-01 6.944221305492012664e-02 -7.000653698309474704e-01
6.906472444534301758e-01 5.986250191926956177e-02 3.067215979099273682e-01 2.355130761861801147e-02 -6.897198036313056946e-03 2.681126259267330170e-02 7.106942078049417466e-01 6.944221305492012664e-02 -7.000653698309474704e-01
6.919101476669311523e-01 5.940612033009529114e-02 3.081875741481781006e-01 2.696412056684494019e-02 -1.135810557752847672e-02 3.182795271277427673e-02 7.106942078049417466e-01 6.944221305492012664e-02 -7.000653698309474704e-01
6.933658123016357422e-01 5.883563309907913208e-02 3.099330663681030273e-01 3.126337006688117981e-02 -1.146135013550519943e-02 3.799133002758026123e-02 6.819442894894736096e-01 6.908634212689779286e-02 -7.281339597644256312e-01
6.950551867485046387e-01 5.836642906069755554e-02 3.120020925998687744e-01 3.631218150258064270e-02 -7.306752726435661316e-03 4.477002844214439392e-02 6.819442894894736096e-01 6.908634212689779286e-02 -7.281339597644256312e-01
6.970074176788330078e-01 5.819773674011230469e-02 3.144042789936065674e-01 4.177688807249069214e-02 5.590526852756738663e-04 5.131745710968971252e-02 7.530909671023012786e-01 2.674153453382785775e-02 -6.573727143696309616e-01
6.992302536964416504e-01 5.849252641201019287e-02 3.170972764492034912e-01 4.713756963610649109e-02 1.123252790421247482e-02 5.640237778425216675e-02 7.530909671023012786e-01 2.674153453382785775e-02 -6.573727143696309616e-01
7.017025351524353027e-01 5.936172977089881897e-02 3.199706077575683594e-01 5.175372585654258728e-02 2.353558130562305450e-02 5.853070691227912903e-02 7.530909671023012786e-01 2.674153453382785775e-02 -6.573727143696309616e-01
7.043719291687011719e-01 6.085209921002388000e-02 3.228470385074615479e-01 5.502297729253768921e-02 3.607916086912155151e-02 5.652637779712677002e-02 4.132587612382635500e-01 1.312914734808176276e-01 -9.010991872424763960e-01
7.071601152420043945e-01 6.293640285730361938e-02 3.255305588245391846e-01 5.650377646088600159e-02 4.729303717613220215e-02 5.081432685256004333e-02 4.132587612382635500e-01 1.312914734808176276e-01 -9.010991872424763960e-01
7.099811434745788574e-01 6.551055610179901123e-02 3.278807401657104492e-01 5.633825063705444336e-02 5.567307025194168091e-02 4.319312050938606262e-02 4.132587612382635500e-01 1.312914734808176276e-01 -9.010991872424763960e-01
7.127770185470581055e-01 6.840467453002929688e-02 3.298437595367431641e-01 5.549654737114906311e-02 6.009168177843093872e-02 3.532760962843894958e-02 3.547121658546992795e-01 8.071893473447804002e-02 -9.314846928253835978e-01
7.155402302742004395e-01 7.140130549669265747e-02 3.314377665519714355e-01 5.503269657492637634e-02 5.977351218461990356e-02 2.843279018998146057e-02 3.379486717332660928e-01 1.447348344314065751e-03 -9.411634291952123421e-01
7.182990908622741699e-01 7.425242662429809570e-02 3.327247500419616699e-01 5.532075092196464539e-02 5.427119508385658264e-02 2.304690144956111908e-02 3.379486717332660928e-01 1.447348344314065751e-03 -9.411634291952123421e-01
7.210760116577148438e-01 7.669929414987564087e-02 3.337785005569458008e-01 5.575520917773246765e-02 4.360346868634223938e-02 1.910311914980411530e-02 2.954335214104886198e-01 1.063802821681464859e-02 -9.553040703255987198e-01
7.238462567329406738e-01 7.850117981433868408e-02 3.346599638462066650e-01 5.505400523543357849e-02 2.847195044159889221e-02 1.615531183779239655e-02 2.954335214104886198e-01 1.063802821681464859e-02 -9.553040703255987198e-01
7.265195846557617188e-01 7.947105169296264648e-02 3.354046046733856201e-01 5.187941715121269226e-02 1.032301969826221466e-02 1.363078597933053970e-02 2.918243507386384383e-01 1.318582875892450323e-02 -9.563810340203912075e-01
7.289507389068603516e-01 7.950790226459503174e-02 3.360219895839691162e-01 4.536565020680427551e-02 -8.848913013935089111e-03 1.106410752981901169e-02 2.918243507386384383e-01 1.318582875892450323e-02 -9.563810340203912075e-01
7.309693098068237305e-01 7.861468195915222168e-02 3.365038633346557617e-01 3.537694737315177917e-02 -2.687990479171276093e-02 8.211175911128520966e-03 2.918243507376689916e-01 1.318582875908159285e-02 -9.563810340206846394e-01
7.324162721633911133e-01 7.689613848924636841e-02 3.368356227874755859e-01 2.250065281987190247e-02 -4.186190664768218994e-02 5.058649461716413498e-03 2.918243507376689916e-01 1.318582875908159285e-02 -9.563810340206846394e-01
7.331755757331848145e-01 7.453685998916625977e-02 3.370049893856048584e-01 7.871446199715137482e-03 -5.250937119126319885e-02 1.716022146865725517e-03 2.881562147183407419e-01 -3.027460572336921826e-04 -9.575833667425632800e-01
7.331947684288024902e-01 7.176417112350463867e-02 3.370040357112884521e-01 -7.104511838406324387e-03 -5.839831009507179260e-02 -1.754151424393057823e-03 2.881562147183407419e-01 -3.027460572336921826e-04 -9.575833667425632800e-01
7.324895858764648438e-01 6.880386918783187866e-02 3.368254601955413818e-01 -2.110234461724758148e-02 -6.001377478241920471e-02 -5.388429388403892517e-03 2.881562147183407419e-01 -3.027460572336921826e-04 -9.575833667425632800e-01
7.311322689056396484e-01 6.583954393863677979e-02 3.364574909210205078e-01 -3.318927064538002014e-02 -5.855927616357803345e-02 -9.329907596111297607e-03 3.006546963259998928e-01 -9.397750758429301854e-03 -9.536867598199122442e-01
7.292273640632629395e-01 6.298664957284927368e-02 3.358811736106872559e-01 -4.300679638981819153e-02 -5.555653944611549377e-02 -1.372272986918687820e-02 3.477607872816702583e-01 9.844875119532671415e-03 -9.375316065398081600e-01
7.268840670585632324e-01 6.028861925005912781e-02 3.350733816623687744e-01 -5.072486400604248047e-02 -5.236459895968437195e-02 -1.858919672667980194e-02 3.477607872816702583e-01 9.844875119532671415e-03 -9.375316065398081600e-01
7.241970896720886230e-01 5.773501470685005188e-02 3.340127766132354736e-01 -5.675342679023742676e-02 -4.977963492274284363e-02 -2.383467368781566620e-02 3.477607872816702583e-01 9.844875119532671415e-03 -9.375316065398081600e-01
7.212428450584411621e-01 5.529417470097541809e-02 3.326866328716278076e-01 -6.141545251011848450e-02 -4.785390570759773254e-02 -2.921121381223201752e-02 4.300129906897684484e-01 1.005850482207884949e-01 -8.972020262518707323e-01
7.180901765823364258e-01 5.294858291745185852e-02 3.310977518558502197e-01 -6.469146907329559326e-02 -4.596969112753868103e-02 -3.434355929493904114e-02 4.300129906897684484e-01 1.005850482207884949e-01 -8.972020262518707323e-01
7.148183584213256836e-01 5.072112008929252625e-02 3.292698860168457031e-01 -6.618043035268783569e-02 -4.312883689999580383e-02 -3.877079859375953674e-02 4.300129906897684484e-01 1.005850482207884949e-01 -8.972020262518707323e-01
7.115303277969360352e-01 4.868335276842117310e-02 3.272504508495330811e-01 -6.534016132354736328e-02 -3.838181123137474060e-02 -4.200600832700729370e-02 4.300129906897684484e-01 1.005850482207884949e-01 -8.972020262518707323e-01
7.083510756492614746e-01 4.694203659892082214e-02 3.251078426837921143e-01 -6.183095648884773254e-02 -3.127077221870422363e-02 -4.369843006134033203e-02 4.300129906897684484e-01 1.005850482207884949e-01 -8.972020262518707323e-01
7.054103612899780273e-01 4.560752958059310913e-02 3.229224979877471924e-01 -5.579829588532447815e-02 -2.210946753621101379e-02 -4.371492564678192139e-02 7.724387037362251407e-01 -8.049802397728011982e-02 -6.299670762064104590e-01
7.028166055679321289e-01 4.475592449307441711e-02 3.207775950431823730e-01 -4.795123264193534851e-02 -1.195480395108461380e-02 -4.208144918084144592e-02 7.724387037362251407e-01 -8.049802397728011982e-02 -6.299670762064104590e-01
7.006340622901916504e-01 4.440041258931159973e-02 3.187492191791534424e-01 -3.935125470161437988e-02 -2.265730872750282288e-03 -3.905398398637771606e-02 7.724387037362251407e-01 -8.049802397728011982e-02 -6.299670762064104590e-01
6.988752484321594238e-01 4.448169097304344177e-02 3.168965280055999756e-01 -3.100064024329185486e-02 5.516858305782079697e-03 -3.505327180027961731e-02 7.724387037362251407e-01 -8.049802397728011982e-02 -6.299670762064104590e-01
6.975110769271850586e-01 4.487685114145278931e-02 3.152587413787841797e-01 -2.356682531535625458e-02 1.028959825634956360e-02 -3.045844659209251404e-02 7.724387037362251407e-01 -8.049802397728011982e-02 -6.299670762064104590e-01
6.964868307113647461e-01 4.542149230837821960e-02 3.138564825057983398e-01 -1.740375347435474396e-02 1.149605866521596909e-02 -2.563165314495563507e-02 7.724387037362251407e-01 -8.049802397728011982e-02 -6.299670762064104590e-01
6.957349777221679688e-01 4.593731090426445007e-02 3.126922845840454102e-01 -1.267115771770477295e-02 9.136662818491458893e-03 -2.093655802309513092e-02 7.692345183991531332e-01 -7.420039224820472457e-02 -6.346436460655976441e-01
6.951826810836791992e-01 4.625676199793815613e-02 3.117512166500091553e-01 -9.420291520655155182e-03 3.641386283561587334e-03 -1.670592278242111206e-02 7.392015297685943231e-01 -5.815739657068619284e-02 -6.709685652919143983e-01
6.947570443153381348e-01 4.624048620462417603e-02 3.110020160675048828e-01 -7.605137303471565247e-03 -4.292345605790615082e-03 -1.326244790107011795e-02 7.392015297685943231e-01 -5.815739657068619284e-02 -6.709685652919143983e-01
6.943892836570739746e-01 4.578744620084762573e-02 3.103989660739898682e-01 -7.105911616235971451e-03 -1.382921915501356125e-02 -1.085915509611368179e-02 7.392015297685943231e-01 -5.815739657068619284e-02 -6.709685652919143983e-01
6.940178871154785156e-01 4.483986273407936096e-02 3.098876774311065674e-01 -7.750450167804956436e-03 -2.407408878207206726e-02 -9.592770598828792572e-03 7.354049506428980143e-01 -2.109379945200255332e-02 -6.772994981487846511e-01
6.935923099517822266e-01 4.338434711098670959e-02 3.094127178192138672e-01 -9.273028001189231873e-03 -3.414646163582801819e-02 -9.405648335814476013e-03 7.354049506428980143e-01 -2.109379945200255332e-02 -6.772994981487846511e-01
6.930782198905944824e-01 4.145025461912155151e-02 3.089255690574645996e-01 -1.129087246954441071e-02 -4.321724176406860352e-02 -1.008076686412096024e-02 7.354049506428980143e-01 -2.109379945200255332e-02 -6.772994981487846511e-01
6.924632191658020020e-01 3.910698741674423218e-02 3.083930313587188721e-01 -1.330971531569957733e-02 -5.051347613334655762e-02 -1.122089941054582596e-02 7.725947929678426140e-01 -1.664298123291819281e-02 -6.346812562638484145e-01
6.917618513107299805e-01 3.646057844161987305e-02 3.078061938285827637e-01 -1.474592648446559906e-02 -5.534286797046661377e-02 -1.225235499441623688e-02 7.725947929678426140e-01 -1.664298123291819281e-02 -6.346812562638484145e-01
6.910173892974853516e-01 3.364872187376022339e-02 3.071888387203216553e-01 -1.503313146531581879e-02 -5.713131278753280640e-02 -1.244195830076932907e-02 7.725947929678426140e-01 -1.664298123291819281e-02 -6.346812562638484145e-01
6.902989745140075684e-01 3.083314560353755951e-02 3.066017627716064453e-01 -1.370285078883171082e-02 -5.549169331789016724e-02 -1.104077417403459549e-02 7.896077639672923754e-01 -4.688355926674253604e-02 -6.118182008988084508e-01
6.896948814392089844e-01 2.818762138485908508e-02 3.061376810073852539e-01 -1.046104356646537781e-02 -5.032929033041000366e-02 -7.521966472268104553e-03 7.896077639672923754e-01 -4.688355926674253604e-02 -6.118182008988084508e-01
6.893011331558227539e-01 2.588044479489326477e-02 3.059054613113403320e-01 -5.288340151309967041e-03 -4.195775836706161499e-02 -1.766652916558086872e-03 7.896077639672923754e-01 -4.688355926674253604e-02 -6.118182008988084508e-01
6.892066001892089844e-01 2.405253238976001740e-02 3.060072362422943115e-01 1.507883425801992416e-03 -3.115870058536529541e-02 5.837774835526943207e-03 7.617738802868233572e-01 -5.347049462123995567e-02 -6.456326056788925793e-01
6.894780993461608887e-01 2.279564738273620605e-02 3.065134882926940918e-01 9.352598339319229126e-03 -1.911666244268417358e-02 1.441283803433179855e-02 7.617738802868233572e-01 -5.347049462123995567e-02 -6.456326056788925793e-01
6.901479363441467285e-01 2.213625237345695496e-02 3.074437677860260010e-01 1.744047738611698151e-02 -7.259155157953500748e-03 2.279829792678356171e-02 7.617738802868233572e-01 -5.347049462123995567e-02 -6.456326056788925793e-01
6.912029981613159180e-01 2.202815935015678406e-02 3.087595701217651367e-01 2.476151473820209503e-02 2.935419324785470963e-03 2.983368001878261566e-02 7.617738802868233572e-01 -5.347049462123995567e-02 -6.456326056788925793e-01
6.925797462463378906e-01 2.235522866249084473e-02 3.103687465190887451e-01 3.030869737267494202e-02 1.014733593910932541e-02 3.453286737203598022e-02 7.617738802868233572e-01 -5.347049462123995567e-02 -6.456326056788925793e-01
6.941690444946289062e-01 2.294443361461162567e-02 3.121383190155029297e-01 3.326429054141044617e-02 1.342088822275400162e-02 3.624977171421051025e-02 7.675740254912631899e-01 -4.113214190560429001e-02 -6.396391656953120952e-01
6.958293318748474121e-01 2.358805760741233826e-02 3.139144778251647949e-01 3.314605355262756348e-02 1.232403796166181564e-02 3.479686379432678223e-02 7.467209871264501864e-01 -1.582206779413610626e-02 -6.649491932122465476e-01
6.974056363105773926e-01 2.407159470021724701e-02 3.155456781387329102e-01 2.990549243986606598e-02 7.017444353550672531e-03 3.045076131820678711e-02 7.467209871264501864e-01 -1.582206779413610626e-02 -6.649491932122465476e-01
6.987518668174743652e-01 2.420219406485557556e-02 3.169032335281372070e-01 2.394312247633934021e-02 -1.793443690985441208e-03 2.385170385241508484e-02 7.104192372086481910e-01 3.947058221581420563e-03 -7.037676663027916391e-01
6.997508406639099121e-01 2.383220568299293518e-02 3.178960978984832764e-01 1.601591520011425018e-02 -1.300607901066541672e-02 1.586259156465530396e-02 7.104192372086481910e-01 3.947058221581420563e-03 -7.037676663027916391e-01
7.003275156021118164e-01 2.287423238158226013e-02 3.184787034988403320e-01 7.050215266644954681e-03 -2.531287446618080139e-02 7.441471796482801437e-03 7.104192372086481910e-01 3.947058221581420563e-03 -7.037676663027916391e-01
7.004529833793640137e-01 2.130625396966934204e-02 3.186523318290710449e-01 -2.032689750194549561e-03 -3.740625828504562378e-02 -4.964521504007279873e-04 7.104192372086481910e-01 3.947058221581420563e-03 -7.037676663027916391e-01
7.001414299011230469e-01 1.916690543293952942e-02 3.184586763381958008e-01 -1.042899861931800842e-02 -4.816766828298568726e-02 -7.249594200402498245e-03 7.104192372086481910e-01 3.947058221581420563e-03 -7.037676663027916391e-01
6.994430422782897949e-01 1.654240302741527557e-02 3.179671764373779297e-01 -1.750707253813743591e-02 -5.681239068508148193e-02 -1.240993663668632507e-02 7.104192372086481910e-01 3.947058221581420563e-03 -7.037676663027916391e-01
6.984350681304931641e-01 1.354865543544292450e-02 3.172617256641387939e-01 -2.281138114631175995e-02 -6.293749809265136719e-02 -1.580750197172164917e-02 6.908472519572540493e-01 -2.973874240387520962e-02 -7.223888714960565727e-01
6.972145438194274902e-01 1.031456328928470612e-02 3.164312243461608887e-01 -2.600893937051296234e-02 -6.642618030309677124e-02 -1.741247810423374176e-02 6.908472519572540493e-01 -2.973874240387520962e-02 -7.223888714960565727e-01
6.958947777748107910e-01 6.972670089453458786e-03 3.155653774738311768e-01 -2.678172662854194641e-02 -6.724954396486282349e-02 -1.722166873514652252e-02 6.908472519572540493e-01 -2.973874240387520962e-02 -7.223888714960565727e-01
6.946052312850952148e-01 3.658282570540904999e-03 3.147552609443664551e-01 -2.480029687285423279e-02 -6.532595306634902954e-02 -1.518266461789608002e-02 6.223791472264642577e-01 -1.010867780087514184e-01 -7.761608469946604805e-01
6.934883594512939453e-01 5.103022558614611626e-04 3.140951395034790039e-01 -1.987355202436447144e-02 -6.059324368834495544e-02 -1.122238300740718842e-02 6.223791472264642577e-01 -1.010867780087514184e-01 -7.761608469946604805e-01
6.926878094673156738e-01 -2.335468307137489319e-03 3.136794865131378174e-01 -1.214776560664176941e-02 -5.323756486177444458e-02 -5.404195282608270645e-03 6.223791472264642577e-01 -1.010867780087514184e-01 -7.761608469946604805e-01
6.923288106918334961e-01 -4.763068631291389465e-03 3.135921955108642578e-01 -2.211700892075896263e-03 -4.386644437909126282e-02 1.912719686515629292e-03 6.459096871226689407e-01 -5.360891850163119338e-02 -7.615292246107048246e-01
6.924970149993896484e-01 -6.697073113173246384e-03 3.138915300369262695e-01 8.940962143242359161e-03 -3.349373489618301392e-02 1.006070803850889206e-02 6.459096871226689407e-01 -5.360891850163119338e-02 -7.615292246107048246e-01
6.932222247123718262e-01 -8.119315840303897858e-03 3.145970404148101807e-01 2.006691507995128632e-02 -2.339597977697849274e-02 1.816015690565109253e-02 6.459096871226689407e-01 -5.360891850163119338e-02 -7.615292246107048246e-01
6.944703459739685059e-01 -9.076973423361778259e-03 3.156827390193939209e-01 2.985722012817859650e-02 -1.491031236946582794e-02 2.526807598769664764e-02 6.459096871226689407e-01 -5.360891850163119338e-02 -7.615292246107048246e-01
6.961443424224853516e-01 -9.680418297648429871e-03 3.170771598815917969e-01 3.710357472300529480e-02 -9.227498434484004974e-03 3.050826676189899445e-02 6.303985521298773875e-01 -2.577045173266594505e-02 -7.758437660302806016e-01
6.980934143066406250e-01 -1.009040605276823044e-02 3.186689317226409912e-01 4.085865244269371033e-02 -7.171995006501674652e-03 3.316311910748481750e-02 6.010441402816966150e-01 -3.322432875991761930e-02 -7.985249435111524408e-01
7.001288533210754395e-01 -1.049369387328624725e-02 3.203171193599700928e-01 4.055906459689140320e-02 -8.959499187767505646e-03 3.276418149471282959e-02 6.059479075474877297e-01 2.715085718407080420e-02 -7.950408569947781112e-01
7.020447254180908203e-01 -1.106887403875589371e-02 3.218647837638854980e-01 3.607663139700889587e-02 -1.404770091176033020e-02 2.914261259138584137e-02 6.059479075474877297e-01 2.715085718407080420e-02 -7.950408569947781112e-01
7.036398053169250488e-01 -1.194957457482814789e-02 3.231543898582458496e-01 2.772705256938934326e-02 -2.118032798171043396e-02 2.244168333709239960e-02 6.059479075474877297e-01 2.715085718407080420e-02 -7.950408569947781112e-01
7.047386169433593750e-01 -1.319535728543996811e-02 3.240434825420379639e-01 1.622559130191802979e-02 -2.865098416805267334e-02 1.312154531478881836e-02 6.166753319095266139e-01 2.619061893940555913e-02 -7.867817909000219823e-01
7.052100896835327148e-01 -1.477910578250885010e-02 3.244209587574005127e-01 2.633725292980670929e-03 -3.469896689057350159e-02 1.977586187422275543e-03 6.166753319095266139e-01 2.619061893940555913e-02 -7.867817909000219823e-01
7.049825787544250488e-01 -1.659378223121166229e-02 3.242215812206268311e-01 -1.173492055386304855e-02 -3.788808360695838928e-02 -9.952203370630741119e-03 6.166753319095266139e-01 2.619061893940555913e-02 -7.867817909000219823e-01
7.040517926216125488e-01 -1.847508735954761505e-02 3.234343826770782471e-01 -2.549764141440391541e-02 -3.736411407589912415e-02 -2.153603732585906982e-02 6.166753319095266139e-01 2.619061893940555913e-02 -7.867817909000219823e-01
7.024794816970825195e-01 -2.023402974009513855e-02 3.221013545989990234e-01 -3.739578276872634888e-02 -3.299354389309883118e-02 -3.178541734814643860e-02 6.031114019209621313e-01 7.615600505707576656e-03 -7.976206112556701866e-01
7.003834843635559082e-01 -2.169170603156089783e-02 3.203045427799224854e-01 -4.644519463181495667e-02 -2.531346864998340607e-02 -4.008735343813896179e-02 6.031114019209621313e-01 7.615600505707576656e-03 -7.976206112556701866e-01
6.979194879531860352e-01 -2.270787581801414490e-02 3.181464374065399170e-01 -5.211489275097846985e-02 -1.533330511301755905e-02 -4.623712971806526184e-02 5.997797414562467955e-01 6.809137941768113409e-04 -8.001648568220693925e-01
6.952543258666992188e-01 -2.319927141070365906e-02 3.157276809215545654e-01 -5.449049919843673706e-02 -4.322525113821029663e-03 -5.051279067993164062e-02 5.977022796572378782e-01 1.736381892058330365e-02 -8.015300884452398744e-01
6.925351619720458984e-01 -2.314713224768638611e-02 3.131236433982849121e-01 -5.427548661828041077e-02 6.408088374882936478e-03 -5.364848300814628601e-02 6.879140242204496714e-01 4.072186481223250692e-02 -7.246488977463783066e-01
6.898634433746337891e-01 -2.259459905326366425e-02 3.103666007518768311e-01 -5.259405449032783508e-02 1.569326594471931458e-02 -5.663353577256202698e-02 6.879140242204496714e-01 4.072186481223250692e-02 -7.246488977463783066e-01
6.872833967208862305e-01 -2.163632586598396301e-02 3.074413537979125977e-01 -5.060698091983795166e-02 2.263763360679149628e-02 -6.037617474794387817e-02 6.879140242204496714e-01 4.072186481223250692e-02 -7.246488977463783066e-01
6.847893595695495605e-01 -2.040316164493560791e-02 3.042966425418853760e-01 -4.915383458137512207e-02 2.668896690011024475e-02 -6.541267782449722290e-02 6.879140242204496714e-01 4.072186481223250692e-02 -7.246488977463783066e-01
6.823465824127197266e-01 -1.904377341270446777e-02 3.008683621883392334e-01 -4.855807125568389893e-02 2.768654562532901764e-02 -7.171840220689773560e-02 8.986906449815934561e-01 -5.648280987641263184e-02 -4.349308184171735703e-01
6.799183487892150879e-01 -1.770493760704994202e-02 2.971098423004150391e-01 -4.857157915830612183e-02 2.586685679852962494e-02 -7.862273603677749634e-02 8.986906449815934561e-01 -5.648280987641263184e-02 -4.349308184171735703e-01
6.774922013282775879e-01 -1.651288941502571106e-02 2.930202186107635498e-01 -4.847509786486625671e-02 2.181509509682655334e-02 -8.496266603469848633e-02 8.986906449815934561e-01 -5.648280987641263184e-02 -4.349308184171735703e-01
6.750981211662292480e-01 -1.556087285280227661e-02 2.886624932289123535e-01 -4.728800058364868164e-02 1.626556366682052612e-02 -8.934672176837921143e-02 8.986906449815934561e-01 -5.648280987641263184e-02 -4.349308184171735703e-01
6.728110313415527344e-01 -1.490880548954010010e-02 2.841676175594329834e-01 -4.419554769992828369e-02 9.817121550440788269e-03 -9.044814109802246094e-02 8.986906449815934561e-01 -5.648280987641263184e-02 -4.349308184171735703e-01
6.707302331924438477e-01 -1.459506060928106308e-02 2.797254621982574463e-01 -3.903542459011077881e-02 2.732684602960944176e-03 -8.723766356706619263e-02 9.326900744969595092e-01 -1.239107263751133975e-01 -3.387260793355710287e-01
6.689466238021850586e-01 -1.465313788503408432e-02 2.755602896213531494e-01 -3.230931609869003296e-02 -5.055762827396392822e-03 -7.936957478523254395e-02 9.326900744969595092e-01 -1.239107263751133975e-01 -3.387260793355710287e-01
6.675183176994323730e-01 -1.512172631919384003e-02 2.718903422355651855e-01 -2.482398785650730133e-02 -1.368779130280017853e-02 -6.742807477712631226e-02 9.326900744969595092e-01 -1.239107263751133975e-01 -3.387260793355710287e-01
6.664642691612243652e-01 -1.604071818292140961e-02 2.688869535923004150e-01 -1.733731478452682495e-02 -2.307189814746379852e-02 -5.270776152610778809e-02 9.788247035012750397e-01 -1.685776905671857936e-02 -2.040049397344858295e-01
6.657693982124328613e-01 -1.743539050221443176e-02 2.666483819484710693e-01 -1.045806705951690674e-02 -3.271501883864402771e-02 -3.683537244796752930e-02 9.788247035012750397e-01 -1.685776905671857936e-02 -2.040049397344858295e-01
6.653907895088195801e-01 -1.929702423512935638e-02 2.651921510696411133e-01 -4.687407054007053375e-03 -4.175033792853355408e-02 -2.141380682587623596e-02 9.844184168662800660e-01 -3.751834253916616624e-02 -1.717927661620254620e-01
6.652655005455017090e-01 -2.157017402350902557e-02 2.644605934619903564e-01 -3.252639726269990206e-04 -4.917567595839500427e-02 -7.848494686186313629e-03 9.844184168662800660e-01 -3.751834253916616624e-02 -1.717927661620254620e-01
6.653205156326293945e-01 -2.415484562516212463e-02 2.643332183361053467e-01 2.525047631934285164e-03 -5.421119928359985352e-02 2.753800945356488228e-03 9.844184168662800660e-01 -3.751834253916616624e-02 -1.717927661620254620e-01
6.654806733131408691e-01 -2.692392468452453613e-02 2.646435797214508057e-01 3.881569951772689819e-03 -5.655192956328392029e-02 9.660343639552593231e-03 9.839212464232280908e-01 -4.981512035757024170e-02 -1.715151148404185089e-01
6.656743884086608887e-01 -2.974943816661834717e-02 2.651996910572052002e-01 3.867327235639095306e-03 -5.646860226988792419e-02 1.258438825607299805e-02 9.809997910343370986e-01 -8.245451498698540271e-02 -1.756150988578361050e-01
6.658393740653991699e-01 -3.252824395895004272e-02 2.658067643642425537e-01 2.732105087488889694e-03 -5.468355491757392883e-02 1.169841829687356949e-02 9.809997910343370986e-01 -8.245451498698540271e-02 -1.756150988578361050e-01
6.659286618232727051e-01 -3.519963100552558899e-02 2.662894427776336670e-01 8.399925427511334419e-04 -5.217196419835090637e-02 7.608739659190177917e-03 9.809997910343370986e-01 -8.245451498698540271e-02 -1.756150988578361050e-01
6.659146547317504883e-01 -3.775393217802047729e-02 2.665122151374816895e-01 -1.401051180437207222e-03 -5.000009760260581970e-02 1.302107353694736958e-03 9.505757841099088390e-01 1.054976595529828476e-01 -2.920204145101413795e-01
6.657888293266296387e-01 -4.022942483425140381e-02 2.663946151733398438e-01 -3.631521482020616531e-03 -4.901955649256706238e-02 -6.006701383739709854e-03 9.505757841099088390e-01 1.054976595529828476e-01 -2.920204145101413795e-01
6.655595302581787109e-01 -4.269702360033988953e-02 2.659175395965576172e-01 -5.540475249290466309e-03 -4.968434199690818787e-02 -1.307683344930410385e-02 9.505757841099088390e-01 1.054976595529828476e-01 -2.920204145101413795e-01
6.652492880821228027e-01 -4.523950442671775818e-02 2.651199996471405029e-01 -6.869758944958448410e-03 -5.201482027769088745e-02 -1.882483251392841339e-02 9.505757841099088390e-01 1.054976595529828476e-01 -2.920204145101413795e-01
6.648909449577331543e-01 -4.792970046401023865e-02 2.640877962112426758e-01 -7.463522255420684814e-03 -5.559304729104042053e-02 -2.246373705565929413e-02 9.523317187488905544e-01 9.196619655990834197e-02 -2.908719927271929961e-01
6.645229458808898926e-01 -5.080932378768920898e-02 2.629387080669403076e-01 -7.257195655256509781e-03 -5.959192663431167603e-02 -2.349931187927722931e-02 9.426402246771306004e-01 8.953746522291740340e-02 -3.215780607257028856e-01
6.641848683357238770e-01 -5.387160181999206543e-02 2.618075609207153320e-01 -6.265678443014621735e-03 -6.289914250373840332e-02 -2.174693718552589417e-02 9.389562661735105786e-01 4.795376614628862194e-02 -3.406780980983170060e-01
6.639137268066406250e-01 -5.705345049500465393e-02 2.608296573162078857e-01 -4.580923821777105331e-03 -6.437481194734573364e-02 -1.736886613070964813e-02 9.389562661735105786e-01 4.795376614628862194e-02 -3.406780980983170060e-01
6.637410521507263184e-01 -6.023955345153808594e-02 2.601256966590881348e-01 -2.326964400708675385e-03 -6.306925415992736816e-02 -1.078906841576099396e-02 9.585007251760253588e-01 -2.321816662963019362e-02 -2.841430565285598120e-01
6.636915206909179688e-01 -6.327558308839797974e-02 2.597908675670623779e-01 3.447977360337972641e-04 -5.837180092930793762e-02 -2.604473847895860672e-03 9.585007251760253588e-01 -2.321816662963019362e-02 -2.841430565285598120e-01
6.637815237045288086e-01 -6.598719954490661621e-02 2.598883211612701416e-01 3.255887422710657120e-03 -5.009279772639274597e-02 6.502915173768997192e-03 9.478111686638367450e-01 -3.731208966950308459e-02 -3.166414320940755811e-01
6.640188694000244141e-01 -6.820157170295715332e-02 2.604468762874603271e-01 6.238207686692476273e-03 -3.848218545317649841e-02 1.583919115364551544e-02 9.314098980253097126e-01 -4.066981567478013954e-02 -3.616926429324508474e-01
6.644027829170227051e-01 -6.976824998855590820e-02 2.614616751670837402e-01 9.119465947151184082e-03 -2.418499812483787537e-02 2.475241944193840027e-02 9.314098980253097126e-01 -4.066981567478013954e-02 -3.616926429324508474e-01
6.649230718612670898e-01 -7.057695835828781128e-02 2.628967463970184326e-01 1.169146224856376648e-02 -8.163285441696643829e-03 3.264998272061347961e-02 9.236973554916256823e-01 -5.341807084999210947e-02 -3.793806863329267642e-01
6.655588746070861816e-01 -7.057119160890579224e-02 2.646884918212890625e-01 1.374076399952173233e-02 8.393873460590839386e-03 3.901937603950500488e-02 9.414908215689946624e-01 -2.139482451316204389e-02 -3.363588773667053333e-01
6.662796139717102051e-01 -6.975653022527694702e-02 2.667503952980041504e-01 1.508956681936979294e-02 2.419252507388591766e-02 4.345671087503433228e-02 9.418996795058673932e-01 3.198495575934320726e-04 -3.358941670243837940e-01
6.670476794242858887e-01 -6.820160150527954102e-02 2.689799070358276367e-01 1.563375815749168396e-02 3.800470381975173950e-02 4.572326689958572388e-02 9.418996795058673932e-01 3.198495575934320726e-04 -3.358941670243837940e-01
6.678231358528137207e-01 -6.603078544139862061e-02 2.712689936161041260e-01 1.538527291268110275e-02 4.882800206542015076e-02 4.583999887108802795e-02 9.319624005778022191e-01 4.598761923711562616e-02 -3.596265045629457036e-01
6.685699224472045898e-01 -6.340916454792022705e-02 2.735185921192169189e-01 1.448617409914731979e-02 5.603684484958648682e-02 4.414396733045578003e-02 9.319624005778022191e-01 4.598761923711562616e-02 -3.596265045629457036e-01
6.692621111869812012e-01 -6.052099913358688354e-02 2.756541073322296143e-01 1.320174429565668106e-02 5.948981270194053650e-02 4.127641767263412476e-02 9.319624005778022191e-01 4.598761923711562616e-02 -3.596265045629457036e-01
6.698901057243347168e-01 -5.754647776484489441e-02 2.776393592357635498e-01 1.191694382578134537e-02 5.949098244309425354e-02 3.813407570123672485e-02 9.537438909714992530e-01 -1.479979327462296185e-02 -3.002558185141019353e-01
6.704666614532470703e-01 -5.464448779821395874e-02 2.794875502586364746e-01 1.114530116319656372e-02 5.658860877156257629e-02 3.579325228929519653e-02 9.537438909714992530e-01 -1.479979327462296185e-02 -3.002558185141019353e-01
6.710326075553894043e-01 -5.194445326924324036e-02 2.812671661376953125e-01 1.149328518658876419e-02 5.141273513436317444e-02 3.539181128144264221e-02 9.537438909714992530e-01 -1.479979327462296185e-02 -3.002558185141019353e-01
6.716585159301757812e-01 -4.954311251640319824e-02 2.831000685691833496e-01 1.354382745921611786e-02 4.464084655046463013e-02 3.792445361614227295e-02 9.469629379642879874e-01 3.047254241189296942e-02 -3.198946987353802895e-01
6.724416613578796387e-01 -4.750573262572288513e-02 2.851473093032836914e-01 1.778226159512996674e-02 3.685435652732849121e-02 4.396538808941841125e-02 9.469629379642879874e-01 3.047254241189296942e-02 -3.198946987353802895e-01
6.734965443611145020e-01 -4.587534070014953613e-02 2.875781953334808350e-01 2.441238611936569214e-02 2.836130559444427490e-02 5.327055975794792175e-02 9.469629379642879874e-01 3.047254241189296942e-02 -3.198946987353802895e-01
6.749367117881774902e-01 -4.468663781881332397e-02 2.905247509479522705e-01 3.319450467824935913e-02 1.918680593371391296e-02 6.459143757820129395e-02 9.469629379642879874e-01 3.047254241189296942e-02 -3.198946987353802895e-01
6.768511533737182617e-01 -4.397587105631828308e-02 2.940362989902496338e-01 4.338335245847702026e-02 9.243831969797611237e-03 7.587080448865890503e-02 9.360238291068581074e-01 1.568519955085943482e-02 -3.515869250373012678e-01
6.792765855789184570e-01 -4.378062486648559570e-02 2.980458140373229980e-01 5.363428965210914612e-02 -1.434021280147135258e-03 8.450989425182342529e-02 9.360238291068581074e-01 1.568519955085943482e-02 -3.515869250373012678e-01
6.821685433387756348e-01 -4.412962868809700012e-02 3.023566007614135742e-01 6.204419210553169250e-02 -1.252608932554721832e-02 8.792164921760559082e-02 7.271209743979222262e-01 1.137887443066641219e-01 -6.770134490966397411e-01
6.853789687156677246e-01 -4.503064602613449097e-02 3.066699206829071045e-01 6.637385487556457520e-02 -2.351466938853263855e-02 8.461158722639083862e-02 6.642614823735252250e-01 1.136511260615991198e-01 -7.388099245258263892e-01
6.886596679687500000e-01 -4.646504670381546021e-02 3.106564283370971680e-01 6.485500186681747437e-02 -3.386140987277030945e-02 7.484827935695648193e-02 6.642614823735252250e-01 1.136511260615991198e-01 -7.388099245258263892e-01
6.917107701301574707e-01 -4.838945716619491577e-02 3.140358030796051025e-01 5.718805640935897827e-02 -4.311501234769821167e-02 6.032678484916687012e-02 5.696736645575419811e-01 6.787944968481844643e-02 -8.190630599764996411e-01
6.942585110664367676e-01 -5.074175447225570679e-02 3.166293203830718994e-01 4.472117125988006592e-02 -5.097692459821701050e-02 4.341360554099082947e-02 6.351063864280772631e-01 -4.756270400141949031e-03 -7.724100308826590267e-01
6.961215138435363770e-01 -5.344850569963455200e-02 3.183734118938446045e-01 2.979893982410430908e-02 -5.729309096932411194e-02 2.634964510798454285e-02 6.701022810940705510e-01 -4.083153323072313129e-02 -7.411448702949724465e-01
6.972384452819824219e-01 -5.643146112561225891e-02 3.193034827709197998e-01 1.487843412905931473e-02 -6.202518567442893982e-02 1.085359975695610046e-02 6.701022810940705510e-01 -4.083153323072313129e-02 -7.411448702949724465e-01
6.976606249809265137e-01 -5.961272120475769043e-02 3.195266127586364746e-01 2.008387818932533264e-03 -6.522526592016220093e-02 -1.928072771988809109e-03 6.610608466043753628e-01 -7.886056982188534292e-03 -7.502908550622084949e-01
6.975272297859191895e-01 -6.291916966438293457e-02 3.191952109336853027e-01 -7.344190962612628937e-03 -6.703276932239532471e-02 -1.132792141288518906e-02 6.610608466043753628e-01 -7.886056982188534292e-03 -7.502908550622084949e-01
6.970351934432983398e-01 -6.628675013780593872e-02 3.184879124164581299e-01 -1.233807764947414398e-02 -6.767041981220245361e-02 -1.696421392261981964e-02 6.610608466043753628e-01 -7.886056982188534292e-03 -7.502908550622084949e-01
6.964091658592224121e-01 -6.966178864240646362e-02 3.175972700119018555e-01 -1.270203944295644760e-02 -6.733101606369018555e-02 -1.866169832646846771e-02 5.990593440702285388e-01 6.404440891394740099e-02 -7.981392209176356722e-01
6.958755254745483398e-01 -7.299436628818511963e-02 3.167184591293334961e-01 -8.644118905067443848e-03 -6.597200036048889160e-02 -1.649105176329612732e-02 5.990593440702285388e-01 6.404440891394740099e-02 -7.981392209176356722e-01
6.956377029418945312e-01 -7.622244954109191895e-02 3.160362839698791504e-01 -8.687126100994646549e-04 -6.315138190984725952e-02 -1.079576462507247925e-02 5.990593440702285388e-01 6.404440891394740099e-02 -7.981392209176356722e-01
6.958508491516113281e-01 -7.925302535295486450e-02 3.157099783420562744e-01 9.393671527504920959e-03 -5.807150527834892273e-02 -2.256051637232303619e-03 5.917458972970590647e-01 2.019744175170141154e-01 -7.804121524545610811e-01
6.965974569320678711e-01 -8.195345103740692139e-02 3.158557116985321045e-01 2.047126181423664093e-02 -4.994536563754081726e-02 8.085500448942184448e-03 5.917458972970590647e-01 2.019744175170141154e-01 -7.804121524545610811e-01
6.978735923767089844e-01 -8.416381478309631348e-02 3.165309429168701172e-01 3.057338856160640717e-02 -3.846931830048561096e-02 1.892345771193504333e-02 5.917458972970590647e-01 2.019744175170141154e-01 -7.804121524545610811e-01
6.995911002159118652e-01 -8.572578430175781250e-02 3.177250623703002930e-01 3.812667727470397949e-02 -2.400957420468330383e-02 2.884164266288280487e-02 6.224610113104723785e-01 1.809553930757794582e-01 -7.614443086090629809e-01
7.015944123268127441e-01 -8.651276677846908569e-02 3.193576037883758545e-01 4.200505837798118591e-02 -7.469628937542438507e-03 3.645959869027137756e-02 6.224610113104723785e-01 1.809553930757794582e-01 -7.614443086090629809e-01
7.036871314048767090e-01 -8.645191043615341187e-02 3.212860524654388428e-01 4.170460999011993408e-02 9.903830476105213165e-03 4.067836329340934753e-02 6.224610113104723785e-01 1.809553930757794582e-01 -7.614443086090629809e-01
7.056644558906555176e-01 -8.553507179021835327e-02 3.233251273632049561e-01 3.738736733794212341e-02 2.676985226571559906e-02 4.088430106639862061e-02 6.586874754571540036e-01 1.700867437351173683e-01 -7.329401812422796647e-01
7.073445320129394531e-01 -8.381583541631698608e-02 3.252735137939453125e-01 2.981599606573581696e-02 4.199970513582229614e-02 3.705076500773429871e-02 6.862697491919482751e-01 1.630167849540319069e-01 -7.088436775236633958e-01
7.085951566696166992e-01 -8.139337599277496338e-02 3.269439041614532471e-01 2.021014876663684845e-02 5.489857494831085205e-02 2.976433001458644867e-02 6.797857502960332754e-01 1.653434375153675362e-01 -7.145298323814484043e-01
7.093498110771179199e-01 -7.838864624500274658e-02 3.281912803649902344e-01 9.975040331482887268e-03 6.529053300619125366e-02 2.013078145682811737e-02 6.797857502960332754e-01 1.653434375153675362e-01 -7.145298323814484043e-01
7.096090316772460938e-01 -7.492034137248992920e-02 3.289327919483184814e-01 3.944812633562833071e-04 7.344157993793487549e-02 9.529697708785533905e-03 6.797857502960332754e-01 1.653434375153675362e-01 -7.145298323814484043e-01
7.094296813011169434e-01 -7.108887284994125366e-02 3.291533589363098145e-01 -7.569458335638046265e-03 7.981710880994796753e-02 -7.066230173222720623e-04 6.797857502960332754e-01 1.653434375153675362e-01 -7.145298323814484043e-01
7.089066505432128906e-01 -6.697366386651992798e-02 3.288985788822174072e-01 -1.335213612765073776e-02 8.479119837284088135e-02 -9.485095739364624023e-03 6.092714434562077619e-01 -4.682391903896358093e-02 -7.915780623492678636e-01
7.081524729728698730e-01 -6.264354288578033447e-02 3.282597064971923828e-01 -1.681390032172203064e-02 8.841368556022644043e-02 -1.606993563473224640e-02 6.092714434562077619e-01 -4.682391903896358093e-02 -7.915780623492678636e-01
7.072769403457641602e-01 -5.817393213510513306e-02 3.273534178733825684e-01 -1.820760220289230347e-02 9.037072956562042236e-02 -2.018189616501331329e-02 6.092714434562077619e-01 -4.682391903896358093e-02 -7.915780623492678636e-01
7.063705325126647949e-01 -5.366081371903419495e-02 3.263004720211029053e-01 -1.804765313863754272e-02 9.015393257141113281e-02 -2.193615585565567017e-02 6.092714434562077619e-01 -4.682391903896358093e-02 -7.915780623492678636e-01
7.054935097694396973e-01 -4.922505840659141541e-02 3.252095878124237061e-01 -1.703353598713874817e-02 8.727623522281646729e-02 -2.169877849519252777e-02 6.513675503395239819e-01 -3.632562906098643629e-02 -7.578923162534444424e-01
7.046710848808288574e-01 -4.500713199377059937e-02 3.241660296916961670e-01 -1.586460508406162262e-02 8.144075423479080200e-02 -2.004302479326725006e-02 6.513675503395239819e-01 -3.632562906098643629e-02 -7.578923162534444424e-01
7.038983106613159180e-01 -4.115677252411842346e-02 3.232235908508300781e-01 -1.504611317068338394e-02 7.257363200187683105e-02 -1.765480265021324158e-02 6.493721915011296808e-01 6.047984864712524500e-02 -7.580619663395866681e-01
7.031482458114624023e-01 -3.782230615615844727e-02 3.224026560783386230e-01 -1.495601702481508255e-02 6.080500409007072449e-02 -1.518314797431230545e-02 6.493721915011296808e-01 6.047984864712524500e-02 -7.580619663395866681e-01
7.023782730102539062e-01 -3.514000400900840759e-02 3.216947615146636963e-01 -1.584349758923053741e-02 4.648709297180175781e-02 -1.313214376568794250e-02 6.493721915011296808e-01 6.047984864712524500e-02 -7.580619663395866681e-01
7.015381455421447754e-01 -3.322161734104156494e-02 3.210704326629638672e-01 -1.776053570210933685e-02 3.024840354919433594e-02 -1.184051577001810074e-02 6.452926185040934737e-01 3.422987636110257081e-03 -7.639278235918451898e-01
7.005778551101684570e-01 -3.214316070079803467e-02 3.204847276210784912e-01 -2.064993977546691895e-02 1.288989000022411346e-02 -1.158762443810701370e-02 6.452926185040934737e-01 3.422987636110257081e-03 -7.639278235918451898e-01
6.994518637657165527e-01 -3.194108977913856506e-02 3.198780417442321777e-01 -2.439033798873424530e-02 -4.807020071893930435e-03 -1.267926394939422607e-02 6.371796476353064342e-01 -4.279983088153757609e-02 -7.695260041830027653e-01
6.981198787689208984e-01 -3.261508047580718994e-02 3.191729485988616943e-01 -2.888886071741580963e-02 -2.215262874960899353e-02 -1.552401669323444366e-02 6.291516742679023055e-01 -1.588433640577040576e-02 -7.771202343401204526e-01
6.965444087982177734e-01 -3.413345292210578918e-02 3.182689547538757324e-01 -3.413011133670806885e-02 -3.858219459652900696e-02 -2.063546516001224518e-02 6.291516742679023055e-01 -1.588433640577040576e-02 -7.771202343401204526e-01
6.946879625320434570e-01 -3.643956407904624939e-02 3.170405030250549316e-01 -4.012839496135711670e-02 -5.366217344999313354e-02 -2.850248850882053375e-02 6.160401547677166745e-01 -5.981563183218972617e-03 -7.876920391965713808e-01
6.925165057182312012e-01 -3.945737332105636597e-02 3.153457343578338623e-01 -4.672870039939880371e-02 -6.705017387866973877e-02 -3.928858041763305664e-02 6.160401547677166745e-01 -5.981563183218972617e-03 -7.876920391965713808e-01
6.900177597999572754e-01 -4.309187829494476318e-02 3.130525946617126465e-01 -5.322061106562614441e-02 -7.833008468151092529e-02 -5.243696272373199463e-02 5.696736645575419811e-01 6.787944968481844643e-02 -8.190630599764996411e-01
6.872332692146301270e-01 -4.721942543983459473e-02 3.100833892822265625e-01 -5.815955251455307007e-02 -8.677175641059875488e-02 -6.633082777261734009e-02 6.642614823735252250e-01 1.136511260615991198e-01 -7.388099245258263892e-01
6.842824220657348633e-01 -5.167480185627937317e-02 3.064661622047424316e-01 -5.987356975674629211e-02 -9.144327044486999512e-02 -7.835853844881057739e-02 6.642614823735252250e-01 1.136511260615991198e-01 -7.388099245258263892e-01
6.813480257987976074e-01 -5.625578388571739197e-02 3.023578226566314697e-01 -5.750202015042304993e-02 -9.179600328207015991e-02 -8.597549051046371460e-02 7.271209743979222262e-01 1.137887443066641219e-01 -6.770134490966397411e-01
6.786199212074279785e-01 -6.075331196188926697e-02 2.980006933212280273e-01 -5.162250250577926636e-02 -8.810509741306304932e-02 -8.830964565277099609e-02 9.497146953648077927e-01 -2.751450353673163055e-02 -3.119053534347523415e-01
6.762313246726989746e-01 -6.499106436967849731e-02 2.936275899410247803e-01 -4.392160475254058838e-02 -8.140490204095840454e-02 -8.661483973264694214e-02 9.497146953648077927e-01 -2.751450353673163055e-02 -3.119053534347523415e-01
6.742253303527832031e-01 -6.885544210672378540e-02 2.893789112567901611e-01 -3.631869703531265259e-02 -7.317032665014266968e-02 -8.333195745944976807e-02 9.497146953648077927e-01 -2.751450353673163055e-02 -3.119053534347523415e-01
6.725612878799438477e-01 -7.230959087610244751e-02 2.852777540683746338e-01 -3.024326078593730927e-02 -6.499551236629486084e-02 -8.071445673704147339e-02 9.634676623421329911e-01 -3.922118253924893050e-02 -2.649372802366787849e-01
6.711474061012268066e-01 -7.539094239473342896e-02 2.812650799751281738e-01 -2.631159126758575439e-02 -5.825851112604141235e-02 -7.979277521371841431e-02 9.634676623421329911e-01 -3.922118253924893050e-02 -2.649372802366787849e-01
6.698814630508422852e-01 -7.819239795207977295e-02 2.772644758224487305e-01 -2.432549372315406799e-02 -5.379964783787727356e-02 -8.023191988468170166e-02 9.599493560181566743e-01 -3.283048773768898476e-02 -2.782434059474401256e-01
6.686825752258300781e-01 -8.082932978868484497e-02 2.732337415218353271e-01 -2.362962998449802399e-02 -5.167771130800247192e-02 -8.099778741598129272e-02 9.405845575918704293e-01 1.166652878655721412e-02 -3.393590754993565106e-01
6.675041913986206055e-01 -8.340007066726684570e-02 2.691758573055267334e-01 -2.350583858788013458e-02 -5.115190148353576660e-02 -8.131787925958633423e-02 9.319624005778022191e-01 4.598761923711562616e-02 -3.596265045629457036e-01
