time: 0.000000000
Joint Positions: 0 0 0 0 0 0 0 
End-Effector Position: -8.52966e-17 3.01263e-17 1.261 
End-Effector Quaternion: 1 3.08149e-33 -6.12323e-17 -1.83697e-16 
Manipulability: 1.0488e-33
Manipulability Ellipsoid Eigenvalues: 2.59029e-33 3.15675e-32 1.04972 
Manipulability Ellipsoid Eigenvectors: 0 0.533691 0.845679 0 -0.845679 0.533691 1 0 0 
Force Ellipsoid Eigenvalues: 74.3374 1.35624e+32 7.03652e+33 
Force Ellipsoid Eigenvectors: 1 0 0 0 0.999997 -0.00238849 0 0.00238849 0.999997 
joint effort: 0 0 0 0 0 0 0 
----------------------------------------
time: 0.158000000
Joint Positions: 0 0 0 0 0 0 0 
End-Effector Position: -8.52966e-17 3.01263e-17 1.261 
End-Effector Quaternion: 1 3.08149e-33 -6.12323e-17 -1.83697e-16 
Manipulability: 1.0488e-33
Manipulability Ellipsoid Eigenvalues: 2.59029e-33 3.15675e-32 1.04972 
Manipulability Ellipsoid Eigenvectors: 0 0.533691 0.845679 0 -0.845679 0.533691 1 0 0 
Force Ellipsoid Eigenvalues: 74.3374 1.35624e+32 7.03652e+33 
Force Ellipsoid Eigenvectors: 1 0 0 0 0.999997 -0.00238849 0 0.00238849 0.999997 
joint effort: 1.08054e-14 32.0545 9.24178e-15 -75.9432 1.07609e-14 0.599062 1.08778e-14 
----------------------------------------
time: 0.159000000
Joint Positions: 0 0 0 0 0 0 0 
End-Effector Position: -8.52966e-17 3.01263e-17 1.261 
End-Effector Quaternion: 1 3.08149e-33 -6.12323e-17 -1.83697e-16 
Manipulability: 1.0488e-33
Manipulability Ellipsoid Eigenvalues: 2.59029e-33 3.15675e-32 1.04972 
Manipulability Ellipsoid Eigenvectors: 0 0.533691 0.845679 0 -0.845679 0.533691 1 0 0 
Force Ellipsoid Eigenvalues: 74.3374 1.35624e+32 7.03652e+33 
Force Ellipsoid Eigenvectors: 1 0 0 0 0.999997 -0.00238849 0 0.00238849 0.999997 
joint effort: 1.08054e-14 32.0545 9.24178e-15 -75.9432 1.07609e-14 0.599062 1.08778e-14 
----------------------------------------
time: 0.164000000
Joint Positions: 0 0 0 0 0 0 0 
End-Effector Position: -8.52966e-17 3.01263e-17 1.261 
End-Effector Quaternion: 1 3.08149e-33 -6.12323e-17 -1.83697e-16 
Manipulability: 1.0488e-33
Manipulability Ellipsoid Eigenvalues: 2.59029e-33 3.15675e-32 1.04972 
Manipulability Ellipsoid Eigenvectors: 0 0.533691 0.845679 0 -0.845679 0.533691 1 0 0 
Force Ellipsoid Eigenvalues: 74.3374 1.35624e+32 7.03652e+33 
Force Ellipsoid Eigenvectors: 1 0 0 0 0.999997 -0.00238849 0 0.00238849 0.999997 
joint effort: 1.08054e-14 32.0545 9.24178e-15 -75.9432 1.07609e-14 0.599062 1.08778e-14 
----------------------------------------
time: 0.169000000
Joint Positions: 0 0 0 0 0 0 0 
End-Effector Position: -8.52966e-17 3.01263e-17 1.261 
End-Effector Quaternion: 1 3.08149e-33 -6.12323e-17 -1.83697e-16 
Manipulability: 1.0488e-33
Manipulability Ellipsoid Eigenvalues: 2.59029e-33 3.15675e-32 1.04972 
Manipulability Ellipsoid Eigenvectors: 0 0.533691 0.845679 0 -0.845679 0.533691 1 0 0 
Force Ellipsoid Eigenvalues: 74.3374 1.35624e+32 7.03652e+33 
Force Ellipsoid Eigenvectors: 1 0 0 0 0.999997 -0.00238849 0 0.00238849 0.999997 
joint effort: 1.08054e-14 32.0545 9.24178e-15 -75.9432 1.07609e-14 0.599062 1.08778e-14 
----------------------------------------
time: 0.174000000
Joint Positions: 0 0 0 0 0 0 0 
End-Effector Position: -8.52966e-17 3.01263e-17 1.261 
End-Effector Quaternion: 1 3.08149e-33 -6.12323e-17 -1.83697e-16 
Manipulability: 1.0488e-33
Manipulability Ellipsoid Eigenvalues: 2.59029e-33 3.15675e-32 1.04972 
Manipulability Ellipsoid Eigenvectors: 0 0.533691 0.845679 0 -0.845679 0.533691 1 0 0 
Force Ellipsoid Eigenvalues: 74.3374 1.35624e+32 7.03652e+33 
Force Ellipsoid Eigenvectors: 1 0 0 0 0.999997 -0.00238849 0 0.00238849 0.999997 
joint effort: 1.08054e-14 32.0545 9.24178e-15 -75.9432 1.07609e-14 0.599062 1.08778e-14 
----------------------------------------
time: 0.179000000
Joint Positions: 0 0 0 0 0 0 0 
End-Effector Position: -8.52966e-17 3.01263e-17 1.261 
End-Effector Quaternion: 1 3.08149e-33 -6.12323e-17 -1.83697e-16 
Manipulability: 1.0488e-33
Manipulability Ellipsoid Eigenvalues: 2.59029e-33 3.15675e-32 1.04972 
Manipulability Ellipsoid Eigenvectors: 0 0.533691 0.845679 0 -0.845679 0.533691 1 0 0 
Force Ellipsoid Eigenvalues: 74.3374 1.35624e+32 7.03652e+33 
Force Ellipsoid Eigenvectors: 1 0 0 0 0.999997 -0.00238849 0 0.00238849 0.999997 
joint effort: 1.08054e-14 32.0545 9.24178e-15 -75.9432 1.07609e-14 0.599062 1.08778e-14 
----------------------------------------
time: 0.184000000
Joint Positions: 0 0 0 0 0 0 0 
End-Effector Position: -8.52966e-17 3.01263e-17 1.261 
End-Effector Quaternion: 1 3.08149e-33 -6.12323e-17 -1.83697e-16 
Manipulability: 1.0488e-33
Manipulability Ellipsoid Eigenvalues: 2.59029e-33 3.15675e-32 1.04972 
Manipulability Ellipsoid Eigenvectors: 0 0.533691 0.845679 0 -0.845679 0.533691 1 0 0 
Force Ellipsoid Eigenvalues: 74.3374 1.35624e+32 7.03652e+33 
Force Ellipsoid Eigenvectors: 1 0 0 0 0.999997 -0.00238849 0 0.00238849 0.999997 
joint effort: 1.08054e-14 32.0545 9.24178e-15 -75.9432 1.07609e-14 0.599062 1.08778e-14 
----------------------------------------
time: 0.189000000
Joint Positions: 0 0 0 0 0 0 0 
End-Effector Position: -8.52966e-17 3.01263e-17 1.261 
End-Effector Quaternion: 1 3.08149e-33 -6.12323e-17 -1.83697e-16 
Manipulability: 1.0488e-33
Manipulability Ellipsoid Eigenvalues: 2.59029e-33 3.15675e-32 1.04972 
Manipulability Ellipsoid Eigenvectors: 0 0.533691 0.845679 0 -0.845679 0.533691 1 0 0 
Force Ellipsoid Eigenvalues: 74.3374 1.35624e+32 7.03652e+33 
Force Ellipsoid Eigenvectors: 1 0 0 0 0.999997 -0.00238849 0 0.00238849 0.999997 
joint effort: 1.08054e-14 32.0545 9.24178e-15 -75.9432 1.07609e-14 0.599062 1.08778e-14 
----------------------------------------
time: 0.195000000
Joint Positions: 0 0 0 0 0 0 0 
End-Effector Position: -8.52966e-17 3.01263e-17 1.261 
End-Effector Quaternion: 1 3.08149e-33 -6.12323e-17 -1.83697e-16 
Manipulability: 1.0488e-33
Manipulability Ellipsoid Eigenvalues: 2.59029e-33 3.15675e-32 1.04972 
Manipulability Ellipsoid Eigenvectors: 0 0.533691 0.845679 0 -0.845679 0.533691 1 0 0 
Force Ellipsoid Eigenvalues: 74.3374 1.35624e+32 7.03652e+33 
Force Ellipsoid Eigenvectors: 1 0 0 0 0.999997 -0.00238849 0 0.00238849 0.999997 
joint effort: 1.08054e-14 32.0545 9.24178e-15 -75.9432 1.07609e-14 0.599062 1.08778e-14 
----------------------------------------
time: 0.200000000
Joint Positions: 0 0 0 0 0 0 0 
End-Effector Position: -8.52966e-17 3.01263e-17 1.261 
End-Effector Quaternion: 1 3.08149e-33 -6.12323e-17 -1.83697e-16 
Manipulability: 1.0488e-33
Manipulability Ellipsoid Eigenvalues: 2.59029e-33 3.15675e-32 1.04972 
Manipulability Ellipsoid Eigenvectors: 0 0.533691 0.845679 0 -0.845679 0.533691 1 0 0 
Force Ellipsoid Eigenvalues: 74.3374 1.35624e+32 7.03652e+33 
Force Ellipsoid Eigenvectors: 1 0 0 0 0.999997 -0.00238849 0 0.00238849 0.999997 
joint effort: 1.08054e-14 32.0545 9.24178e-15 -75.9432 1.07609e-14 0.599062 1.08778e-14 
----------------------------------------
time: 0.204000000
Joint Positions: 0 0 0 0 0 0 0 
End-Effector Position: -8.52966e-17 3.01263e-17 1.261 
End-Effector Quaternion: 1 3.08149e-33 -6.12323e-17 -1.83697e-16 
Manipulability: 1.0488e-33
Manipulability Ellipsoid Eigenvalues: 2.59029e-33 3.15675e-32 1.04972 
Manipulability Ellipsoid Eigenvectors: 0 0.533691 0.845679 0 -0.845679 0.533691 1 0 0 
Force Ellipsoid Eigenvalues: 74.3374 1.35624e+32 7.03652e+33 
Force Ellipsoid Eigenvectors: 1 0 0 0 0.999997 -0.00238849 0 0.00238849 0.999997 
joint effort: 1.08054e-14 32.0545 9.24178e-15 -75.9432 1.07609e-14 0.599062 1.08778e-14 
----------------------------------------
time: 0.209000000
Joint Positions: 0 0 0 0 0 0 0 
End-Effector Position: -8.52966e-17 3.01263e-17 1.261 
End-Effector Quaternion: 1 3.08149e-33 -6.12323e-17 -1.83697e-16 
Manipulability: 1.0488e-33
Manipulability Ellipsoid Eigenvalues: 2.59029e-33 3.15675e-32 1.04972 
Manipulability Ellipsoid Eigenvectors: 0 0.533691 0.845679 0 -0.845679 0.533691 1 0 0 
Force Ellipsoid Eigenvalues: 74.3374 1.35624e+32 7.03652e+33 
Force Ellipsoid Eigenvectors: 1 0 0 0 0.999997 -0.00238849 0 0.00238849 0.999997 
joint effort: 1.08054e-14 32.0545 9.24178e-15 -75.9432 1.07609e-14 0.599062 1.08778e-14 
----------------------------------------
time: 0.214000000
Joint Positions: 0 0 0 0 0 0 0 
End-Effector Position: -8.52966e-17 3.01263e-17 1.261 
End-Effector Quaternion: 1 3.08149e-33 -6.12323e-17 -1.83697e-16 
Manipulability: 1.0488e-33
Manipulability Ellipsoid Eigenvalues: 2.59029e-33 3.15675e-32 1.04972 
Manipulability Ellipsoid Eigenvectors: 0 0.533691 0.845679 0 -0.845679 0.533691 1 0 0 
Force Ellipsoid Eigenvalues: 74.3374 1.35624e+32 7.03652e+33 
Force Ellipsoid Eigenvectors: 1 0 0 0 0.999997 -0.00238849 0 0.00238849 0.999997 
joint effort: 1.08054e-14 32.0545 9.24178e-15 -75.9432 1.07609e-14 0.599062 1.08778e-14 
----------------------------------------
time: 0.219000000
Joint Positions: 0 0 0 0 0 0 0 
End-Effector Position: -8.52966e-17 3.01263e-17 1.261 
End-Effector Quaternion: 1 3.08149e-33 -6.12323e-17 -1.83697e-16 
Manipulability: 1.0488e-33
Manipulability Ellipsoid Eigenvalues: 2.59029e-33 3.15675e-32 1.04972 
Manipulability Ellipsoid Eigenvectors: 0 0.533691 0.845679 0 -0.845679 0.533691 1 0 0 
Force Ellipsoid Eigenvalues: 74.3374 1.35624e+32 7.03652e+33 
Force Ellipsoid Eigenvectors: 1 0 0 0 0.999997 -0.00238849 0 0.00238849 0.999997 
joint effort: 1.08054e-14 32.0545 9.24178e-15 -75.9432 1.07609e-14 0.599062 1.08778e-14 
----------------------------------------
time: 0.224000000
Joint Positions: 0 0 0 0 0 0 0 
End-Effector Position: -8.52966e-17 3.01263e-17 1.261 
End-Effector Quaternion: 1 3.08149e-33 -6.12323e-17 -1.83697e-16 
Manipulability: 1.0488e-33
Manipulability Ellipsoid Eigenvalues: 2.59029e-33 3.15675e-32 1.04972 
Manipulability Ellipsoid Eigenvectors: 0 0.533691 0.845679 0 -0.845679 0.533691 1 0 0 
Force Ellipsoid Eigenvalues: 74.3374 1.35624e+32 7.03652e+33 
Force Ellipsoid Eigenvectors: 1 0 0 0 0.999997 -0.00238849 0 0.00238849 0.999997 
joint effort: 1.08054e-14 32.0545 9.24178e-15 -75.9432 1.07609e-14 0.599062 1.08778e-14 
----------------------------------------
time: 0.229000000
Joint Positions: 0 0 0 0 0 0 0 
End-Effector Position: -8.52966e-17 3.01263e-17 1.261 
End-Effector Quaternion: 1 3.08149e-33 -6.12323e-17 -1.83697e-16 
Manipulability: 1.0488e-33
Manipulability Ellipsoid Eigenvalues: 2.59029e-33 3.15675e-32 1.04972 
Manipulability Ellipsoid Eigenvectors: 0 0.533691 0.845679 0 -0.845679 0.533691 1 0 0 
Force Ellipsoid Eigenvalues: 74.3374 1.35624e+32 7.03652e+33 
Force Ellipsoid Eigenvectors: 1 0 0 0 0.999997 -0.00238849 0 0.00238849 0.999997 
joint effort: 1.08054e-14 32.0545 9.24178e-15 -75.9432 1.07609e-14 0.599062 1.08778e-14 
----------------------------------------
time: 0.234000000
Joint Positions: 0 0 0 0 0 0 0 
End-Effector Position: -8.52966e-17 3.01263e-17 1.261 
End-Effector Quaternion: 1 3.08149e-33 -6.12323e-17 -1.83697e-16 
Manipulability: 1.0488e-33
Manipulability Ellipsoid Eigenvalues: 2.59029e-33 3.15675e-32 1.04972 
Manipulability Ellipsoid Eigenvectors: 0 0.533691 0.845679 0 -0.845679 0.533691 1 0 0 
Force Ellipsoid Eigenvalues: 74.3374 1.35624e+32 7.03652e+33 
Force Ellipsoid Eigenvectors: 1 0 0 0 0.999997 -0.00238849 0 0.00238849 0.999997 
joint effort: 1.08054e-14 32.0545 9.24178e-15 -75.9432 1.07609e-14 0.599062 1.08778e-14 
----------------------------------------
time: 0.239000000
Joint Positions: 0 0 0 0 0 0 0 
End-Effector Position: -8.52966e-17 3.01263e-17 1.261 
End-Effector Quaternion: 1 3.08149e-33 -6.12323e-17 -1.83697e-16 
Manipulability: 1.0488e-33
Manipulability Ellipsoid Eigenvalues: 2.59029e-33 3.15675e-32 1.04972 
Manipulability Ellipsoid Eigenvectors: 0 0.533691 0.845679 0 -0.845679 0.533691 1 0 0 
Force Ellipsoid Eigenvalues: 74.3374 1.35624e+32 7.03652e+33 
Force Ellipsoid Eigenvectors: 1 0 0 0 0.999997 -0.00238849 0 0.00238849 0.999997 
joint effort: 1.08054e-14 32.0545 9.24178e-15 -75.9432 1.07609e-14 0.599062 1.08778e-14 
----------------------------------------
time: 0.245000000
Joint Positions: 0 0 0 0 0 0 0 
End-Effector Position: -8.52966e-17 3.01263e-17 1.261 
End-Effector Quaternion: 1 3.08149e-33 -6.12323e-17 -1.83697e-16 
Manipulability: 1.0488e-33
Manipulability Ellipsoid Eigenvalues: 2.59029e-33 3.15675e-32 1.04972 
Manipulability Ellipsoid Eigenvectors: 0 0.533691 0.845679 0 -0.845679 0.533691 1 0 0 
Force Ellipsoid Eigenvalues: 74.3374 1.35624e+32 7.03652e+33 
Force Ellipsoid Eigenvectors: 1 0 0 0 0.999997 -0.00238849 0 0.00238849 0.999997 
joint effort: 1.08054e-14 32.0545 9.24178e-15 -75.9432 1.07609e-14 0.599062 1.08778e-14 
----------------------------------------
time: 0.249000000
Joint Positions: 0 0 0 0 0 0 0 
End-Effector Position: -8.52966e-17 3.01263e-17 1.261 
End-Effector Quaternion: 1 3.08149e-33 -6.12323e-17 -1.83697e-16 
Manipulability: 1.0488e-33
Manipulability Ellipsoid Eigenvalues: 2.59029e-33 3.15675e-32 1.04972 
Manipulability Ellipsoid Eigenvectors: 0 0.533691 0.845679 0 -0.845679 0.533691 1 0 0 
Force Ellipsoid Eigenvalues: 74.3374 1.35624e+32 7.03652e+33 
Force Ellipsoid Eigenvectors: 1 0 0 0 0.999997 -0.00238849 0 0.00238849 0.999997 
joint effort: 1.08054e-14 32.0545 9.24178e-15 -75.9432 1.07609e-14 0.599062 1.08778e-14 
----------------------------------------
time: 0.254000000
Joint Positions: 0 0 0 0 0 0 0 
End-Effector Position: -8.52966e-17 3.01263e-17 1.261 
End-Effector Quaternion: 1 3.08149e-33 -6.12323e-17 -1.83697e-16 
Manipulability: 1.0488e-33
Manipulability Ellipsoid Eigenvalues: 2.59029e-33 3.15675e-32 1.04972 
Manipulability Ellipsoid Eigenvectors: 0 0.533691 0.845679 0 -0.845679 0.533691 1 0 0 
Force Ellipsoid Eigenvalues: 74.3374 1.35624e+32 7.03652e+33 
Force Ellipsoid Eigenvectors: 1 0 0 0 0.999997 -0.00238849 0 0.00238849 0.999997 
joint effort: 1.08054e-14 32.0545 9.24178e-15 -75.9432 1.07609e-14 0.599062 1.08778e-14 
----------------------------------------
time: 0.259000000
Joint Positions: 0 0 0 0 0 0 0 
End-Effector Position: -8.52966e-17 3.01263e-17 1.261 
End-Effector Quaternion: 1 3.08149e-33 -6.12323e-17 -1.83697e-16 
Manipulability: 1.0488e-33
Manipulability Ellipsoid Eigenvalues: 2.59029e-33 3.15675e-32 1.04972 
Manipulability Ellipsoid Eigenvectors: 0 0.533691 0.845679 0 -0.845679 0.533691 1 0 0 
Force Ellipsoid Eigenvalues: 74.3374 1.35624e+32 7.03652e+33 
Force Ellipsoid Eigenvectors: 1 0 0 0 0.999997 -0.00238849 0 0.00238849 0.999997 
joint effort: 1.08054e-14 32.0545 9.24178e-15 -75.9432 1.07609e-14 0.599062 1.08778e-14 
----------------------------------------
time: 0.264000000
Joint Positions: 0 0 0 0 0 0 0 
End-Effector Position: -8.52966e-17 3.01263e-17 1.261 
End-Effector Quaternion: 1 3.08149e-33 -6.12323e-17 -1.83697e-16 
Manipulability: 1.0488e-33
Manipulability Ellipsoid Eigenvalues: 2.59029e-33 3.15675e-32 1.04972 
Manipulability Ellipsoid Eigenvectors: 0 0.533691 0.845679 0 -0.845679 0.533691 1 0 0 
Force Ellipsoid Eigenvalues: 74.3374 1.35624e+32 7.03652e+33 
Force Ellipsoid Eigenvectors: 1 0 0 0 0.999997 -0.00238849 0 0.00238849 0.999997 
joint effort: 1.08054e-14 32.0545 9.24178e-15 -75.9432 1.07609e-14 0.599062 1.08778e-14 
----------------------------------------
time: 0.269000000
Joint Positions: 0 0 0 0 0 0 0 
End-Effector Position: -8.52966e-17 3.01263e-17 1.261 
End-Effector Quaternion: 1 3.08149e-33 -6.12323e-17 -1.83697e-16 
Manipulability: 1.0488e-33
Manipulability Ellipsoid Eigenvalues: 2.59029e-33 3.15675e-32 1.04972 
Manipulability Ellipsoid Eigenvectors: 0 0.533691 0.845679 0 -0.845679 0.533691 1 0 0 
Force Ellipsoid Eigenvalues: 74.3374 1.35624e+32 7.03652e+33 
Force Ellipsoid Eigenvectors: 1 0 0 0 0.999997 -0.00238849 0 0.00238849 0.999997 
joint effort: 1.08054e-14 32.0545 9.24178e-15 -75.9432 1.07609e-14 0.599062 1.08778e-14 
----------------------------------------
time: 0.274000000
Joint Positions: 0 0 0 0 0 0 0 
End-Effector Position: -8.52966e-17 3.01263e-17 1.261 
End-Effector Quaternion: 1 3.08149e-33 -6.12323e-17 -1.83697e-16 
Manipulability: 1.0488e-33
Manipulability Ellipsoid Eigenvalues: 2.59029e-33 3.15675e-32 1.04972 
Manipulability Ellipsoid Eigenvectors: 0 0.533691 0.845679 0 -0.845679 0.533691 1 0 0 
Force Ellipsoid Eigenvalues: 74.3374 1.35624e+32 7.03652e+33 
Force Ellipsoid Eigenvectors: 1 0 0 0 0.999997 -0.00238849 0 0.00238849 0.999997 
joint effort: 1.08054e-14 32.0545 9.24178e-15 -75.9432 1.07609e-14 0.599062 1.08778e-14 
----------------------------------------
time: 0.280000000
Joint Positions: 0 0 0 0 0 0 0 
End-Effector Position: -8.52966e-17 3.01263e-17 1.261 
End-Effector Quaternion: 1 3.08149e-33 -6.12323e-17 -1.83697e-16 
Manipulability: 1.0488e-33
Manipulability Ellipsoid Eigenvalues: 2.59029e-33 3.15675e-32 1.04972 
Manipulability Ellipsoid Eigenvectors: 0 0.533691 0.845679 0 -0.845679 0.533691 1 0 0 
Force Ellipsoid Eigenvalues: 74.3374 1.35624e+32 7.03652e+33 
Force Ellipsoid Eigenvectors: 1 0 0 0 0.999997 -0.00238849 0 0.00238849 0.999997 
joint effort: 1.08054e-14 32.0545 9.24178e-15 -75.9432 1.07609e-14 0.599062 1.08778e-14 
----------------------------------------
time: 0.284000000
Joint Positions: 0 0 0 0 0 0 0 
End-Effector Position: -8.52966e-17 3.01263e-17 1.261 
End-Effector Quaternion: 1 3.08149e-33 -6.12323e-17 -1.83697e-16 
Manipulability: 1.0488e-33
Manipulability Ellipsoid Eigenvalues: 2.59029e-33 3.15675e-32 1.04972 
Manipulability Ellipsoid Eigenvectors: 0 0.533691 0.845679 0 -0.845679 0.533691 1 0 0 
Force Ellipsoid Eigenvalues: 74.3374 1.35624e+32 7.03652e+33 
Force Ellipsoid Eigenvectors: 1 0 0 0 0.999997 -0.00238849 0 0.00238849 0.999997 
joint effort: 1.08054e-14 32.0545 9.24178e-15 -75.9432 1.07609e-14 0.599062 1.08778e-14 
----------------------------------------
time: 0.289000000
Joint Positions: 0 0 0 0 0 0 0 
End-Effector Position: -8.52966e-17 3.01263e-17 1.261 
End-Effector Quaternion: 1 3.08149e-33 -6.12323e-17 -1.83697e-16 
Manipulability: 1.0488e-33
Manipulability Ellipsoid Eigenvalues: 2.59029e-33 3.15675e-32 1.04972 
Manipulability Ellipsoid Eigenvectors: 0 0.533691 0.845679 0 -0.845679 0.533691 1 0 0 
Force Ellipsoid Eigenvalues: 74.3374 1.35624e+32 7.03652e+33 
Force Ellipsoid Eigenvectors: 1 0 0 0 0.999997 -0.00238849 0 0.00238849 0.999997 
joint effort: 1.08054e-14 32.0545 9.24178e-15 -75.9432 1.07609e-14 0.599062 1.08778e-14 
----------------------------------------
time: 0.294000000
Joint Positions: 0 0 0 0 0 0 0 
End-Effector Position: -8.52966e-17 3.01263e-17 1.261 
End-Effector Quaternion: 1 3.08149e-33 -6.12323e-17 -1.83697e-16 
Manipulability: 1.0488e-33
Manipulability Ellipsoid Eigenvalues: 2.59029e-33 3.15675e-32 1.04972 
Manipulability Ellipsoid Eigenvectors: 0 0.533691 0.845679 0 -0.845679 0.533691 1 0 0 
Force Ellipsoid Eigenvalues: 74.3374 1.35624e+32 7.03652e+33 
Force Ellipsoid Eigenvectors: 1 0 0 0 0.999997 -0.00238849 0 0.00238849 0.999997 
joint effort: 1.08054e-14 32.0545 9.24178e-15 -75.9432 1.07609e-14 0.599062 1.08778e-14 
----------------------------------------
time: 0.299000000
Joint Positions: 0 0 0 0 0 0 0 
End-Effector Position: -8.52966e-17 3.01263e-17 1.261 
End-Effector Quaternion: 1 3.08149e-33 -6.12323e-17 -1.83697e-16 
Manipulability: 1.0488e-33
Manipulability Ellipsoid Eigenvalues: 2.59029e-33 3.15675e-32 1.04972 
Manipulability Ellipsoid Eigenvectors: 0 0.533691 0.845679 0 -0.845679 0.533691 1 0 0 
Force Ellipsoid Eigenvalues: 74.3374 1.35624e+32 7.03652e+33 
Force Ellipsoid Eigenvectors: 1 0 0 0 0.999997 -0.00238849 0 0.00238849 0.999997 
joint effort: 1.08054e-14 32.0545 9.24178e-15 -75.9432 1.07609e-14 0.599062 1.08778e-14 
----------------------------------------
time: 0.304000000
Joint Positions: 0 0 0 0 0 0 0 
End-Effector Position: -8.52966e-17 3.01263e-17 1.261 
End-Effector Quaternion: 1 3.08149e-33 -6.12323e-17 -1.83697e-16 
Manipulability: 1.0488e-33
Manipulability Ellipsoid Eigenvalues: 2.59029e-33 3.15675e-32 1.04972 
Manipulability Ellipsoid Eigenvectors: 0 0.533691 0.845679 0 -0.845679 0.533691 1 0 0 
Force Ellipsoid Eigenvalues: 74.3374 1.35624e+32 7.03652e+33 
Force Ellipsoid Eigenvectors: 1 0 0 0 0.999997 -0.00238849 0 0.00238849 0.999997 
joint effort: 1.08054e-14 32.0545 9.24178e-15 -75.9432 1.07609e-14 0.599062 1.08778e-14 
----------------------------------------
time: 0.309000000
Joint Positions: 0 0 0 0 0 0 0 
End-Effector Position: -8.52966e-17 3.01263e-17 1.261 
End-Effector Quaternion: 1 3.08149e-33 -6.12323e-17 -1.83697e-16 
Manipulability: 1.0488e-33
Manipulability Ellipsoid Eigenvalues: 2.59029e-33 3.15675e-32 1.04972 
Manipulability Ellipsoid Eigenvectors: 0 0.533691 0.845679 0 -0.845679 0.533691 1 0 0 
Force Ellipsoid Eigenvalues: 74.3374 1.35624e+32 7.03652e+33 
Force Ellipsoid Eigenvectors: 1 0 0 0 0.999997 -0.00238849 0 0.00238849 0.999997 
joint effort: 1.08054e-14 32.0545 9.24178e-15 -75.9432 1.07609e-14 0.599062 1.08778e-14 
----------------------------------------
time: 0.314000000
Joint Positions: 0 0 0 0 0 0 0 
End-Effector Position: -8.52966e-17 3.01263e-17 1.261 
End-Effector Quaternion: 1 3.08149e-33 -6.12323e-17 -1.83697e-16 
Manipulability: 1.0488e-33
Manipulability Ellipsoid Eigenvalues: 2.59029e-33 3.15675e-32 1.04972 
Manipulability Ellipsoid Eigenvectors: 0 0.533691 0.845679 0 -0.845679 0.533691 1 0 0 
Force Ellipsoid Eigenvalues: 74.3374 1.35624e+32 7.03652e+33 
Force Ellipsoid Eigenvectors: 1 0 0 0 0.999997 -0.00238849 0 0.00238849 0.999997 
joint effort: 1.08054e-14 32.0545 9.24178e-15 -75.9432 1.07609e-14 0.599062 1.08778e-14 
----------------------------------------
time: 0.319000000
Joint Positions: 0 0 0 0 0 0 0 
End-Effector Position: -8.52966e-17 3.01263e-17 1.261 
End-Effector Quaternion: 1 3.08149e-33 -6.12323e-17 -1.83697e-16 
Manipulability: 1.0488e-33
Manipulability Ellipsoid Eigenvalues: 2.59029e-33 3.15675e-32 1.04972 
Manipulability Ellipsoid Eigenvectors: 0 0.533691 0.845679 0 -0.845679 0.533691 1 0 0 
Force Ellipsoid Eigenvalues: 74.3374 1.35624e+32 7.03652e+33 
Force Ellipsoid Eigenvectors: 1 0 0 0 0.999997 -0.00238849 0 0.00238849 0.999997 
joint effort: 1.08054e-14 32.0545 9.24178e-15 -75.9432 1.07609e-14 0.599062 1.08778e-14 
----------------------------------------
time: 0.324000000
Joint Positions: 0 0 0 0 0 0 0 
End-Effector Position: -8.52966e-17 3.01263e-17 1.261 
End-Effector Quaternion: 1 3.08149e-33 -6.12323e-17 -1.83697e-16 
Manipulability: 1.0488e-33
Manipulability Ellipsoid Eigenvalues: 2.59029e-33 3.15675e-32 1.04972 
Manipulability Ellipsoid Eigenvectors: 0 0.533691 0.845679 0 -0.845679 0.533691 1 0 0 
Force Ellipsoid Eigenvalues: 74.3374 1.35624e+32 7.03652e+33 
Force Ellipsoid Eigenvectors: 1 0 0 0 0.999997 -0.00238849 0 0.00238849 0.999997 
joint effort: 1.08054e-14 32.0545 9.24178e-15 -75.9432 1.07609e-14 0.599062 1.08778e-14 
----------------------------------------
time: 0.330000000
Joint Positions: 0 0 0 0 0 0 0 
End-Effector Position: -8.52966e-17 3.01263e-17 1.261 
End-Effector Quaternion: 1 3.08149e-33 -6.12323e-17 -1.83697e-16 
Manipulability: 1.0488e-33
Manipulability Ellipsoid Eigenvalues: 2.59029e-33 3.15675e-32 1.04972 
Manipulability Ellipsoid Eigenvectors: 0 0.533691 0.845679 0 -0.845679 0.533691 1 0 0 
Force Ellipsoid Eigenvalues: 74.3374 1.35624e+32 7.03652e+33 
Force Ellipsoid Eigenvectors: 1 0 0 0 0.999997 -0.00238849 0 0.00238849 0.999997 
joint effort: 1.08054e-14 32.0545 9.24178e-15 -75.9432 1.07609e-14 0.599062 1.08778e-14 
----------------------------------------
time: 0.334000000
Joint Positions: 0 0 0 0 0 0 0 
End-Effector Position: -8.52966e-17 3.01263e-17 1.261 
End-Effector Quaternion: 1 3.08149e-33 -6.12323e-17 -1.83697e-16 
Manipulability: 1.0488e-33
Manipulability Ellipsoid Eigenvalues: 2.59029e-33 3.15675e-32 1.04972 
Manipulability Ellipsoid Eigenvectors: 0 0.533691 0.845679 0 -0.845679 0.533691 1 0 0 
Force Ellipsoid Eigenvalues: 74.3374 1.35624e+32 7.03652e+33 
Force Ellipsoid Eigenvectors: 1 0 0 0 0.999997 -0.00238849 0 0.00238849 0.999997 
joint effort: 1.08054e-14 32.0545 9.24178e-15 -75.9432 1.07609e-14 0.599062 1.08778e-14 
----------------------------------------
time: 0.339000000
Joint Positions: 0 0 0 0 0 0 0 
End-Effector Position: -8.52966e-17 3.01263e-17 1.261 
End-Effector Quaternion: 1 3.08149e-33 -6.12323e-17 -1.83697e-16 
Manipulability: 1.0488e-33
Manipulability Ellipsoid Eigenvalues: 2.59029e-33 3.15675e-32 1.04972 
Manipulability Ellipsoid Eigenvectors: 0 0.533691 0.845679 0 -0.845679 0.533691 1 0 0 
Force Ellipsoid Eigenvalues: 74.3374 1.35624e+32 7.03652e+33 
Force Ellipsoid Eigenvectors: 1 0 0 0 0.999997 -0.00238849 0 0.00238849 0.999997 
joint effort: 1.08054e-14 32.0545 9.24178e-15 -75.9432 1.07609e-14 0.599062 1.08778e-14 
----------------------------------------
time: 0.344000000
Joint Positions: 0 0 0 0 0 0 0 
End-Effector Position: -8.52966e-17 3.01263e-17 1.261 
End-Effector Quaternion: 1 3.08149e-33 -6.12323e-17 -1.83697e-16 
Manipulability: 1.0488e-33
Manipulability Ellipsoid Eigenvalues: 2.59029e-33 3.15675e-32 1.04972 
Manipulability Ellipsoid Eigenvectors: 0 0.533691 0.845679 0 -0.845679 0.533691 1 0 0 
Force Ellipsoid Eigenvalues: 74.3374 1.35624e+32 7.03652e+33 
Force Ellipsoid Eigenvectors: 1 0 0 0 0.999997 -0.00238849 0 0.00238849 0.999997 
joint effort: 1.08054e-14 32.0545 9.24178e-15 -75.9432 1.07609e-14 0.599062 1.08778e-14 
----------------------------------------
time: 0.350000000
Joint Positions: 0 0 0 0 0 0 0 
End-Effector Position: -8.52966e-17 3.01263e-17 1.261 
End-Effector Quaternion: 1 3.08149e-33 -6.12323e-17 -1.83697e-16 
Manipulability: 1.0488e-33
Manipulability Ellipsoid Eigenvalues: 2.59029e-33 3.15675e-32 1.04972 
Manipulability Ellipsoid Eigenvectors: 0 0.533691 0.845679 0 -0.845679 0.533691 1 0 0 
Force Ellipsoid Eigenvalues: 74.3374 1.35624e+32 7.03652e+33 
Force Ellipsoid Eigenvectors: 1 0 0 0 0.999997 -0.00238849 0 0.00238849 0.999997 
joint effort: 1.08054e-14 32.0545 9.24178e-15 -75.9432 1.07609e-14 0.599062 1.08778e-14 
----------------------------------------
time: 0.354000000
Joint Positions: 0 0 0 0 0 0 0 
End-Effector Position: -8.52966e-17 3.01263e-17 1.261 
End-Effector Quaternion: 1 3.08149e-33 -6.12323e-17 -1.83697e-16 
Manipulability: 1.0488e-33
Manipulability Ellipsoid Eigenvalues: 2.59029e-33 3.15675e-32 1.04972 
Manipulability Ellipsoid Eigenvectors: 0 0.533691 0.845679 0 -0.845679 0.533691 1 0 0 
Force Ellipsoid Eigenvalues: 74.3374 1.35624e+32 7.03652e+33 
Force Ellipsoid Eigenvectors: 1 0 0 0 0.999997 -0.00238849 0 0.00238849 0.999997 
joint effort: 1.08054e-14 32.0545 9.24178e-15 -75.9432 1.07609e-14 0.599062 1.08778e-14 
----------------------------------------
time: 0.359000000
Joint Positions: 0 0 0 0 0 0 0 
End-Effector Position: -8.52966e-17 3.01263e-17 1.261 
End-Effector Quaternion: 1 3.08149e-33 -6.12323e-17 -1.83697e-16 
Manipulability: 1.0488e-33
Manipulability Ellipsoid Eigenvalues: 2.59029e-33 3.15675e-32 1.04972 
Manipulability Ellipsoid Eigenvectors: 0 0.533691 0.845679 0 -0.845679 0.533691 1 0 0 
Force Ellipsoid Eigenvalues: 74.3374 1.35624e+32 7.03652e+33 
Force Ellipsoid Eigenvectors: 1 0 0 0 0.999997 -0.00238849 0 0.00238849 0.999997 
joint effort: 1.08054e-14 32.0545 9.24178e-15 -75.9432 1.07609e-14 0.599062 1.08778e-14 
----------------------------------------
time: 0.364000000
Joint Positions: 0 0 0 0 0 0 0 
End-Effector Position: -8.52966e-17 3.01263e-17 1.261 
End-Effector Quaternion: 1 3.08149e-33 -6.12323e-17 -1.83697e-16 
Manipulability: 1.0488e-33
Manipulability Ellipsoid Eigenvalues: 2.59029e-33 3.15675e-32 1.04972 
Manipulability Ellipsoid Eigenvectors: 0 0.533691 0.845679 0 -0.845679 0.533691 1 0 0 
Force Ellipsoid Eigenvalues: 74.3374 1.35624e+32 7.03652e+33 
Force Ellipsoid Eigenvectors: 1 0 0 0 0.999997 -0.00238849 0 0.00238849 0.999997 
joint effort: 1.08054e-14 32.0545 9.24178e-15 -75.9432 1.07609e-14 0.599062 1.08778e-14 
----------------------------------------
time: 0.369000000
Joint Positions: 0 0 0 0 0 0 0 
End-Effector Position: -8.52966e-17 3.01263e-17 1.261 
End-Effector Quaternion: 1 3.08149e-33 -6.12323e-17 -1.83697e-16 
Manipulability: 1.0488e-33
Manipulability Ellipsoid Eigenvalues: 2.59029e-33 3.15675e-32 1.04972 
Manipulability Ellipsoid Eigenvectors: 0 0.533691 0.845679 0 -0.845679 0.533691 1 0 0 
Force Ellipsoid Eigenvalues: 74.3374 1.35624e+32 7.03652e+33 
Force Ellipsoid Eigenvectors: 1 0 0 0 0.999997 -0.00238849 0 0.00238849 0.999997 
joint effort: 1.08054e-14 32.0545 9.24178e-15 -75.9432 1.07609e-14 0.599062 1.08778e-14 
----------------------------------------
time: 0.374000000
Joint Positions: 0 0 0 0 0 0 0 
End-Effector Position: -8.52966e-17 3.01263e-17 1.261 
End-Effector Quaternion: 1 3.08149e-33 -6.12323e-17 -1.83697e-16 
Manipulability: 1.0488e-33
Manipulability Ellipsoid Eigenvalues: 2.59029e-33 3.15675e-32 1.04972 
Manipulability Ellipsoid Eigenvectors: 0 0.533691 0.845679 0 -0.845679 0.533691 1 0 0 
Force Ellipsoid Eigenvalues: 74.3374 1.35624e+32 7.03652e+33 
Force Ellipsoid Eigenvectors: 1 0 0 0 0.999997 -0.00238849 0 0.00238849 0.999997 
joint effort: 1.08054e-14 32.0545 9.24178e-15 -75.9432 1.07609e-14 0.599062 1.08778e-14 
----------------------------------------
time: 0.379000000
Joint Positions: 0 0 0 0 0 0 0 
End-Effector Position: -8.52966e-17 3.01263e-17 1.261 
End-Effector Quaternion: 1 3.08149e-33 -6.12323e-17 -1.83697e-16 
Manipulability: 1.0488e-33
Manipulability Ellipsoid Eigenvalues: 2.59029e-33 3.15675e-32 1.04972 
Manipulability Ellipsoid Eigenvectors: 0 0.533691 0.845679 0 -0.845679 0.533691 1 0 0 
Force Ellipsoid Eigenvalues: 74.3374 1.35624e+32 7.03652e+33 
Force Ellipsoid Eigenvectors: 1 0 0 0 0.999997 -0.00238849 0 0.00238849 0.999997 
joint effort: 1.08054e-14 32.0545 9.24178e-15 -75.9432 1.07609e-14 0.599062 1.08778e-14 
----------------------------------------
time: 0.385000000
Joint Positions: 0 0 0 0 0 0 0 
End-Effector Position: -8.52966e-17 3.01263e-17 1.261 
End-Effector Quaternion: 1 3.08149e-33 -6.12323e-17 -1.83697e-16 
Manipulability: 1.0488e-33
Manipulability Ellipsoid Eigenvalues: 2.59029e-33 3.15675e-32 1.04972 
Manipulability Ellipsoid Eigenvectors: 0 0.533691 0.845679 0 -0.845679 0.533691 1 0 0 
Force Ellipsoid Eigenvalues: 74.3374 1.35624e+32 7.03652e+33 
Force Ellipsoid Eigenvectors: 1 0 0 0 0.999997 -0.00238849 0 0.00238849 0.999997 
joint effort: 1.08054e-14 32.0545 9.24178e-15 -75.9432 1.07609e-14 0.599062 1.08778e-14 
----------------------------------------
time: 0.389000000
Joint Positions: 0 0 0 0 0 0 0 
End-Effector Position: -8.52966e-17 3.01263e-17 1.261 
End-Effector Quaternion: 1 3.08149e-33 -6.12323e-17 -1.83697e-16 
Manipulability: 1.0488e-33
Manipulability Ellipsoid Eigenvalues: 2.59029e-33 3.15675e-32 1.04972 
Manipulability Ellipsoid Eigenvectors: 0 0.533691 0.845679 0 -0.845679 0.533691 1 0 0 
Force Ellipsoid Eigenvalues: 74.3374 1.35624e+32 7.03652e+33 
Force Ellipsoid Eigenvectors: 1 0 0 0 0.999997 -0.00238849 0 0.00238849 0.999997 
joint effort: 1.08054e-14 32.0545 9.24178e-15 -75.9432 1.07609e-14 0.599062 1.08778e-14 
----------------------------------------
time: 0.395000000
Joint Positions: 0 0 0 0 0 0 0 
End-Effector Position: -8.52966e-17 3.01263e-17 1.261 
End-Effector Quaternion: 1 3.08149e-33 -6.12323e-17 -1.83697e-16 
Manipulability: 1.0488e-33
Manipulability Ellipsoid Eigenvalues: 2.59029e-33 3.15675e-32 1.04972 
Manipulability Ellipsoid Eigenvectors: 0 0.533691 0.845679 0 -0.845679 0.533691 1 0 0 
Force Ellipsoid Eigenvalues: 74.3374 1.35624e+32 7.03652e+33 
Force Ellipsoid Eigenvectors: 1 0 0 0 0.999997 -0.00238849 0 0.00238849 0.999997 
joint effort: 1.08054e-14 32.0545 9.24178e-15 -75.9432 1.07609e-14 0.599062 1.08778e-14 
----------------------------------------
time: 0.399000000
Joint Positions: 0 0 0 0 0 0 0 
End-Effector Position: -8.52966e-17 3.01263e-17 1.261 
End-Effector Quaternion: 1 3.08149e-33 -6.12323e-17 -1.83697e-16 
Manipulability: 1.0488e-33
Manipulability Ellipsoid Eigenvalues: 2.59029e-33 3.15675e-32 1.04972 
Manipulability Ellipsoid Eigenvectors: 0 0.533691 0.845679 0 -0.845679 0.533691 1 0 0 
Force Ellipsoid Eigenvalues: 74.3374 1.35624e+32 7.03652e+33 
Force Ellipsoid Eigenvectors: 1 0 0 0 0.999997 -0.00238849 0 0.00238849 0.999997 
joint effort: 1.08054e-14 32.0545 9.24178e-15 -75.9432 1.07609e-14 0.599062 1.08778e-14 
----------------------------------------
time: 0.405000000
Joint Positions: 0 0 0 0 0 0 0 
End-Effector Position: -8.52966e-17 3.01263e-17 1.261 
End-Effector Quaternion: 1 3.08149e-33 -6.12323e-17 -1.83697e-16 
Manipulability: 1.0488e-33
Manipulability Ellipsoid Eigenvalues: 2.59029e-33 3.15675e-32 1.04972 
Manipulability Ellipsoid Eigenvectors: 0 0.533691 0.845679 0 -0.845679 0.533691 1 0 0 
Force Ellipsoid Eigenvalues: 74.3374 1.35624e+32 7.03652e+33 
Force Ellipsoid Eigenvectors: 1 0 0 0 0.999997 -0.00238849 0 0.00238849 0.999997 
joint effort: 1.08054e-14 32.0545 9.24178e-15 -75.9432 1.07609e-14 0.599062 1.08778e-14 
----------------------------------------
time: 0.409000000
Joint Positions: 0 0 0 0 0 0 0 
End-Effector Position: -8.52966e-17 3.01263e-17 1.261 
End-Effector Quaternion: 1 3.08149e-33 -6.12323e-17 -1.83697e-16 
Manipulability: 1.0488e-33
Manipulability Ellipsoid Eigenvalues: 2.59029e-33 3.15675e-32 1.04972 
Manipulability Ellipsoid Eigenvectors: 0 0.533691 0.845679 0 -0.845679 0.533691 1 0 0 
Force Ellipsoid Eigenvalues: 74.3374 1.35624e+32 7.03652e+33 
Force Ellipsoid Eigenvectors: 1 0 0 0 0.999997 -0.00238849 0 0.00238849 0.999997 
joint effort: 1.08054e-14 32.0545 9.24178e-15 -75.9432 1.07609e-14 0.599062 1.08778e-14 
----------------------------------------
time: 0.414000000
Joint Positions: 0 0 0 0 0 0 0 
End-Effector Position: -8.52966e-17 3.01263e-17 1.261 
End-Effector Quaternion: 1 3.08149e-33 -6.12323e-17 -1.83697e-16 
Manipulability: 1.0488e-33
Manipulability Ellipsoid Eigenvalues: 2.59029e-33 3.15675e-32 1.04972 
Manipulability Ellipsoid Eigenvectors: 0 0.533691 0.845679 0 -0.845679 0.533691 1 0 0 
Force Ellipsoid Eigenvalues: 74.3374 1.35624e+32 7.03652e+33 
Force Ellipsoid Eigenvectors: 1 0 0 0 0.999997 -0.00238849 0 0.00238849 0.999997 
joint effort: 1.08054e-14 32.0545 9.24178e-15 -75.9432 1.07609e-14 0.599062 1.08778e-14 
----------------------------------------
time: 0.419000000
Joint Positions: 0 0 0 0 0 0 0 
End-Effector Position: -8.52966e-17 3.01263e-17 1.261 
End-Effector Quaternion: 1 3.08149e-33 -6.12323e-17 -1.83697e-16 
Manipulability: 1.0488e-33
Manipulability Ellipsoid Eigenvalues: 2.59029e-33 3.15675e-32 1.04972 
Manipulability Ellipsoid Eigenvectors: 0 0.533691 0.845679 0 -0.845679 0.533691 1 0 0 
Force Ellipsoid Eigenvalues: 74.3374 1.35624e+32 7.03652e+33 
Force Ellipsoid Eigenvectors: 1 0 0 0 0.999997 -0.00238849 0 0.00238849 0.999997 
joint effort: 1.08054e-14 32.0545 9.24178e-15 -75.9432 1.07609e-14 0.599062 1.08778e-14 
----------------------------------------
time: 0.424000000
Joint Positions: 0 0 0 0 0 0 0 
End-Effector Position: -8.52966e-17 3.01263e-17 1.261 
End-Effector Quaternion: 1 3.08149e-33 -6.12323e-17 -1.83697e-16 
Manipulability: 1.0488e-33
Manipulability Ellipsoid Eigenvalues: 2.59029e-33 3.15675e-32 1.04972 
Manipulability Ellipsoid Eigenvectors: 0 0.533691 0.845679 0 -0.845679 0.533691 1 0 0 
Force Ellipsoid Eigenvalues: 74.3374 1.35624e+32 7.03652e+33 
Force Ellipsoid Eigenvectors: 1 0 0 0 0.999997 -0.00238849 0 0.00238849 0.999997 
joint effort: 1.08054e-14 32.0545 9.24178e-15 -75.9432 1.07609e-14 0.599062 1.08778e-14 
----------------------------------------
time: 0.429000000
Joint Positions: 0 0 0 0 0 0 0 
End-Effector Position: -8.52966e-17 3.01263e-17 1.261 
End-Effector Quaternion: 1 3.08149e-33 -6.12323e-17 -1.83697e-16 
Manipulability: 1.0488e-33
Manipulability Ellipsoid Eigenvalues: 2.59029e-33 3.15675e-32 1.04972 
Manipulability Ellipsoid Eigenvectors: 0 0.533691 0.845679 0 -0.845679 0.533691 1 0 0 
Force Ellipsoid Eigenvalues: 74.3374 1.35624e+32 7.03652e+33 
Force Ellipsoid Eigenvectors: 1 0 0 0 0.999997 -0.00238849 0 0.00238849 0.999997 
joint effort: 1.08054e-14 32.0545 9.24178e-15 -75.9432 1.07609e-14 0.599062 1.08778e-14 
----------------------------------------
time: 0.434000000
Joint Positions: 0 0 0 0 0 0 0 
End-Effector Position: -8.52966e-17 3.01263e-17 1.261 
End-Effector Quaternion: 1 3.08149e-33 -6.12323e-17 -1.83697e-16 
Manipulability: 1.0488e-33
Manipulability Ellipsoid Eigenvalues: 2.59029e-33 3.15675e-32 1.04972 
Manipulability Ellipsoid Eigenvectors: 0 0.533691 0.845679 0 -0.845679 0.533691 1 0 0 
Force Ellipsoid Eigenvalues: 74.3374 1.35624e+32 7.03652e+33 
Force Ellipsoid Eigenvectors: 1 0 0 0 0.999997 -0.00238849 0 0.00238849 0.999997 
joint effort: 1.08054e-14 32.0545 9.24178e-15 -75.9432 1.07609e-14 0.599062 1.08778e-14 
----------------------------------------
time: 0.440000000
Joint Positions: 0 0 0 0 0 0 0 
End-Effector Position: -8.52966e-17 3.01263e-17 1.261 
End-Effector Quaternion: 1 3.08149e-33 -6.12323e-17 -1.83697e-16 
Manipulability: 1.0488e-33
Manipulability Ellipsoid Eigenvalues: 2.59029e-33 3.15675e-32 1.04972 
Manipulability Ellipsoid Eigenvectors: 0 0.533691 0.845679 0 -0.845679 0.533691 1 0 0 
Force Ellipsoid Eigenvalues: 74.3374 1.35624e+32 7.03652e+33 
Force Ellipsoid Eigenvectors: 1 0 0 0 0.999997 -0.00238849 0 0.00238849 0.999997 
joint effort: 1.08054e-14 32.0545 9.24178e-15 -75.9432 1.07609e-14 0.599062 1.08778e-14 
----------------------------------------
time: 0.445000000
Joint Positions: -0.000999051 -0.00474134 -0.00163391 -0.022078 -0.0012081 -0.0178016 0.00382243 
End-Effector Position: 0.00490529 -1.8153e-05 1.26094 
End-Effector Quaternion: 1 -7.48889e-06 -0.00023244 -9.21608e-06 
Manipulability: 4.12084e-05
Manipulability Ellipsoid Eigenvalues: 1.45832e-05 0.000110941 1.0496 
Manipulability Ellipsoid Eigenvectors: 0.00732996 -0.0258622 0.999639 0.00156677 0.999665 0.0258514 0.999972 -0.00137671 -0.00736802 
Force Ellipsoid Eigenvalues: 0.95274 9013.8 68571.9 
Force Ellipsoid Eigenvectors: -0.999972 0.00137671 0.00736802 0.00156677 0.999665 0.0258514 -0.00732996 0.0258622 -0.999639 
joint effort: 1.08054e-14 32.0545 9.24178e-15 -75.9432 1.07609e-14 0.599062 1.08778e-14 
----------------------------------------
time: 0.450000000
Joint Positions: -0.00108997 -0.0050341 -0.00190257 -0.0244761 -0.00129364 -0.0199603 0.00426341 
End-Effector Position: 0.00561999 -2.33553e-05 1.26092 
End-Effector Quaternion: 1 -8.8936e-06 -0.000259119 -1.12502e-05 
Manipulability: 5.09065e-05
Manipulability Ellipsoid Eigenvalues: 1.78769e-05 0.000138115 1.04958 
Manipulability Ellipsoid Eigenvectors: 0.00832129 -0.026734 0.999608 0.00175199 0.999641 0.0267203 0.999964 -0.00152896 -0.00836514 
Force Ellipsoid Eigenvalues: 0.952765 7240.37 55938 
Force Ellipsoid Eigenvectors: -0.999964 0.00152896 0.00836514 0.00175199 0.999641 0.0267203 -0.00832129 0.026734 -0.999608 
joint effort: 0.312151 27.1864 0.957037 -65.4014 -0.348484 3.232 -1.04317 
----------------------------------------
time: 0.455000000
Joint Positions: -0.00134541 -0.00537587 -0.0017032 -0.0280215 -0.00120764 -0.0232293 0.0042214 
End-Effector Position: 0.00675231 -2.65617e-05 1.26089 
End-Effector Quaternion: 1 -1.03316e-05 -0.000291789 -1.72539e-05 
Manipulability: 6.72648e-05
Manipulability Ellipsoid Eigenvalues: 2.34021e-05 0.000184215 1.04953 
Manipulability Ellipsoid Eigenvectors: 0.00988412 -0.0203822 0.999743 0.00194037 0.999791 0.020364 0.999949 -0.0017386 -0.0099216 
Force Ellipsoid Eigenvalues: 0.952806 5428.43 42731.3 
Force Ellipsoid Eigenvectors: -0.999949 0.0017386 0.0099216 0.00194037 0.999791 0.020364 -0.00988412 0.0203822 -0.999743 
joint effort: 0.332166 26.7489 1.0334 -65.0524 -0.454152 3.24014 -1.0473 
----------------------------------------
time: 0.459000000
Joint Positions: -0.00171577 -0.00551605 -0.00042668 -0.0302558 -0.000998114 -0.0253374 0.00308815 
End-Effector Position: 0.00752972 -1.62041e-05 1.26087 
End-Effector Quaternion: 1 -1.2099e-05 -0.000298788 -2.60481e-05 
Manipulability: 7.88867e-05
Manipulability Ellipsoid Eigenvalues: 2.7303e-05 0.000217177 1.0495 
Manipulability Ellipsoid Eigenvectors: 0.0109642 -0.00439154 0.99993 0.0018666 0.999989 0.00437133 0.999938 -0.00181854 -0.0109722 
Force Ellipsoid Eigenvalues: 0.952835 4604.53 36626 
